1.028518486383263 7.751860305130556 5.426535916931551
1.028518486383263 2.8186842150092244 2.341386642926871
1.028518486383263 4.197219334222801 4.0697550109395255
1.028518486383263 7.094864463195332 5.772864750412886
1.028518486383263 7.724262169505328 5.884589139711434
1.028518486383263 7.487481358002446 6.7188831564909295
1.028518486383263 4.313458028976552 4.226516242453702
1.028518486383263 4.969279067291929 4.759229421112136
1.028518486383263 5.316616857376392 5.243491394646009
1.028518486383263 6.780861310948829 6.500542541760706
1.028518486383263 7.068238079189493 6.278939726184781
1.028518486383263 7.387914097205069 6.767014984201398
1.028518486383263 7.640082324880913 7.08572303289699
1.028518486383263 7.716136155809332 6.918054451985017
1.028518486383263 7.553310494835456 6.5245949100415865
1.028518486383263 7.457660776813309 5.421355749768367
1.028518486383263 6.290967558738721 5.810606741918557
1.028518486383263 6.003880844920879 5.9009665449229685
1.028518486383263 6.349063691110768 5.7379822728232295
1.028518486383263 5.294115715779537 4.035820468441759
1.028518486383263 7.723200378050523 7.31375547227885
1.028518486383263 5.879840218238908 5.683368207651907
1.028518486383263 6.263633725159256 5.253414226199535
1.028518486383263 7.639856449729679 6.283267343633611
1.028518486383263 4.579311714979635 3.238647338252645
