0.9055683468916595 7.657759745544329 5.43229736778077
0.9055683468916595 6.650481870601794 6.362361927054184
0.9055683468916595 6.551561906469871 6.414365724973302
0.9055683468916595 6.65375245516509 5.197781795819445
0.9055683468916595 6.631711824537227 5.621302262547697
0.9055683468916595 6.696236549389685 5.572729020237011
0.9055683468916595 6.414901488660821 6.29301291346751
0.9055683468916595 4.566156536318104 4.442914863756374
0.9055683468916595 3.1274367087008277 3.0329847786614113
0.9055683468916595 5.292709010285645 4.2685081310814
0.9055683468916595 7.311494610612749 6.33717209307354
0.9055683468916595 7.468055104434978 5.265744599218453
0.9055683468916595 6.8302202173958655 4.915356701837349
0.9055683468916595 6.602458504856184 4.676392764024618
0.9055683468916595 6.663538841070313 6.588200487116718
0.9055683468916595 4.294954415367069 4.179661008804007
0.9055683468916595 7.212409842599584 4.955127386241871
0.9055683468916595 7.444053871628849 5.3766114168701975
0.9055683468916595 4.2831247710889855 3.8523659771987826
0.9055683468916595 6.077068420199815 5.883723313731765
0.9055683468916595 7.749628059264836 6.9809768543809465
0.9055683468916595 6.868525380929622 6.286879617408834
0.9055683468916595 5.678709962753391 4.752916059082715
0.9055683468916595 4.597560920628158 3.86929152420908
0.9055683468916595 6.346923989984813 5.410682637066765
