0.4471872758074338 7.739369462648769 5.4003759442874335
0.4471872758074338 2.9467514906878916 2.9015461304498142
0.4471872758074338 6.779182611898362 6.171064217028101
0.4471872758074338 6.440047306325571 4.4068664347061475
0.4471872758074338 6.145834930237516 5.154953807713218
0.4471872758074338 7.180824602702135 6.712099064267724
0.4471872758074338 6.322398227828863 4.961192346601115
0.4471872758074338 7.468631585589446 5.75911834429814
0.4471872758074338 6.4352889918613485 5.454843384364597
0.4471872758074338 4.5592901616098445 3.274271791971449
0.4471872758074338 4.255985030043718 4.206354922039118
0.4471872758074338 7.432652648634145 5.970477382587301
0.4471872758074338 7.87137297149393 6.776026452797887
0.4471872758074338 4.468521069226163 4.030872356838124
0.4471872758074338 4.536833228920951 4.2865066732489865
0.4471872758074338 7.191980998885164 5.767408371300579
0.4471872758074338 5.525083141514504 5.254871455537019
0.4471872758074338 6.55514050900765 4.613813548489425
0.4471872758074338 7.473902295371209 6.762154855168964
0.4471872758074338 7.364650581681637 6.4443698833158445
0.4471872758074338 5.351631979034501 4.715702806805904
0.4471872758074338 6.5792412082721015 6.239779819036237
0.4471872758074338 5.69976685520048 4.45067117021654
0.4471872758074338 7.101976984475 6.810353833159517
0.4471872758074338 6.428170630011696 5.6937337478579515
