0.8209602416778492 7.784114156989137 5.58235182423434
0.8209602416778492 8.216314305323738 7.3524227361378465
0.8209602416778492 7.575989719999869 6.149206131793497
0.8209602416778492 7.575663812688726 5.672709406478466
0.8209602416778492 6.483825494293171 5.9494430405161935
0.8209602416778492 5.892389431820337 4.2673503669978565
0.8209602416778492 6.224851500204945 6.057814977847649
0.8209602416778492 6.1544025337455 5.977117404938013
0.8209602416778492 5.663120171455152 4.431145380201644
0.8209602416778492 6.961632513325556 5.67531641102131
0.8209602416778492 6.9922244406712615 6.2710161474158745
0.8209602416778492 6.260921078908876 4.537707218639802
0.8209602416778492 6.3174891004027245 4.790758629226514
0.8209602416778492 5.737618796040106 5.424939934059007
0.8209602416778492 4.970691365471293 4.61724611058817
0.8209602416778492 6.156461805105295 5.744717610555845
0.8209602416778492 7.457872735837109 6.756048588419239
0.8209602416778492 6.672339114604522 6.249854709993875
0.8209602416778492 7.639714172282265 6.703023565030086
0.8209602416778492 6.666563331199939 6.189830307586386
0.8209602416778492 6.758763917144776 5.569381931188567
0.8209602416778492 6.279715359894659 6.013610617318367
0.8209602416778492 6.4023747199459855 5.220564152196879
0.8209602416778492 6.253421723969822 4.770378823811538
0.8209602416778492 7.57878289296994 6.672233478017291
