0.965968425514959 7.65524014128264 5.57148113248976
0.965968425514959 6.627058695506001 4.9868851552631295
0.965968425514959 6.2000831440524244 4.572166974467279
0.965968425514959 6.513930056959882 5.927795743009775
0.965968425514959 5.724006877717898 4.711888857237085
0.965968425514959 4.5765230844630445 4.314304655069948
0.965968425514959 6.169615480960019 5.863291436575798
0.965968425514959 5.082682417007096 4.48487563882739
0.965968425514959 7.734148996817044 5.736735456030877
0.965968425514959 6.525394065982805 5.396010446055998
0.965968425514959 4.22472922385079 3.9833856640563874
0.965968425514959 6.572721817643462 6.337640810541651
0.965968425514959 6.663216090657084 5.490061169306192
0.965968425514959 6.271464874012313 5.370029885241774
0.965968425514959 7.292197948441032 5.448232714993749
0.965968425514959 6.571552365004727 5.352750572315653
0.965968425514959 7.7219324574890695 6.34610510676602
0.965968425514959 6.573626158682309 4.810550368937076
0.965968425514959 5.629456724159791 5.503776961540796
0.965968425514959 7.016239132130064 6.10217302423494
0.965968425514959 7.19598221977888 6.521844405651707
0.965968425514959 6.609849986311378 6.417225732847081
0.965968425514959 7.406641989258057 5.6097431659815875
0.965968425514959 6.3453537233276585 5.06890787014879
0.965968425514959 4.635551439390614 4.563244320115355
