1.347715208513446 7.647787829502848 5.347525480977318
1.347715208513446 5.650392009459669 5.405090760859375
1.347715208513446 3.738328493971338 3.667191906968365
1.347715208513446 6.490149870054054 4.87740439117821
1.347715208513446 5.429541929513196 4.651331152551773
1.347715208513446 7.742493400274762 5.816737842004123
1.347715208513446 5.635855567258687 5.500058760185197
1.347715208513446 7.6602976286021 5.551237509984126
1.347715208513446 6.6646460112585615 6.216192681104143
1.347715208513446 6.372395891102965 6.069379991390352
1.347715208513446 6.602627582159624 5.192285683473432
1.347715208513446 6.535232792130053 6.148393597107235
1.347715208513446 6.083605438800568 5.784234741681977
1.347715208513446 3.8246600321892505 3.544108506598361
1.347715208513446 2.9438332995121823 2.917250543485197
1.347715208513446 6.156368392560992 5.357634282227264
1.347715208513446 6.303450612793721 5.863702593459188
1.347715208513446 5.320399643080059 4.00492238816397
1.347715208513446 3.8875921975230843 3.466355637741753
1.347715208513446 6.702734942731379 6.628519567697839
1.347715208513446 7.629891579602164 5.584672179440347
1.347715208513446 5.0319405906179355 4.0348784956824195
1.347715208513446 7.620440500904174 5.602317718926347
1.347715208513446 4.742250814179879 4.62745898444278
1.347715208513446 3.900220068790212 3.765463149002138
