2.740050299165081 7.684756706094118 5.54488254767862
2.740050299165081 6.164504102305038 6.09670218473803
2.740050299165081 3.631995924065301 3.28464011712565
2.740050299165081 6.5134225634568 6.232505266335455
2.740050299165081 7.720048554145706 6.840681933169481
2.740050299165081 7.534620280248985 6.990368690101718
1.9279165926743116 6.284361736846179 4.070696050383429
1.9279165926743116 5.395432635704516 4.579018397026651
1.9279165926743116 4.462597911781646 3.969148268133082
1.9279165926743116 3.629528011310239 3.452954004948188
1.9279165926743116 7.721930168065683 6.301037655228211
1.9279165926743116 7.4242755669016915 5.964023366034769
1.9279165926743116 5.627322210193725 4.969931141326409
1.9279165926743116 5.848732166815136 5.215288324058013
1.9279165926743116 6.557725817233969 6.226165073736298
1.9279165926743116 4.561463880459602 4.004734458658285
1.9279165926743116 7.550717780453308 5.783835878803951
1.9279165926743116 7.128528121005244 5.688362381100705
1.9279165926743116 6.592203580381856 5.819960399532774
1.0942738982718159 6.019898140147681 3.5654224461537734
1.0942738982718159 7.222794307399308 6.865345141837753
1.0942738982718159 6.572110240931867 6.438964624252595
1.0942738982718159 7.771108505514089 7.24958966063904
1.0942738982718159 6.610621172514659 6.302228916721152
1.0942738982718159 7.774241056786723 5.359983510962897
