2.8228915728885906 7.7549409167447685 5.37039641711989
2.8228915728885906 7.53570737094795 7.226117871590479
2.8228915728885906 7.65569150373873 6.747798726925404
2.8228915728885906 7.074016824719337 6.839901320188517
2.8228915728885906 4.558850232658873 4.012303268314787
2.8228915728885906 5.515361523143213 5.018029603218294
2.8228915728885906 6.6181966298404085 6.487557902567005
2.8228915728885906 5.848587756464614 5.1000731875171565
2.8228915728885906 6.330877846796582 4.550495175522289
2.8228915728885906 6.30117295384337 6.035021214175677
2.8228915728885906 7.5915558597880075 6.602629490236128
2.8228915728885906 5.72079639545732 5.6841670356062854
2.8228915728885906 6.582155114639811 5.7152294315797745
2.8228915728885906 6.03860895550126 5.913091528627855
2.8228915728885906 6.079831010980932 6.031050873335119
2.8228915728885906 6.108127507718123 5.69695115612492
2.8228915728885906 3.889997069263345 3.7674434275158535
2.8228915728885906 6.368859210659757 6.104704280206926
2.8228915728885906 6.6520536165879385 5.003579011749364
2.8228915728885906 5.533390024985284 4.789850993308082
2.8228915728885906 6.416131341013205 6.099980586506881
2.8228915728885906 6.368735143057624 6.075014620304512
2.8228915728885906 6.894351274200522 6.733420373667067
2.8228915728885906 6.250424444288068 5.9418144395041566
2.8228915728885906 7.648320014839033 6.06335401177537
