2.6776492657145963 7.6609747989603445 5.481269246816629
2.6776492657145963 6.445743365237963 5.360670788026095
2.6776492657145963 4.76530002709951 4.643732426560174
2.6776492657145963 6.665351755512823 6.548001808621664
2.6776492657145963 5.241803739362503 4.182767605719591
2.6776492657145963 5.55159399732808 4.81803285144987
2.6776492657145963 7.695711746783141 6.543118775027044
2.6776492657145963 7.266831207498015 5.682302160275624
2.6776492657145963 6.509882783159945 4.620458233348796
2.6776492657145963 7.608995662230621 6.197956633088134
2.6776492657145963 6.247674451584775 5.023457153340592
2.6776492657145963 6.110485795276169 5.869875849430708
2.6776492657145963 7.648796371454242 6.407470903108692
2.6776492657145963 4.051705467385165 3.739142473566133
2.6776492657145963 6.666699322102836 4.767483627221506
2.6776492657145963 7.424095585913314 6.800660730751381
2.6776492657145963 6.789145772696655 5.4755452159020805
2.6776492657145963 5.965996905679056 5.783312099564296
2.6776492657145963 7.373421542966245 5.289964295847579
2.6776492657145963 5.649050901433597 4.757375938382226
2.6776492657145963 6.37558670158645 6.05445885940107
2.6776492657145963 6.256656791269307 6.1525432479651245
2.6776492657145963 7.678862940226431 5.827911451786085
2.6776492657145963 6.552861554113566 5.734610171403638
2.6776492657145963 5.66288518525538 5.260784590925327
