1.0615712060781068 7.761087754987269 5.501520133246321
1.0615712060781068 5.99886654990479 5.178786456666939
1.0615712060781068 6.107954750309943 5.229916177499559
1.0615712060781068 7.140613186079776 6.2628981790436695
1.0615712060781068 5.533235934495448 5.3189586592389295
1.0615712060781068 7.2722766530215885 6.352898252706003
1.0615712060781068 6.353023733117087 5.332549720402918
1.0615712060781068 5.991381336477772 5.538398197040911
1.0615712060781068 6.575349331336437 5.531947241563617
1.0615712060781068 6.754552807310851 5.540342062655505
1.0615712060781068 5.565233491543022 5.155431391617012
1.0615712060781068 6.595937462898657 6.368912849711113
1.0615712060781068 6.452129121379102 5.264809133626957
1.0615712060781068 7.706494748158187 6.024281424777098
1.0615712060781068 4.557190453525386 3.862706236946801
1.0615712060781068 4.792281373996499 4.627190519490864
1.0615712060781068 6.383522134958252 6.157551370097409
1.0615712060781068 6.3056695381150725 6.201218398205875
1.0615712060781068 6.7807722119453455 6.41798173360434
1.0615712060781068 7.675411091347607 7.043869487253297
1.0615712060781068 7.458782863518838 6.603089873784375
1.0615712060781068 7.547212966954321 5.577306351333045
1.0615712060781068 7.647878065841093 6.605879570310403
1.0615712060781068 6.662696035522931 6.443163928408188
1.0615712060781068 7.715554346723096 7.1359239246988695
