0.572966173288386 7.752825911685948 5.765698745093767
0.572966173288386 6.857745895406554 5.8444941668890555
0.572966173288386 4.541919915910455 4.326473436154893
0.572966173288386 6.364469473217543 5.978151980666024
0.572966173288386 5.7134970830019505 4.628339530798819
0.572966173288386 6.228275748792697 5.4708044646881095
0.572966173288386 7.5607259725617535 7.012060728387407
0.572966173288386 6.520456954022169 6.212471795894699
0.572966173288386 5.112029831857534 4.8750777311014275
0.572966173288386 6.056444226946926 5.898023455588689
0.572966173288386 6.649989354603292 5.796441850639151
0.572966173288386 7.25126036118459 6.778440701068296
0.572966173288386 7.338439071834241 5.208376565029873
0.572966173288386 7.421570453960383 7.25543438707446
0.572966173288386 7.092498097651077 6.689822046204316
0.572966173288386 7.111069436357955 6.652278129791621
0.572966173288386 6.595539093559815 5.592913805876774
0.572966173288386 4.519616385052053 3.8498815305642267
0.572966173288386 6.20409915380996 6.018156418272799
0.572966173288386 6.463337487195439 4.772328222756645
0.572966173288386 5.424507085872282 4.281674760076016
0.572966173288386 7.49038387908465 4.257347582526487
0.572966173288386 7.748285106329316 6.404674433150104
0.572966173288386 6.449934591781197 5.478332427573307
0.572966173288386 5.628521622981452 4.760248483052153
