2.644804015882546 7.6446245465603155 5.422340621510069
2.644804015882546 7.527103244938896 4.800934633075659
2.644804015882546 6.512797958019043 5.004755445212495
2.644804015882546 6.512797958019043 4.972481100174065
2.644804015882546 6.100822453509508 4.907995162463316
2.644804015882546 5.92146314389646 4.916718254814737
2.644804015882546 5.553464330808858 4.26808708214508
2.644804015882546 5.553464330808858 4.211328145608017
2.644804015882546 5.44560496825547 4.736561387376216
2.8057657797141364 6.5006780942590225 4.1185968216278654
4.230717882651376 6.5006780942590225 3.8402389576892735
2.910564742586143 6.5006780942590225 4.423886958530922
2.910564742586143 7.069430059349786 4.9780157607817515
3.868423574962048 7.069430059349786 3.940914058693332
2.910564742586143 6.311725096410978 4.359336264075214
2.910564742586143 6.311725096410978 3.965165024161862
2.910564742586143 3.868423574962048 3.5409167785771176
2.910564742586143 4.974226406788702 3.5290055764505825
2.910564742586143 6.00510830746882 4.555909138321056
2.910564742586143 7.7613264881769 5.592550038665569
6.041762922701132 7.7613264881769 4.4894029096646895
6.041762922701132 6.40638395105146 4.465532323944835
6.041762922701132 7.719450979132645 5.930362774274881
4.418745312873767 7.719450979132645 3.9147430592155272
3.493134676656411 7.302651207220643 5.711303875835259
3.493134676656411 7.529267948822602 6.301043446671572
3.493134676656411 7.305333031534664 5.50172713611639
3.493134676656411 7.611184364446622 5.421778813156362
3.493134676656411 7.611184364446622 5.384599849404306
3.493134676656411 7.611184364446622 5.316429361625657
3.493134676656411 6.067344235552508 4.885043777146298
3.493134676656411 7.512653829895687 5.824386328524772
0.5909403539061739 6.067344235552508 2.837179418071646
0.5909403539061739 7.050214283695924 4.784693312798406
0.5909403539061739 5.669233012554816 2.821539174234993
0.07642882431427411 3.1516153172456964 1.460619226672015
0.07642882431427411 5.233333259359487 3.46763112602346
3.2446488576759944 4.921466426207175 2.1113446171092933
0.07642882431427411 3.2446488576759944 1.9085389033004219
0.07642882431427411 6.773393108475373 2.3533966809290496
5.521828300494057 2.9999280679372373 1.362768491508379
5.521828300494057 6.769392747557221 3.8124884588245664
0.07642882431427411 5.521828300494057 2.6356397221822436
2.615545341884357 4.440418363195544 1.6145613136771877
4.974172748604328 2.615545341884357 0.33034047607128214
5.0000858009588995 4.906768725385277 3.402402034878333
2.6648322720657203 5.914018651234805 4.457392637848882
5.553374160119532 5.0000858009588995 3.5104848962277373
5.553374160119532 2.70315974919172 2.2564943085726337
5.553374160119532 5.244021101931185 3.550291926966906
0.10792906559316551 6.064848456740595 3.5143966515610545
0.10792906559316551 2.6872829140844563 1.1396706049896825
0.10792906559316551 2.619778699550402 1.112668919176061
0.10792906559316551 3.124574051829367 1.4150610454459371
0.10792906559316551 5.673250415299012 3.665068728446808
0.10792906559316551 7.538047900557601 5.142649113835614
0.10792906559316551 7.538047900557601 4.524090824354643
0.10792906559316551 6.02658465468544 1.306631059790194
0.10792906559316551 6.02658465468544 0.3190613495197994
0.1657946805221262 3.861840995983965 1.6790038838923567
0.1657946805221262 2.721818734522579 2.4067583623991866
5.5303804433211745 2.721818734522579 1.052156980214282
0.1657946805221262 5.679252790121929 3.4809455120696606
0.1657946805221262 5.5303804433211745 1.3553760795823866
0.1657946805221262 6.467034861562677 2.7186723011714133
0.1657946805221262 5.186129450627114 3.6212356136638455
0.1657946805221262 5.01443519964948 2.747054290567973
0.1657946805221262 4.402749390796767 3.3001365387422434
0.1657946805221262 6.225898018149479 2.5438758401631345
0.1657946805221262 6.480792537793267 3.8663282246686492
0.1657946805221262 3.2566746837801905 1.02459965837108
0.15110132757283568 4.3237675069627635 1.6666997907829986
0.8538589373964851 4.261211472636308 2.007969888580004
0.15110132757283568 2.6985216739767783 1.4506188362826997
0.8538589373964851 1.826139040054969 0.7568066925719111
0.8538589373964851 5.213391495302851 3.3521302132624924
0.8538589373964851 6.334702961232868 4.140442152484007
0.8538589373964851 2.4679652661141387 0.9781453285640392
0.8538589373964851 3.239614469387839 2.1782799044493437
0.8538589373964851 3.239614469387839 0.28855237796641603
0.8538589373964851 5.402210341143597 2.9764546538011207
0.8538589373964851 6.367649440467165 3.011787363276876
0.8538589373964851 3.045747805481476 2.5105402489278323
1.8112368163712245 6.4003767719820885 4.062007976623732
0.8538589373964851 6.4003767719820885 3.021610022075575
0.8538589373964851 6.6145692463251535 4.270224472769195
0.8538589373964851 7.678340037359076 5.240858178415974
0.8538589373964851 7.384587789975576 4.788770758848016
0.8538589373964851 6.098138988116016 4.648214483627414
2.937573722140709 5.529319227229752 3.089229510885408
2.937573722140709 7.263681673852801 3.3126969543754154
2.937573722140709 6.804729119197397 4.928127773823577
2.937573722140709 6.804729119197397 4.29907306424315
2.937573722140709 6.804729119197397 4.78058247149487
2.937573722140709 6.804729119197397 5.001035404935741
2.937573722140709 9.252670154776421 7.927963646886358
2.937573722140709 7.259909671246602 4.737462356188935
2.937573722140709 6.630486866216547 5.9656140830906175
2.937573722140709 7.210913804996924 6.272862477770339
2.937573722140709 7.341864729754526 5.285413632601069
