3.538081531754831 7.667410704635294 5.730076478134465
3.538081531754831 7.497647728610502 4.2852664272614645
3.538081531754831 6.982125599197387 4.318773121384789
3.538081531754831 6.1764747228798775 5.058263413303075
3.538081531754831 7.165912388318716 5.328352670806246
3.538081531754831 7.4915927385759264 4.792470525988545
3.538081531754831 7.572737255793079 6.031218219394521
3.538081531754831 7.572737255793079 5.782171176630244
3.538081531754831 7.012213799205323 6.6061993198683675
3.538081531754831 9.23641475709148 7.190213412510118
3.538081531754831 9.23641475709148 5.397482054220923
3.538081531754831 6.305012319329716 5.0451913761276135
3.538081531754831 6.305012319329716 4.105501797232123
3.538081531754831 6.305012319329716 4.092801590518693
3.538081531754831 7.67727658830543 4.898666328120798
3.538081531754831 7.67727658830543 4.750678427524897
3.538081531754831 7.67727658830543 5.8174430500585785
3.538081531754831 6.971071783877722 5.4723939885180535
3.538081531754831 6.718232295637293 4.6904504050431015
3.538081531754831 5.401066762264918 5.042799887273002
3.538081531754831 5.401066762264918 4.282009734877285
3.538081531754831 5.631284021471206 4.796551505099478
3.538081531754831 6.008619921196839 5.465733647125369
3.538081531754831 7.055269293573401 6.301372790126638
3.538081531754831 7.055269293573401 5.449767598520964
3.538081531754831 6.3039676628885 5.348148078254215
3.538081531754831 8.684897083506943 6.821645041800585
3.538081531754831 8.684897083506943 6.0070786335214565
3.538081531754831 6.386173322372102 6.1867900206726
3.538081531754831 6.647741154098174 6.305668695604296
3.538081531754831 6.647741154098174 5.420437866060582
3.538081531754831 6.309219991719782 4.651088328007136
3.538081531754831 7.131567187361773 5.872088637836388
3.538081531754831 7.49106134588283 6.637152881065243
3.538081531754831 7.49106134588283 5.2279737787004485
3.538081531754831 3.7090251711635145 5.3309701358677115
3.538081531754831 7.545280310516429 5.571745443360943
3.538081531754831 7.545280310516429 5.579966971273747
4.893954888296918 6.973486823672372 2.9940557641563315
1.2772611524136228 4.893954888296918 3.2565538967089918
1.2772611524136228 6.0464106965411695 4.313026369368531
1.2772611524136228 6.0464106965411695 4.110865700819124
1.2772611524136228 6.278623021399685 5.040728901686317
1.2772611524136228 6.278623021399685 2.2198282983346744
1.2772611524136228 4.155586943969347 3.3647627311652815
3.2663313602444615 5.684279720120124 3.0361426087957324
5.764789616464483 4.600557504804261 3.5553400670777724
5.764789616464483 6.147625944939751 5.2079765752734986
5.764789616464483 6.147625944939751 4.447126222933316
5.764789616464483 6.868404146897015 4.125427716378029
5.764789616464483 4.807192016602947 4.342988759023307
5.764789616464483 6.261089017063835 4.495081405108283
5.764789616464483 7.750658991001815 5.6076319857906824
5.764789616464483 7.750658991001815 4.310633160813281
5.764789616464483 6.1996600509582755 5.356258235541653
3.425215875495216 6.1996600509582755 4.075666966734405
2.6802022638923266 6.406559799210658 4.288448076554464
2.7842418431321403 5.462795905160764 5.139228124867525
2.7842418431321403 5.5028819662681805 4.800960930015404
2.7842418431321403 6.438083402818979 5.332569420976751
2.7842418431321403 5.443636343041849 4.413531562057964
2.7842418431321403 6.551732570097901 4.942929516964726
2.7842418431321403 5.960306361967479 5.022852068142559
2.7842418431321403 5.960306361967479 4.932805360278525
2.7842418431321403 7.6988317927995755 6.371164327985807
7.071603607453106 8.329768247352781 4.525635022900497
0.36788723250166244 7.071603607453106 3.474471370024775
0.36788723250166244 5.9735993751090355 4.770317748341908
0.36788723250166244 6.578822819212014 5.681731251703063
0.36788723250166244 6.578822819212014 0.6161344126166411
0.36788723250166244 5.370125406052612 2.9446515327925464
0.36788723250166244 4.835127149192353 2.333472795845564
5.657009913311203 4.835127149192353 1.5219572141002065
0.36788723250166244 5.657009913311203 2.178850112774731
0.33117588526533526 2.8767671885455397 0.7305293847890926
3.301952745512669 4.421862094765935 1.9393324136032688
3.082798814239976 6.552171888597371 4.518761908862925
3.082798814239976 3.301952745512669 3.2756542737599443
3.082798814239976 5.941910656453732 4.178860866308163
3.082798814239976 9.413872798583155 5.753647956658797
3.082798814239976 6.09292889231763 5.064920079477348
3.082798814239976 6.1769421513017875 5.001669438427297
3.082798814239976 6.033141191623649 4.231322863999982
2.4421695018947323 4.591134404598524 3.68274398273813
2.4421695018947323 6.508436811945391 5.151457349912704
2.4421695018947323 6.508436811945391 5.165367221484233
2.4421695018947323 5.94618183611151 4.919307465236066
2.4421695018947323 4.1205584752201965 3.7801044493380873
2.4421695018947323 5.735217666131142 3.5118717659954304
2.4421695018947323 4.509307628359558 3.9306571370960746
2.4421695018947323 7.7033973814610786 5.145624090222012
2.4421695018947323 7.7033973814610786 4.289800992956416
2.4421695018947323 4.310860989842375 3.8163983052245753
2.4421695018947323 5.824682841894653 4.821367175930908
2.4421695018947323 5.824682841894653 4.022340647987961
2.4421695018947323 4.582107830409463 3.6720612456475585
2.4421695018947323 6.222147568579825 5.727565243815112
2.4421695018947323 6.222147568579825 3.4815195501321927
2.4421695018947323 6.5600255693553216 5.350162123603395
2.4421695018947323 6.5600255693553216 4.523640199759668
