2.65257027806085 7.687561346207453 5.605682009360071
2.65257027806085 7.256455219860774 3.0957596320130056
2.65257027806085 6.617738469149089 5.846663979444744
2.4166722210713805 6.617738469149089 3.933836295042233
2.4166722210713805 6.617738469149089 4.242478547977584
2.8782075896734125 6.617738469149089 3.381593747665666
2.4166722210713805 6.640842101208463 4.79516084363864
2.8782075896734125 6.654095414345381 6.102882268028054
2.8782075896734125 6.654095414345381 5.428187436200183
2.8782075896734125 6.654095414345381 4.139243043405303
2.8782075896734125 6.3640355515724885 4.442449234999578
2.8782075896734125 8.2151219080023 6.329515410915247
2.8782075896734125 8.142078429285847 6.254920796783648
2.8782075896734125 8.142078429285847 5.209969528626
2.8782075896734125 6.141563303942828 5.8030218528061
2.8782075896734125 5.479557144178614 4.920388282935004
2.8782075896734125 6.519923465705467 6.127317436833604
2.8782075896734125 8.153905361483092 6.204262281511217
2.8782075896734125 8.153905361483092 4.5971468796562185
2.8782075896734125 6.232544926838099 4.821263769386682
2.8782075896734125 6.232544926838099 4.911371240436764
2.8782075896734125 5.397419185195805 3.532125101079652
2.8782075896734125 6.33885252168194 5.1846159736734885
2.8782075896734125 6.33885252168194 3.8259427879480854
2.8782075896734125 7.374726967108268 5.827910644659047
2.8782075896734125 8.847132186640069 5.968774484098353
2.8782075896734125 8.847132186640069 4.045794262013747
2.2457968405703714 6.265547073522516 3.6730049319186646
2.2457968405703714 6.265547073522516 4.622633542695684
2.2457968405703714 4.686102444998355 4.509143443664617
2.2457968405703714 4.686102444998355 3.8159556897138196
2.2457968405703714 6.346802810972317 5.028008618589085
2.2457968405703714 6.346802810972317 4.161548725725794
2.2457968405703714 5.221816820076885 3.700049161756427
2.2457968405703714 4.939536352711858 3.8034062214487205
2.2457968405703714 4.939536352711858 3.3735306677871533
2.2457968405703714 5.978521590289176 4.417419656948534
2.2457968405703714 7.200578554007155 5.836306510731557
2.2457968405703714 7.200578554007155 5.66175839090607
2.2457968405703714 6.350501545904152 5.321502584120253
2.2457968405703714 5.6360029369885645 4.260027939398824
2.2457968405703714 6.040359490291923 4.509103444511874
2.2457968405703714 6.040359490291923 4.885460443212318
2.2457968405703714 5.960501849498236 3.6548783000872946
1.4638064886297895 5.960501849498236 3.8884933890213893
1.4638064886297895 7.568289558536609 5.236671999774464
1.4638064886297895 7.568289558536609 5.197141202289048
1.4638064886297895 6.489601975545607 2.391667275924249
5.653117650501024 2.955028055485766 2.1029411945130936
2.753313197044808 5.653117650501024 3.949585278026646
2.753313197044808 5.791981348256641 4.357684878286618
2.753313197044808 5.450196666251994 3.8936473397684352
2.753313197044808 6.147692830429026 5.370709171267114
2.753313197044808 6.147692830429026 4.953847604415211
2.753313197044808 6.308212331093618 5.1459113224647135
2.753313197044808 6.308212331093618 5.064620493416586
2.7111848697176666 6.308212331093618 4.518513350202538
2.7111848697176666 7.757981883535482 6.869966742431695
2.7111848697176666 9.109132813255757 8.409030058831881
2.7111848697176666 9.956550597043622 7.9231270841627826
2.7111848697176666 10.091526002818958 7.630445461917847
2.7111848697176666 10.091526002818958 4.591803912693993
2.7111848697176666 5.238536083395157 4.632849827398217
0.6608915402265194 5.893665934158374 3.2456428060844473
3.2296237456758914 5.893665934158374 2.9201335702515676
5.1428457892664845 3.2296237456758914 1.9138628057169398
0.571815701562056 5.1428457892664845 2.4452952760134203
0.571815701562056 5.707740495245542 3.4104364595159944
3.1792600602820653 5.760862448666867 3.2586259637752564
3.1792600602820653 5.760862448666867 3.646146465635902
3.1792600602820653 6.550535366739815 5.8673469860472425
3.1792600602820653 6.550535366739815 3.726533451770024
3.1792600602820653 4.471587907223402 3.9494181859200843
3.1792600602820653 6.388019443639056 4.650172350713071
3.1792600602820653 6.388019443639056 4.521887212602593
3.1792600602820653 6.388019443639056 3.5155092983242877
3.1792600602820653 4.127535024871175 2.6503082883844398
5.440995781510377 5.960667166375828 2.2543141316275186
3.1792600602820653 5.440995781510377 3.8887497314323087
3.2816435567892666 9.09216094593628 5.451791372313376
4.10181163169494 9.09216094593628 3.486438897818253
3.0833269940345187 9.09216094593628 3.6292990886928225
2.902111240695277 6.392101866594384 5.364440422061124
2.902111240695277 6.62253512286722 5.742280666549004
2.902111240695277 7.462558522692774 6.100249717193534
2.902111240695277 7.462558522692774 6.64892792036669
2.902111240695277 6.2648508709705055 4.569937672835842
2.902111240695277 6.264326740379865 4.9338278654085705
2.902111240695277 6.142585710307994 5.679930618704292
2.902111240695277 6.1580307396409815 5.893300605320369
2.902111240695277 6.281136939325357 6.127772231970306
2.902111240695277 6.3690263848253785 5.362119234492954
2.902111240695277 6.2097697630756805 4.456164199602045
2.902111240695277 4.57991308221936 3.9984280285744105
2.8590412305331694 5.864991775752049 4.188372930691816
2.8590412305331694 6.393584065262353 4.726361041586036
2.8590412305331694 5.655659741578621 4.42268394101741
2.8590412305331694 6.473007970501197 4.847059133456216
2.8590412305331694 5.9728748177345885 5.388239282525825
2.8590412305331694 6.605746939963836 5.763937041647662
