5.9408474098516955 7.559841156948394 5.150495056645571
5.9408474098516955 7.559841156948394 5.455053450060834
5.9408474098516955 6.638918815111271 4.380149647815883
5.9408474098516955 7.084794257877094 5.273594276170307
5.9408474098516955 7.084794257877094 4.47732792465858
5.9408474098516955 6.104420215862209 5.676485231764983
5.9408474098516955 6.104420215862209 4.964136512032351
5.9408474098516955 3.8036927592470886 5.1196335106374145
4.636373379389198 7.911654696638886 6.740251302499485
3.8036927592470886 3.8384255251660027 4.607792811533766
2.8913293397602797 5.566925380871833 4.2330773036873985
2.8913293397602797 5.566925380871833 5.321314575705923
2.8913293397602797 7.3378473368746135 6.132851882508426
2.8913293397602797 7.6290578037089745 7.353593224461664
2.8913293397602797 7.447916380760683 5.899168215894545
2.8913293397602797 6.333493985964839 4.925593996151167
1.1832037039153502 6.65134586117442 4.101788281656987
1.1832037039153502 6.65134586117442 3.176824246576158
0.07399281613016173 3.159015381906951 1.4803297354971792
0.07399281613016173 3.797085706395475 2.9171382709604314
0.07399281613016173 3.797085706395475 2.3077988684440016
0.07399281613016173 4.549225101824103 1.864085730407738
3.0307614680763675 5.634535054489042 2.298209711473715
0.07399281613016173 3.0307614680763675 1.6351030785479537
0.07399281613016173 3.2228248797190884 2.7441613401291165
5.669653232161263 2.8667806770428297 0.18570433056666816
5.669653232161263 2.95516362320932 2.2635304171791146
0.07399281613016173 5.669653232161263 2.899148155813137
0.07399281613016173 4.907865109036706 3.2577094340478037
0.07399281613016173 4.907865109036706 1.993553278743821
0.07399281613016173 5.553547309133489 2.265814613331492
0.07399281613016173 6.198808666750342 2.388517612213492
0.07399281613016173 6.5345098265154355 4.46865826575436
4.234463972957592 4.838357672630405 1.4726198727045001
0.07399281613016173 4.234463972957592 0.7151925657297444
2.7454910759155955 5.650547133556529 3.917588022867251
2.7454910759155955 6.403084847804706 4.243530897763567
2.7454910759155955 4.54955899023259 2.401575244967936
2.7454910759155955 5.668109483954442 3.063727403484098
5.941673968854399 5.668109483954442 3.2583284106844697
5.941673968854399 9.199288196152557 6.841730018797789
5.941673968854399 9.25427834410718 7.166947444684731
5.941673968854399 9.199288196152557 6.9554264060016955
5.941673968854399 8.219702705317536 3.5618616974882222
5.941673968854399 6.936998288342345 5.664291982774772
5.941673968854399 7.102727594142136 5.977036873627656
5.941673968854399 9.31499508178057 6.7902843935379416
5.941673968854399 9.31499508178057 6.021595639273398
3.2131226372020696 7.670592674172546 5.185910230021931
3.3627742480275455 8.127767089143973 5.130862846488036
2.178871752928075 7.670592674172546 4.974208774854506
2.178871752928075 7.670592674172546 4.528431194698622
3.3627742480275455 6.253736961039678 4.543850855866968
3.3627742480275455 6.187607030790055 5.23285483839098
3.3627742480275455 6.677104414197586 4.9549392537116566
3.3627742480275455 7.049734025590997 6.5289629793663755
3.3627742480275455 6.7999849693115095 5.4561305726822935
3.3627742480275455 7.642313245002972 5.900155337876929
3.3627742480275455 7.642313245002972 5.442111193672093
3.3627742480275455 6.741132564946138 5.482333952085784
3.3627742480275455 4.520696367988144 6.2183227594533355
3.3627742480275455 7.552646911170326 6.204228097888171
3.3627742480275455 7.552646911170326 4.150998168206883
3.3627742480275455 6.176782084475892 4.501711731146617
3.3627742480275455 7.132446921696072 5.425673860976408
3.3627742480275455 6.3874440545333435 3.5949942320078865
3.3627742480275455 3.7174946816463685 3.859687877762082
3.3627742480275455 6.748576537282977 5.377717690731236
3.3627742480275455 7.656562268118842 5.157775330221044
3.3627742480275455 7.656562268118842 6.267883794978494
3.3627742480275455 8.799471912329953 8.067768651870272
3.3627742480275455 9.31106503042237 8.727444366661402
3.3627742480275455 9.31106503042237 6.779360058183432
3.3627742480275455 9.31106503042237 5.672691444710296
3.3627742480275455 7.892740046851383 3.5806957413242406
5.547116451026927 7.892740046851383 3.924227843601425
5.547116451026927 5.2111328980103835 4.117601748813279
5.547116451026927 6.385058645752007 3.469533400615774
5.547116451026927 6.228515131884979 5.1942430028759405
5.547116451026927 6.48808857891391 6.290298467667446
5.547116451026927 6.662090379972497 5.6331582296911105
5.547116451026927 6.662090379972497 5.755618689837954
5.547116451026927 7.359098200736177 6.736099693916995
5.547116451026927 7.359098200736177 6.50805913898496
5.547116451026927 8.595256833633764 7.16764442974274
5.547116451026927 8.595256833633764 6.265971821718406
5.547116451026927 8.595256833633764 6.427948503817479
5.547116451026927 7.106498846669755 6.5323114351600156
5.547116451026927 7.106498846669755 5.365296361129173
5.547116451026927 6.546324711271051 5.304950922324348
0.6949641660896373 7.650802578561549 4.938552590443519
2.6294826710083226 6.240811494194141 6.592945579477995
2.6294826710083226 7.913571424584974 6.515909933987169
0.6949641660896373 7.913571424584974 5.717021662264796
0.6949641660896373 6.240811494194141 4.622725261824473
0.6949641660896373 6.063859433040712 3.0927047022803826
0.6949641660896373 5.605152165182339 4.857281382000479
0.6949641660896373 7.095418283158221 6.411361361049953
0.6949641660896373 7.095418283158221 4.7098251238211715
0.6949641660896373 7.095418283158221 4.77298881266054
