5.083889748115471 7.77520110003992 5.153415132765071
5.083889748115471 7.624740842204135 4.317462911926742
3.589802397501455 5.083889748115471 4.411547776560115
3.589802397501455 4.552716133651913 5.818154312025789
3.589802397501455 6.587278657463784 5.912775695474567
3.589802397501455 6.591841978298728 5.893317995599466
3.589802397501455 7.647641550661838 5.792308212192475
3.589802397501455 7.647641550661838 6.519106858179844
3.589802397501455 7.465323087949429 6.327659265148974
3.589802397501455 5.561996955751326 5.947306998497233
3.589802397501455 4.69897757483967 5.585902305607664
3.589802397501455 5.6798043013610595 4.415183801754764
3.589802397501455 6.221620262005331 6.555496482834749
3.589802397501455 7.274385171454323 4.81924987241484
3.589802397501455 6.6852744346375275 4.8214856661356285
3.589802397501455 6.6852744346375275 4.7173767235712925
3.589802397501455 5.641835533828324 4.871498982711378
3.589802397501455 5.641835533828324 4.909003281601455
3.589802397501455 6.082517149529629 4.7849792611130955
3.589802397501455 7.155422962665565 5.38061757931158
3.589802397501455 8.833296087888778 6.629382721697266
4.75869863619166 8.833296087888778 6.999418123379738
1.6486694654469294 10.651577402123586 6.79324348522141
4.75869863619166 10.651577402123586 5.514967976828961
4.75869863619166 10.322671089050074 4.4970701432843665
4.75869863619166 10.322671089050074 5.036293991370937
4.75869863619166 6.075402472934055 5.132807558218781
4.75869863619166 9.320674053193759 5.6305073310906195
4.75869863619166 5.27146171073564 4.105131041916619
4.75869863619166 6.492248986166366 4.713951691089041
4.75869863619166 4.513333318684147 4.134334014510702
6.104661683472457 5.214977826651285 4.07615896745295
6.104661683472457 6.3210921778153555 5.590399924344288
6.104661683472457 6.771923758114868 5.780218575427775
6.104661683472457 6.771923758114868 5.1760096241748945
6.104661683472457 6.130870890543235 4.421558106000115
6.104661683472457 6.130870890543235 4.332543541532253
6.104661683472457 6.6602160540331035 5.049996966669123
6.104661683472457 5.940080063580005 4.77634280579071
6.104661683472457 5.940080063580005 4.477220175914386
6.104661683472457 7.478395121616366 5.982781138549343
6.104661683472457 7.478395121616366 4.9610044795770465
6.104661683472457 6.288028975959676 5.815315368212827
6.104661683472457 6.384048215834625 5.3431487703218865
6.104661683472457 6.384048215834625 4.407173600576764
6.104661683472457 6.384048215834625 5.020171934649227
6.104661683472457 6.384048215834625 4.349041486610644
6.104661683472457 6.935085224633408 5.9391415311657045
6.104661683472457 7.438148090121343 5.602763703386211
6.104661683472457 7.438148090121343 4.841268687647268
6.104661683472457 8.017161841031363 5.465087073508579
6.104661683472457 8.017161841031363 4.534035825277923
3.278542288204559 6.104661683472457 3.819240331673634
1.2691069370085128 7.058443085754208 4.801024455394618
1.2691069370085128 8.0466097439372 5.6819760982473175
1.2691069370085128 8.0466097439372 4.135333219419319
1.2691069370085128 5.382588895942128 3.2105566795111993
1.2691069370085128 5.201424579905929 3.3820084112024675
1.2691069370085128 5.492629495492739 4.289743659324555
1.2691069370085128 6.664941540467527 5.24391073294011
1.2691069370085128 6.664941540467527 3.6825563890446698
1.2691069370085128 6.070517334905606 4.669482601964778
1.2691069370085128 6.070517334905606 4.816460852711941
1.2691069370085128 8.552836219863849 4.793910187443037
1.2691069370085128 1.6853996017069695 1.652096188531094
1.2691069370085128 3.2373054953520612 2.0382080839426275
1.2691069370085128 6.067054260640681 3.7900017638078625
0.4442655750127149 4.115626947168803 2.4963444865750373
0.4442655750127149 4.978113764198028 3.552874171408523
0.4442655750127149 4.978113764198028 2.9986078908659444
0.4442655750127149 5.045029309035574 1.833000344632238
0.4442655750127149 3.351001211119723 1.6623764414428643
5.755544396288219 5.650490788571151 3.192857928619552
0.9993074232381827 6.376541535962318 3.1474563298064355
0.9993074232381827 4.059003902175675 2.989123927964526
0.9993074232381827 6.345321548265801 4.56518156170455
0.9993074232381827 6.345321548265801 4.22617632345012
0.9993074232381827 6.9946819385095935 5.698076728529755
0.9993074232381827 6.9946819385095935 2.5378427668187444
0.8724329192021654 4.577850071047248 3.0098028175053906
0.4625904960151499 5.4957464493155115 2.7785188794205875
0.4625904960151499 6.145939077447906 2.516792833794684
0.4625904960151499 3.016978268317296 2.212074777982999
0.4625904960151499 4.91343217926843 2.5568204945599255
0.4625904960151499 3.271687172106088 2.732853269976744
0.4625904960151499 2.899040513501753 1.5803955551936206
0.4625904960151499 5.611637652615105 3.88971109922264
5.122160079159205 3.1098504522476706 1.5369644422662685
5.122160079159205 7.203868430396685 3.538638242649024
1.461801101696214 7.203868430396685 4.557067964267141
1.461801101696214 7.203868430396685 3.9093739130220815
1.461801101696214 6.735841828033799 4.86602822532882
1.461801101696214 4.1605530688694685 3.4292403423295137
1.461801101696214 6.3228025835312 5.0837237716435455
1.461801101696214 6.3228025835312 5.884076030766771
1.461801101696214 6.519681117705204 5.5693036817607275
1.461801101696214 6.519681117705204 4.872260059120507
1.461801101696214 6.312525298615604 5.6789163942612575
1.461801101696214 6.247082860435693 4.73744604519225
1.461801101696214 6.247082860435693 4.669981131637243
