5.496408450051337 7.505966271384327 5.417127869636996
3.3621172251085842 8.555800739315218 6.764833750547983
3.3621172251085842 10.313949809410792 7.153712695437756
2.2597267148812716 10.313949809410792 4.719403098289152
2.2597267148812716 4.4100023728199105 3.284954841851628
2.2597267148812716 6.642697922775742 4.732040643456537
4.016581253578817 6.642697922775742 4.89480291792756
4.016581253578817 5.343233743343635 3.494084590250553
4.016581253578817 5.953234227350254 4.037429697943335
4.016581253578817 7.653036138147172 6.662198181112441
4.016581253578817 7.653036138147172 7.063788472330675
4.016581253578817 7.653036138147172 5.549103899223075
4.016581253578817 7.627375803679346 6.549199707856195
4.016581253578817 7.627375803679346 5.542665749630754
4.016581253578817 7.481815526759517 5.4279988612975725
4.016581253578817 7.481815526759517 4.821412005022985
4.016581253578817 6.045311488966437 4.831891078519132
4.016581253578817 7.583111081649644 4.971993514085036
4.016581253578817 6.323072248634254 5.00500406028789
4.016581253578817 6.323072248634254 3.848611064469521
4.016581253578817 6.186236386356754 5.12654970398663
4.016581253578817 6.188733092998117 4.188846827698309
4.016581253578817 5.743982394568516 4.4008720582230225
4.016581253578817 3.753900897361057 5.282461906245894
4.016581253578817 7.5061273032860125 6.42714036124031
4.016581253578817 6.6044753400508185 6.310417047482128
4.016581253578817 6.770867895625818 5.545890391060769
4.016581253578817 6.285933017585318 5.603625224069194
4.016581253578817 6.709971259502833 5.315466421591334
4.016581253578817 8.549373938259107 7.5835233260826405
4.016581253578817 8.549373938259107 5.182705487800685
3.4830337257211785 6.597465992296694 5.913351298316156
3.4830337257211785 6.448805901650388 4.824342335834191
3.4830337257211785 5.8986168519729745 5.08185179693961
3.4400418683422562 5.8986168519729745 4.094429742794647
3.3717737503273466 6.216423002669504 4.658812701994406
3.3717737503273466 5.5962048646992955 4.411901452275811
3.3717737503273466 7.657700256949882 5.34540952890622
3.3717737503273466 7.657700256949882 6.06022790222618
3.3717737503273466 8.254474614657306 6.516314791492133
3.3717737503273466 8.254474614657306 5.067841510416901
3.3717737503273466 6.25864518020655 5.446027756843858
3.3717737503273466 8.315669829277686 6.094027153418754
3.3717737503273466 6.5764252027811985 6.09242967712819
3.3717737503273466 7.660573054539778 6.255870278545298
3.3717737503273466 7.6865344212905296 5.951772394350659
3.3717737503273466 9.107243479061372 7.189887162429455
3.3717737503273466 9.107243479061372 6.912878686182577
3.3717737503273466 10.597270830811617 7.978533608584213
3.3717737503273466 6.451848484756436 4.853160528436676
3.3717737503273466 6.65104833385729 5.962736193465208
3.3717737503273466 6.65104833385729 5.6266997219480075
3.3717737503273466 6.636579110326156 5.213385834398123
2.8952172077756804 6.636579110326156 3.799142630942273
2.8952172077756804 6.636579110326156 4.463324248677174
2.8952172077756804 6.452245662543568 4.119039300144515
1.8215611811611905 7.281091078091093 4.300054401331883
1.8215611811611905 3.028360193014777 2.6423921466704727
1.8215611811611905 3.028360193014777 2.0485796804535052
1.8215611811611905 4.451622322566127 2.797545350205114
5.718812086054104 6.001455505939514 3.6636120752710206
1.8244843514954892 6.730396560736468 4.647886753844588
5.118935619899979 6.730396560736468 3.275345093067664
5.118935619899979 3.4897832642972237 4.047706342385412
5.118935619899979 6.308624872973052 3.6575015490951954
5.118935619899979 6.444833388546307 5.382698927337836
5.118935619899979 6.4346283935035835 5.255711961864215
5.118935619899979 6.501044387699444 4.074700389733441
5.118935619899979 8.910938701784936 7.262019110336793
5.118935619899979 8.910938701784936 5.377824128155505
5.118935619899979 5.8938372083244595 3.857813770063357
5.118935619899979 5.8938372083244595 2.7578922789697766
5.118935619899979 5.8938372083244595 3.4408559334781024
5.118935619899979 6.234652998624508 4.3458380960177925
5.118935619899979 7.753749828831644 5.083370442782896
5.118935619899979 8.919837717055685 7.530247387400858
5.118935619899979 9.729886217644495 8.39780958111778
5.118935619899979 8.919837717055685 6.299783444311778
3.350651920565032 7.673018180223824 5.113940768265177
0.48729752710190555 6.0491387999822415 3.841667086970028
0.48729752710190555 6.618864575028251 5.007835700888584
2.6413910978035813 6.618864575028251 3.779365887027777
0.48729752710190555 6.473188760020793 4.099696715462126
2.6413910978035813 4.610606006384536 4.242870346968093
2.6413910978035813 6.657094694336617 4.973841742833049
2.6413910978035813 6.657094694336617 2.820043558973457
2.6413910978035813 6.657094694336617 5.297120235945478
2.6413910978035813 5.639051721512409 2.0377470036509813
2.6413910978035813 3.041898687251909 2.6905210730572686
2.6413910978035813 6.726289864981524 4.565047050635468
2.6413910978035813 6.726289864981524 4.914422964997975
2.6413910978035813 6.362888935118672 5.475575491172053
2.6413910978035813 7.678626881087986 6.608104648280868
2.6413910978035813 8.167294666390115 6.834307169152468
2.6413910978035813 8.167294666390115 6.186972277263403
2.6413910978035813 7.458932512966795 6.219608215400444
2.6413910978035813 7.458932512966795 5.277571216791692
2.6413910978035813 6.565831940815837 4.779511358440373
2.6413910978035813 6.565831940815837 3.509615308931005
0.2914271605381882 5.889876347443433 4.7783314129355725
