2.1327869092277614 7.680905425359503 5.293506717365682
3.901035410276759 7.897582239102849 4.5302018698388
2.6305012999387754 6.801047495961626 5.3073394256415956
3.901035410276759 6.801047495961626 5.586595097112028
2.6305012999387754 9.007089132446243 6.6693904485656255
3.901035410276759 9.007089132446243 7.070476916055324
3.901035410276759 10.913869910672444 7.243194812140742
3.901035410276759 13.411907161771069 8.223016839103753
3.901035410276759 10.913869910672444 5.167929790620181
3.901035410276759 6.2886134302710275 5.365886400538598
3.901035410276759 6.2886134302710275 5.443477260629282
3.901035410276759 7.4325793052334586 6.365107385656054
3.901035410276759 7.4325793052334586 7.184278386684523
3.901035410276759 7.731772520967221 6.766395845223624
3.901035410276759 8.727429006754104 7.2486224069306875
3.901035410276759 8.727429006754104 6.53500545350583
3.901035410276759 8.727429006754104 6.920636045634358
3.901035410276759 8.727429006754104 6.917463386782811
3.901035410276759 7.759483703602605 6.374199225279723
3.901035410276759 7.759483703602605 5.602936256807476
3.901035410276759 6.3496040231264885 4.859620126188584
3.901035410276759 5.155699123022224 4.845666683773658
3.901035410276759 7.709855186001894 6.197221082919237
3.901035410276759 7.709855186001894 5.64677958695216
3.901035410276759 6.5226669500028756 5.908878068030209
3.901035410276759 6.382160360073392 6.189285244318902
3.901035410276759 6.271131285857802 4.377481379256866
3.901035410276759 7.233680674917007 5.559647002777542
3.901035410276759 7.233680674917007 5.249160056966036
3.901035410276759 4.283062762617245 3.899718766887316
3.901035410276759 6.367694539717693 4.909014943836506
3.901035410276759 6.467915222975154 4.876744773535861
3.901035410276759 5.860846068113414 4.7795626806039175
3.901035410276759 6.282842363029157 5.865593027095429
3.901035410276759 7.600009437656544 5.614964119638973
3.901035410276759 7.600009437656544 5.5201021205723375
2.273529297300016 5.803160589935747 4.0191353469241164
2.2368748252146244 6.226045579993613 4.107375852439323
5.585765975253505 6.226045579993613 5.448128058548324
2.2368748252146244 5.647576115717307 4.728201487729855
5.585765975253505 6.161699552231653 4.386337559581399
5.585765975253505 7.660797262551393 5.592922386308178
5.585765975253505 7.660797262551393 4.5091567979215395
5.585765975253505 6.266716908787657 4.4033442616353575
5.585765975253505 4.8717671825507445 3.416684608745881
5.585765975253505 5.671001091047131 3.2754235110167578
5.585765975253505 3.2184661570592366 3.171089813876358
5.585765975253505 7.417270152895782 5.360602308249907
5.585765975253505 7.417270152895782 4.480785380016326
5.585765975253505 7.590599931868004 5.8980050621208875
5.585765975253505 9.116562944078694 6.510704738765202
5.585765975253505 7.590599931868004 4.183540624040512
5.585765975253505 7.616600493008585 6.090234178027399
5.585765975253505 7.616600493008585 6.829454109285925
5.585765975253505 7.616600493008585 6.785909716443595
5.585765975253505 7.295764588941802 6.478279807128384
5.585765975253505 7.295764588941802 6.468314580588075
5.585765975253505 7.295764588941802 5.97473680918079
5.585765975253505 7.380907914278353 6.773593272920248
5.585765975253505 7.527147886461522 6.90769968987074
5.585765975253505 9.128822256091901 6.469085034075853
5.585765975253505 9.128822256091901 5.204481224904213
5.585765975253505 6.224944368488071 5.080819408057004
5.585765975253505 6.472001045012391 5.411561570612208
5.585765975253505 7.482597738545829 6.627478753789458
5.585765975253505 7.482597738545829 4.910733047287562
5.585765975253505 4.463505321530928 3.8497479878537733
5.585765975253505 7.445651136873392 5.503616178441238
5.585765975253505 7.445651136873392 5.476409438269723
5.585765975253505 6.673728672895553 5.768939963102536
5.585765975253505 6.673728672895553 6.0991194167105025
5.585765975253505 3.702753667882963 6.453538027530378
5.585765975253505 6.556544154644289 6.070512711553797
5.585765975253505 7.247669608272318 6.726583086256047
5.585765975253505 8.039658552884294 6.555356271562874
1.0337181224506087 8.039658552884294 4.053123920112672
1.0337181224506087 8.039658552884294 3.1113936100266035
4.772136287225354 5.585765975253505 3.1069832871393004
6.451234866784752 6.625666567045311 5.047400284580966
3.4712836432598633 6.625666567045311 5.277477535394881
3.4712836432598633 6.451234866784752 5.090885661255179
3.4712836432598633 6.400633466442347 4.074836486900221
3.4712836432598633 6.425405326481737 4.848734162712209
3.4712836432598633 5.8476992005760735 5.489353858423288
3.4712836432598633 5.8952377475491105 4.924347026268652
2.597972385232627 8.116892616910562 5.6683354380650375
2.597972385232627 8.116892616910562 7.025106345816477
4.051091508766422 8.116892616910562 6.238530099284084
4.051091508766422 6.296538195905423 4.311178173442159
4.051091508766422 4.610325154438652 4.404554255787292
4.051091508766422 6.077792298760922 4.12002438662243
4.051091508766422 6.2010501739562365 4.906527015387688
4.051091508766422 6.2010501739562365 4.94338520803042
4.051091508766422 7.361636745304999 6.356729188507412
4.051091508766422 7.649846513030832 7.186671972697057
4.051091508766422 7.649846513030832 6.663996062004525
4.051091508766422 6.816997289725544 5.390350111930719
2.9845620260075596 6.1722780270769135 4.624062078575793
2.9845620260075596 4.499366717490403 3.014858119837218
2.9845620260075596 6.2348570522588815 4.428602927586538
