0.0170650257226872 7.7629790866006765 5.167403984683701
0.0170650257226872 5.93013676671174 2.5192395740601996
0.0170650257226872 3.2241573847979663 0.6252865792407772
0.0170650257226872 5.847527029360233 1.999422106959453
3.1243998635870764 2.710527091556973 1.2021883346897733
0.0170650257226872 3.1168834202627704 1.3189887514295224
2.7670232199142544 3.1243998635870764 1.1724651448060148
5.007466340855377 3.5065165650725416 3.0070939643910437
2.3465959688766564 5.007466340855377 3.104917359532462
2.3465959688766564 7.145988442604956 5.415314745426756
2.3465959688766564 7.145988442604956 4.929113558921416
2.3465959688766564 7.145988442604956 6.2754208866375265
2.3465959688766564 6.654161096306101 4.939922641202469
2.3465959688766564 7.6825292452205645 6.704122533818153
2.3465959688766564 7.6825292452205645 5.710740942402665
2.3465959688766564 6.418720468727237 4.75733334955377
2.3465959688766564 6.418720468727237 4.0845275938208
2.243180616284669 6.33668020126871 3.8111977546145495
2.243180616284669 7.263088618078163 5.03849975899615
2.243180616284669 8.92765725981131 6.55603002069053
2.243180616284669 8.92765725981131 5.0333908921890576
2.243180616284669 9.28727386581281 6.861331978061365
2.243180616284669 7.859659848370763 6.8058437984925
2.243180616284669 7.859659848370763 6.998027661311288
2.243180616284669 7.859659848370763 6.607507811066964
2.243180616284669 7.420316617293297 5.443249009541859
2.243180616284669 7.420316617293297 3.7089295466068513
2.243180616284669 7.420316617293297 3.1873123958685334
2.243180616284669 3.402944362175305 3.0135985869032202
2.243180616284669 6.024964091076523 4.303956224866405
2.243180616284669 7.772244883658699 5.4509834124144
2.243180616284669 9.462777482758199 6.886289188945555
2.243180616284669 9.462777482758199 5.6645894384630715
2.0154611102768567 10.723670589800705 6.208865410850822
2.0154611102768567 7.013607468323071 5.270766358591411
2.0154611102768567 7.013607468323071 5.5780223739063635
2.0154611102768567 6.324835219892236 2.586279856284956
2.0154611102768567 6.036192408783986 4.473401698037296
5.512942685148239 6.036192408783986 4.969207642278192
5.512942685148239 7.341442253938158 5.190917675296538
5.512942685148239 7.341442253938158 4.86002587781228
5.512942685148239 5.854819712082374 4.982114383418803
5.512942685148239 7.077101227285718 5.058521760829141
5.512942685148239 7.077101227285718 6.498879804753783
5.512942685148239 7.590510106467395 5.8650212964307125
5.512942685148239 7.590510106467395 5.1628910049542425
5.512942685148239 6.375190441035535 4.539374953843676
5.512942685148239 6.440878208494059 5.966194441973322
5.512942685148239 6.674806491823716 6.139265126675841
5.512942685148239 7.05075460491706 6.218595160606821
5.512942685148239 7.05075460491706 6.275176642889405
5.512942685148239 7.05075460491706 5.070421569624623
5.512942685148239 5.498278617299434 4.751251068237909
5.512942685148239 5.228727189478597 3.965638169633325
5.512942685148239 5.228727189478597 3.984977499479776
5.512942685148239 4.488149718370206 3.076356381668509
5.512942685148239 6.225650484145969 4.657184609087841
5.512942685148239 6.579512082041827 5.065499661056254
5.512942685148239 6.579512082041827 4.192853562358333
5.512942685148239 6.579512082041827 5.864341595824106
5.512942685148239 6.579512082041827 5.236199055697391
5.512942685148239 6.153946275100136 4.388687384400311
5.512942685148239 5.948832163273199 4.55850394258912
5.512942685148239 7.542474156629934 4.982953907024639
5.512942685148239 5.852956563576637 5.494737979820586
5.512942685148239 6.248817435214729 5.782793525354673
5.512942685148239 6.248817435214729 5.431892952729111
5.512942685148239 6.248817435214729 4.822395202885263
5.512942685148239 6.405155215009831 5.738493913940146
5.512942685148239 7.624403653619892 4.886776920332463
6.5503023163550935 6.556715228245974 5.333654785668655
2.760614552734119 6.5503023163550935 4.634467942206756
2.760614552734119 7.621028953664229 6.075839574855328
2.760614552734119 7.657611201160675 6.346657991380946
2.760614552734119 7.657611201160675 5.946914594510116
2.760614552734119 7.657611201160675 6.006398187616943
2.760614552734119 6.209130061344073 5.469839784998124
2.760614552734119 7.011836725678002 5.54044094896078
2.760614552734119 8.432361266492327 7.111367657285358
2.760614552734119 8.432361266492327 6.399733140884588
2.760614552734119 8.432361266492327 5.921925965227974
2.760614552734119 7.38663992526779 5.148233814831363
2.760614552734119 7.697453072753895 5.836973134263605
2.760614552734119 5.6510441219033325 4.358047204285052
3.9790944860399162 7.7762011753176985 5.088093197767054
2.669022249058657 7.7762011753176985 4.542475408118558
2.669022249058657 6.967210508590814 5.837471026605285
2.5612443356478107 6.967210508590814 3.571804950060274
2.5612443356478107 5.556384865974202 4.0815169985622735
2.5612443356478107 5.556384865974202 3.9323324703839058
2.5612443356478107 6.183374884730263 4.4744532924672695
2.5612443356478107 6.6610742434204795 4.764905193980637
2.5612443356478107 8.627311998893282 6.557009878133973
2.5612443356478107 8.627311998893282 6.7030121368997415
2.5612443356478107 8.627311998893282 4.503089176341075
2.5612443356478107 7.841396269253339 6.129155251628996
2.5612443356478107 7.841396269253339 5.979654234886449
2.5612443356478107 7.627382991743106 5.518327938199065
2.5612443356478107 6.551888067361052 4.025970472024026
2.5612443356478107 6.551888067361052 3.7313859396703073
