3.5378246409747303 7.5687510903659465 5.3345960678181825
3.5378246409747303 7.491619538985409 4.453758759457458
3.5378246409747303 6.871698609464833 5.957251870061641
3.5378246409747303 6.871698609464833 5.3707689412898345
3.5378246409747303 7.020995270950991 5.948541941185099
5.789074109093626 7.020995270950991 4.539919584315529
3.2689889301747965 7.876970292256971 6.631361106362973
3.2689889301747965 7.876970292256971 5.630760990078654
3.2689889301747965 6.0518089968440165 5.383956601971439
1.6893253920313112 7.1257229295852476 4.447201013294561
1.6893253920313112 7.1257229295852476 4.1678095799218795
6.052446438760814 5.724535477054214 2.3369725950099807
3.231034187818367 6.052446438760814 3.964458165741533
4.098373739630453 6.430962235017272 5.644082569481004
4.098373739630453 7.160803346268331 6.284017410917125
4.098373739630453 8.319215340521529 6.899081633152724
4.098373739630453 8.319215340521529 6.792426384861683
4.098373739630453 8.07184722691973 6.509538849782294
4.098373739630453 7.690089967382788 5.5491971279884265
3.8369234993634866 7.690089967382788 5.422288865309928
3.8369234993634866 6.612536523049265 6.014049725098345
3.8369234993634866 6.597027704580615 5.97308199340253
3.6966098453218454 10.435627503047424 9.221541109643457
3.6966098453218454 12.76293159700419 8.902063601991758
3.6966098453218454 10.435627503047424 5.832012774668872
3.6966098453218454 6.05870982712246 4.32708408855735
3.6966098453218454 6.148858594217195 4.9426972949618015
3.6966098453218454 6.448507583588899 5.668339295587425
2.324549469655253 6.448507583588899 4.493582603178506
2.324549469655253 7.628728936385242 5.977138342307346
2.324549469655253 7.628728936385242 4.643543551877389
2.324549469655253 6.2441822296379215 4.828588164429851
2.324549469655253 6.737605177145856 5.528787623870264
2.324549469655253 6.637920279241193 4.605534641243992
2.324549469655253 6.6459591702138106 5.267860406202782
2.324549469655253 6.6459591702138106 4.817613398795376
2.324549469655253 6.617406953609173 6.218413447157655
2.324549469655253 10.277763831986302 8.02751677059842
2.324549469655253 6.636779464078252 8.515224009916825
2.324549469655253 7.316335666431556 6.110152175973628
2.324549469655253 7.105467044784831 5.3483871765629125
2.324549469655253 7.105467044784831 4.11418334286423
0.6558111860167881 7.105467044784831 3.3041377023331204
0.6558111860167881 5.945548369941708 2.6659113159082586
0.6558111860167881 0.6558111860167881 0.6558111860167878
0.6558111860167881 5.4830235713404605 2.3936076447333106
0.6558111860167881 5.4830235713404605 1.2329197256297473
0.6558111860167881 4.896617684514229 2.182501525475867
5.670870092957436 7.024554188772111 2.651250216813336
0.6558111860167881 3.224794403098312 1.73478413719103
4.2718817273530085 5.670870092957436 0.7561123641556012
0.6558111860167881 5.7610876403990225 3.527584688685865
5.693535684028053 5.798924435663292 3.779108427246691
0.6558111860167881 8.586931725940058 4.962926717878925
0.6558111860167881 5.757273469328869 3.2277081780162318
0.6558111860167881 6.235634669964156 4.490511945463257
3.4070981560934475 6.564625001004821 4.567003966666285
3.4070981560934475 6.564625001004821 4.717110133174827
3.4070981560934475 6.4444792002712425 4.721050044977873
2.6398170342005156 6.112715252359504 3.6037426005253304
2.6398170342005156 6.29506945524216 5.234370434110934
2.5884410602360295 6.29506945524216 3.4251035781806864
2.5884410602360295 5.660709914569701 4.710249794138336
3.365369691156563 6.11390404708343 4.441764263322454
3.365369691156563 6.355164010479481 5.64424967758109
3.365369691156563 6.689553405682066 6.054880985905255
3.365369691156563 6.689553405682066 5.4766401650250955
3.365369691156563 6.557886568210385 5.854476198634155
3.365369691156563 7.043181237204545 6.750683296591274
3.365369691156563 7.341215080557314 4.9686752681684
3.365369691156563 8.447023700046389 6.83177616587526
3.365369691156563 8.447023700046389 6.162009790838946
3.365369691156563 8.447023700046389 4.57592426217623
3.365369691156563 5.1772227711988705 4.616990448330085
3.365369691156563 5.029175441043261 4.427215862178546
3.365369691156563 6.651466876979434 4.73960187045353
3.365369691156563 7.4639016765536645 5.163406514232791
3.365369691156563 7.4639016765536645 5.982965566832704
3.365369691156563 6.313608893260415 5.6244750680710265
3.365369691156563 6.505195093999948 4.924576067549364
3.365369691156563 6.505195093999948 4.038850020372689
1.3078898620740955 6.501555818524505 4.404654234856193
3.006282680875391 6.5358839642534825 3.3798695143412227
2.1252159976269955 6.637710111029563 4.161540885583512
2.1252159976269955 6.637710111029563 4.588205947260962
2.1252159976269955 5.625308624907937 3.5568307501750134
2.1252159976269955 5.988295985554316 4.803669651468229
2.1252159976269955 5.988295985554316 4.53696317051249
2.1252159976269955 6.175122448903807 5.533276896254737
2.1252159976269955 6.175122448903807 5.311301502143561
2.1252159976269955 5.043149201710115 4.644208602612985
2.1252159976269955 5.043149201710115 3.616347555154456
2.1252159976269955 6.652138277185895 4.441143030338657
2.1252159976269955 6.652138277185895 5.212784316867104
1.9373312408585446 5.870409324391037 4.139446318785293
1.9373312408585446 6.633678734051305 5.550379900273099
1.9373312408585446 6.633678734051305 5.301981144273189
1.9373312408585446 6.988247348858176 6.279915254260791
1.9373312408585446 6.8258820852848086 6.205077317416802
1.9373312408585446 6.8258820852848086 4.3048411561995215
