2.904685227211122 7.697446927840117 5.7851855797428575
2.904685227211122 7.697446927840117 4.506062614030767
2.904685227211122 6.0053885493207275 4.179618099523151
2.904685227211122 6.575299318625895 5.364885731730643
2.904685227211122 6.575299318625895 3.960589835733004
2.904685227211122 5.232889328060153 4.503131362625738
2.904685227211122 6.560040985680512 5.211382958691689
2.904685227211122 6.591104479509351 5.688526180327781
2.904685227211122 6.591104479509351 4.787483842284307
2.904685227211122 7.610390009963766 5.604649584829804
2.904685227211122 7.610390009963766 6.984037875733598
2.904685227211122 8.815094246025776 6.808419657229425
2.904685227211122 8.815094246025776 8.622503835102327
2.904685227211122 8.815094246025776 8.543646383950136
2.904685227211122 8.815094246025776 7.425184512346659
2.904685227211122 8.727515492718148 7.5054170121168475
4.847559244283058 8.435515199300323 6.962724771003138
2.477834520880933 8.435515199300323 5.402323850324044
4.847559244283058 6.838604183698132 5.673605832701661
4.847559244283058 6.838604183698132 4.61631199826651
4.847559244283058 6.838604183698132 4.608784793007546
5.878127651073601 4.847559244283058 3.7159836378834843
2.6941649144360693 5.878127651073601 4.117414126538649
2.88000280633543 5.32149090369802 4.15626911681283
2.88000280633543 6.16446204254018 5.060734115474399
2.88000280633543 8.070277614136272 6.383748466616368
2.88000280633543 8.070277614136272 5.42020262866934
2.88000280633543 8.070277614136272 4.701576828556381
2.88000280633543 6.551831205592354 4.762478569424296
2.88000280633543 6.58556041982272 4.862772425756555
2.88000280633543 6.522910002090406 4.365565637286138
2.88000280633543 6.526889502626776 5.366339481688388
2.88000280633543 6.8934976531137355 5.4798648905098
2.88000280633543 6.8934976531137355 5.03832643030226
2.88000280633543 8.514380533666888 6.759673906360232
2.88000280633543 8.514380533666888 6.149092393373366
2.88000280633543 7.323817687670296 5.852752631453804
2.88000280633543 7.323817687670296 5.550748953400924
2.88000280633543 6.438530896731908 6.910055377722838
2.88000280633543 8.357969464983368 7.247820328126316
2.88000280633543 8.357969464983368 5.75499720208021
2.88000280633543 7.6658438179198 6.989125118929336
2.88000280633543 8.735115245302431 7.35185736511884
2.88000280633543 8.78766859034334 6.686380144096226
2.88000280633543 7.394510622658155 5.033272041705619
2.88000280633543 7.693315946885951 5.340283158552304
2.88000280633543 7.693315946885951 5.3458961853452625
2.88000280633543 6.479668860401333 3.7508420615957245
2.88000280633543 5.761656021236966 4.204823519053987
2.88000280633543 4.883155104544461 3.8475899930519533
2.88000280633543 5.156281972637803 3.9685636187488016
2.88000280633543 6.513515178665106 4.797475150353412
2.88000280633543 6.546586190059362 5.3083759594528965
2.88000280633543 6.546586190059362 5.257676069196728
2.88000280633543 6.4256777900444 5.623951186951108
2.88000280633543 6.4256777900444 5.037918656775747
2.88000280633543 7.574026919088849 5.943787632963584
2.88000280633543 7.574026919088849 6.836437200337917
2.88000280633543 8.08639860041245 6.928503749587699
2.88000280633543 3.0294789464295886 6.490214361883911
2.88000280633543 6.6385673281898505 5.946240414151053
2.88000280633543 6.2790905894136415 6.342534346286515
2.480134915460941 6.59415283548277 4.665699948644397
3.200868136503239 8.601470178320788 5.888553548928431
2.480134915460941 8.601470178320788 4.679560267881033
3.200868136503239 4.85282090042859 4.625895066160102
3.200868136503239 6.524254095692907 5.208292542007506
3.200868136503239 9.688285728022006 6.566455574141729
3.200868136503239 9.688285728022006 4.516308797391112
3.200868136503239 6.284970192732871 5.484139451859871
3.200868136503239 7.305138332955867 6.639742234408693
3.200868136503239 7.305138332955867 3.2837450577096394
3.200868136503239 4.6925688432270185 3.643290977859268
3.200868136503239 4.6925688432270185 3.420432171822841
3.200868136503239 6.1089910499799736 4.4320319477658146
3.707615551346301 6.519357372150122 4.442711656379946
3.200868136503239 7.392783496341925 6.046897272927672
3.200868136503239 8.095861416468628 5.687806799500154
3.200868136503239 8.095861416468628 3.4644728990208216
3.200868136503239 4.596813724046747 3.735274599837497
3.200868136503239 7.4337561956820934 5.029767637214147
3.200868136503239 8.48899708716715 7.1435297885394515
3.200868136503239 12.167216753581188 8.62134590050493
3.200868136503239 12.167216753581188 6.577271036068925
3.4134985010312495 7.98197904934295 4.4411921166300266
2.9961091566327593 7.128657584503349 3.7301931834728497
2.7259450874729763 5.831801658708375 4.087946092258293
2.7259450874729763 6.474992329666552 6.031757531598295
2.7259450874729763 7.596406665354046 6.564011559344973
2.7259450874729763 7.708795114071769 6.5374782247939125
2.7259450874729763 8.44715402057147 6.751881221509133
2.7259450874729763 8.44715402057147 5.7582526998594945
2.7259450874729763 7.548430340947787 6.635927106364795
2.7259450874729763 7.548430340947787 6.051253504332644
2.7259450874729763 7.548430340947787 6.398533858409796
2.7259450874729763 7.9066368219365835 6.959840081413239
2.7259450874729763 7.9066368219365835 7.6637098636027545
2.7259450874729763 9.758469237855206 8.965104808849887
2.7259450874729763 9.758469237855206 4.601566225926887
2.7259450874729763 7.7707237964541065 3.348471010664775
