1.0348097240143663 7.591910736912846 5.185684079921417
1.0348097240143663 7.549272300742016 3.9512706275990883
1.0348097240143663 6.580989641384669 4.352632133273845
1.0348097240143663 7.799284141395432 5.943341733976976
1.0348097240143663 7.799284141395432 4.25233182573597
1.0348097240143663 4.597935294087659 3.79807219056454
3.7510674875800025 4.597935294087659 2.871760854818431
4.153269839689347 5.695554699029444 4.1150582588376245
3.7510674875800025 7.201210872585623 6.406355331800846
3.7510674875800025 7.201210872585623 6.22233191825611
3.7510674875800025 7.949909892093025 6.179187488971947
3.7510674875800025 6.980046895127103 6.226882013892922
3.7510674875800025 7.692586806956573 6.600753192115928
3.7510674875800025 7.692586806956573 6.642108599276013
3.7510674875800025 7.174867464018105 6.41554470745556
3.7510674875800025 7.575204692245755 5.677675696769174
3.7510674875800025 6.914889178906305 5.53256076671845
3.7510674875800025 6.544435379118493 5.272755123679335
3.3009672861741284 9.294794689660286 6.052702126795173
3.3009672861741284 9.294794689660286 4.124883019548094
3.3009672861741284 6.206893364291737 4.831481695513475
3.3009672861741284 6.206893364291737 5.808185690905245
3.3009672861741284 6.5141643444405695 5.989574302993809
3.3009672861741284 7.526960481213649 6.819757384776522
3.3009672861741284 6.264450520469435 5.527008777372859
3.3009672861741284 6.583065188773613 3.853703193505873
3.3009672861741284 6.583065188773613 4.661419745566992
3.3009672861741284 6.583065188773613 4.634516756271729
3.3009672861741284 6.317433506299597 4.5187450156449795
3.3009672861741284 7.412428469983672 5.824188575699164
3.3009672861741284 7.337579919180262 5.941872608848358
3.3009672861741284 7.6299916283229745 6.838291766001903
3.3009672861741284 7.244377056910421 5.503524572296401
3.3009672861741284 6.418738113081311 5.130544514841336
3.3009672861741284 6.418738113081311 5.002561634858593
3.3009672861741284 6.214550748644648 5.3451497527686085
3.3009672861741284 4.539420601433889 4.172614673268194
3.3009672861741284 6.07756048731186 5.251095191632694
3.3009672861741284 6.044547011474698 4.119934792008506
4.360539926240623 3.6777632809113645 2.9624448986099936
3.1296734531122437 6.254389481320796 4.848354496080825
3.1296734531122437 6.666828007890089 6.1765750156207035
3.1296734531122437 6.666828007890089 5.616817462936634
3.1296734531122437 6.666828007890089 4.501942126967584
3.1296734531122437 7.649944940518873 5.245000498469567
3.1296734531122437 7.649944940518873 5.292378898296007
3.1296734531122437 8.730303907023178 7.005345739323608
3.1296734531122437 6.965202112925574 5.31378673850469
3.9590254809392538 6.965202112925574 3.7484123754337304
2.125258339661372 7.618418053939347 5.70369922426448
3.9590254809392538 7.618418053939347 5.234388724200569
3.9590254809392538 7.28176335627229 5.252764712717027
3.9590254809392538 6.3473812284102 5.907757157617048
3.9590254809392538 7.2338724091924895 4.73487798208075
3.9590254809392538 7.2338724091924895 3.5129102540123576
3.9590254809392538 4.353911739920065 2.8505862141689975
2.8191709034535717 3.960954711416044 3.7671589427282037
2.8191709034535717 4.921734140975971 4.237301764660877
2.8191709034535717 5.518267614980058 4.881760349832515
2.8191709034535717 5.581905294873408 4.579401814374233
2.8191709034535717 4.689988145271762 4.24928985448849
2.8191709034535717 5.269806303450142 4.295842158433224
2.8191709034535717 6.075706310272903 4.694747758234204
2.8191709034535717 7.52474335071579 6.581222161212712
2.8191709034535717 7.52474335071579 5.129373498695727
2.8191709034535717 8.256958942563287 6.619070811190098
2.8191709034535717 9.590154823636642 8.255796654699646
2.8191709034535717 9.590154823636642 7.39729431088412
2.8191709034535717 9.043015946988163 6.938432086926484
2.8191709034535717 7.741254026707052 5.915784220505746
2.8191709034535717 7.741254026707052 5.860568242591991
1.9632629999535394 7.581739819311828 2.889477889410721
3.814564513203312 6.532532959473716 4.16742828643439
3.814564513203312 8.484342826887206 6.301891359697532
3.814564513203312 8.484342826887206 5.179671662486811
4.416156716760668 5.843198987390451 3.4926848769582994
3.8701743849958707 5.843198987390451 4.197873110597464
3.8701743849958707 5.283935178299043 4.467224129834602
3.8701743849958707 6.23778264829982 5.543809796389761
3.8701743849958707 6.23778264829982 5.2376014915952105
3.8701743849958707 6.408212276418293 5.871864270357427
3.693997774178428 7.962963685064997 5.7821390127735866
3.693997774178428 7.962963685064997 3.8102612527550184
3.693997774178428 4.291065480767806 3.9385866880802745
6.006520194550859 6.858199878437725 5.098928960481308
6.006520194550859 9.768721421412332 7.411565820359083
6.006520194550859 9.563756123592112 8.179191854814757
3.9032495204458546 9.563756123592112 6.9715916434707355
3.627901687214188 7.951079082124036 5.230879869433062
3.627901687214188 7.687870561789598 5.111567556981286
0.45994115687669934 7.414729224536202 4.001899591737759
0.45994115687669934 7.414729224536202 2.9039331690605388
0.45994115687669934 3.5925821583042716 1.7893871884134862
0.45994115687669934 3.452031700517989 1.955790049827243
0.3538876977193053 3.7770701453673934 0.8352942030265553
0.3538876977193053 3.1454331340040302 1.2740424835953836
0.3538876977193053 5.899190802602639 3.549144959259782
0.3538876977193053 6.317587966189432 4.164668109810532
0.3538876977193053 5.732740135834746 2.44675735115798
0.3538876977193053 5.0331724595860265 3.075281386887233
