2.727976652130025 7.689837301157969 5.704152829740849
2.727976652130025 6.644758030602684 5.030888619322971
2.727976652130025 6.585124410043971 6.182768347843819
2.727976652130025 6.322902534736539 5.934563509926061
2.727976652130025 9.354728877392752 6.869440082106706
2.727976652130025 6.322902534736539 4.4348792939662065
0.34355831636088086 5.702766555655561 3.1569756860084044
0.34355831636088086 5.702766555655561 1.9784763953829005
0.34355831636088086 3.6818076337857524 0.7343627079437686
4.717638570020714 3.1243078051644884 1.6407052703902303
0.34355831636088086 4.717638570020714 2.32341559951249
4.498804949865729 5.219793939250518 2.4690157756631317
4.498804949865729 5.159717153950421 4.36986405737105
0.34355831636088086 4.88450082224367 3.862542504926083
0.34355831636088086 10.840839524365002 6.430869926945126
0.34355831636088086 12.986705824429183 7.639658713151497
0.34355831636088086 7.437024852951421 4.738461293396489
0.34355831636088086 7.437024852951421 3.2509991696659637
0.34355831636088086 3.320980124361594 1.8879879781949844
0.34355831636088086 1.4908065796770775 1.089345670825498
0.34355831636088086 3.0435870060806036 1.170149974298293
0.34355831636088086 5.66296218282935 4.946718105382544
5.311241793991027 5.66296218282935 2.7631765732415112
5.311241793991027 5.646122942363224 3.24865995430638
5.311241793991027 7.643338307485598 6.733075517206455
5.311241793991027 7.643338307485598 6.431681287965788
4.329541959947932 7.643338307485598 5.406934848618152
3.690722479804315 6.772204998839369 5.061167802405484
4.372919932869838 6.507320872930698 6.086928482993355
4.372919932869838 6.518183447141006 6.355978339495314
4.372919932869838 6.518183447141006 6.373161464604846
4.372919932869838 6.518183447141006 5.554109216313334
4.372919932869838 6.518183447141006 5.039419846072043
4.372919932869838 6.057798250973544 4.341883727688713
4.372919932869838 8.33174499764895 6.636504450011479
4.372919932869838 8.33174499764895 6.0841002949451335
2.902473441935929 7.03994032099722 4.870691008816292
2.902473441935929 6.634671201665434 5.929786087334156
2.902473441935929 6.634671201665434 4.820255896034779
2.902473441935929 6.634671201665434 5.373101050640237
2.902473441935929 5.901936375218742 4.545393129551329
2.902473441935929 5.901936375218742 3.185782593111536
2.902473441935929 5.901936375218742 4.852895065906932
2.902473441935929 5.594191349726387 4.580539949799832
2.902473441935929 7.657663003063499 5.961587224095466
2.902473441935929 7.657663003063499 5.06319606806326
2.902473441935929 6.147322952539309 5.714779763619547
2.5746534914416377 6.147322952539309 3.793262387176495
2.5746534914416377 6.484719779265166 4.733549526844505
3.947689352584988 6.484719779265166 4.006226709767885
3.947689352584988 6.119028744673589 4.942415207133338
3.947689352584988 6.639354049175861 5.501371025109572
3.947689352584988 7.0691986657783605 6.441254073459492
3.947689352584988 7.57899979824934 6.231249177482994
3.947689352584988 7.7009388597447845 6.432157796684449
3.947689352584988 6.565838920857125 5.1921966707152505
3.947689352584988 7.641683620776984 4.514150800673399
3.947689352584988 7.641683620776984 5.466243655398217
3.947689352584988 9.102111243771446 7.324697858050138
3.947689352584988 9.102111243771446 6.981256961194607
3.947689352584988 7.710589918051882 5.951652330107075
3.947689352584988 7.710589918051882 5.536051120362771
3.947689352584988 7.710589918051882 6.410768410579489
3.947689352584988 6.849348570510843 5.5882576577630205
4.373900514947405 6.849348570510843 5.110754450923591
5.374465192489616 6.287404222789476 4.2745908832725705
5.4894515767380945 5.740709599965641 3.7227114609609275
2.871023757099572 5.374465192489616 4.8488547726688
5.4894515767380945 6.698274182296299 5.40490883210171
5.4894515767380945 6.698274182296299 4.791205327659549
5.4894515767380945 5.751013412354553 4.205845952315543
5.4894515767380945 8.434513605010109 5.8345884151765715
5.4894515767380945 8.434513605010109 5.429463011892303
5.4894515767380945 7.545249372374739 6.923598139830785
5.4894515767380945 10.154944228118094 7.7599593629992185
5.4894515767380945 10.154944228118094 7.332609401561154
5.4894515767380945 7.646779484053644 6.656604295492431
5.4894515767380945 7.113997147510901 6.253631550895632
5.4894515767380945 7.144431971440305 6.975952771710923
5.4894515767380945 7.096386145206992 6.168404933123742
5.4894515767380945 6.657360404483594 6.51116258890665
5.4894515767380945 10.380281447731335 8.206303057368126
5.4894515767380945 10.380281447731335 7.280021444160135
3.730059067447535 7.426744924963057 4.271695052378524
2.7059023101605466 4.404699041465502 3.6197185890610064
4.779917612417037 7.1075940991273185 5.1059337852149635
4.404699041465502 7.635577831635935 6.184869553804082
4.404699041465502 7.524017611788956 6.584904720204911
4.404699041465502 7.524017611788956 6.873881297859563
4.404699041465502 7.698001553193391 7.43758858651371
4.404699041465502 7.698001553193391 5.574180299087774
4.1116264813690435 6.322183232626436 5.462005037768815
4.1116264813690435 6.69050351174722 5.6392155155494486
4.1116264813690435 6.710065203878912 5.594852679359738
4.1116264813690435 7.129031012610939 6.105491132047167
4.1116264813690435 8.583529909477294 7.133637842764703
4.1116264813690435 8.583529909477294 6.814798519824581
3.934146806839149 7.533669952451113 5.8663319521577595
5.513008024480566 9.281269932794961 8.091199871631247
4.1116264813690435 7.035717104931813 5.508109291778875
