1.2037331299700438 7.524950185755296 5.249020190905765
1.2037331299700438 7.1102372830614815 6.260379571785617
1.2037331299700438 7.553609406876042 6.355978137241814
1.2037331299700438 9.141358411407639 7.009236486697338
1.2037331299700438 9.141358411407639 6.2984065157105285
1.2037331299700438 9.141358411407639 3.877751816984536
1.2037331299700438 5.060536583626092 3.058360022842436
1.2037331299700438 6.599272781062211 5.39525951046627
0.7558277300752931 6.599272781062211 3.7082738033668305
3.1233132299136135 5.694456824846025 2.5936290074113177
3.1427002693126735 5.465171083885792 4.084648417362275
3.1427002693126735 5.465171083885792 3.3927315952018096
3.1427002693126735 3.910284762598693 2.736521094530869
2.8305492128811953 6.453269303855599 4.71555538597793
4.897179068290161 5.012827134210916 4.2343660695303775
4.897179068290161 6.021639738202456 5.466383502562074
4.897179068290161 7.9866767140269985 6.42640457383572
3.842471879641558 7.956666949025413 5.3770446135189305
3.842471879641558 7.956666949025413 5.604576896547404
3.842471879641558 7.956666949025413 6.566362563448706
3.842471879641558 6.99481928141747 5.875434099165053
3.842471879641558 6.460041705625915 6.262240204358892
3.842471879641558 6.460041705625915 5.518199174891264
3.5684392587375346 5.715840711558666 4.651453362693385
3.5684392587375346 6.359398975890137 5.290197566921507
3.5684392587375346 6.3506608764384715 4.961822911940385
3.5684392587375346 6.3506608764384715 4.291869956142554
3.5684392587375346 5.888891140874794 4.83576412763369
3.5684392587375346 7.115127983888607 6.108638436735349
3.5684392587375346 7.115127983888607 6.071733903760901
3.5684392587375346 7.092249994194898 5.148850284029792
3.16967578986435 7.092249994194898 4.6872820688049766
3.16967578986435 6.074230749090919 3.5522668025334894
3.16967578986435 6.074230749090919 3.3664255078830427
3.16967578986435 5.016300650075625 4.448086097503304
3.16967578986435 6.205599524296819 4.645651168138894
3.16967578986435 6.205599524296819 4.387236157697138
3.16967578986435 7.77681212886378 6.44151666870472
3.16967578986435 7.77681212886378 4.9785970893197335
3.16967578986435 6.148772226276073 5.144127338558493
2.006895912337342 7.647558845161052 4.77163647100898
2.006895912337342 7.647558845161052 2.33707413537025
2.006895912337342 7.647558845161052 3.973343640332967
3.803715738257463 7.648571832599899 4.922786892212844
2.006895912337342 7.648571832599899 3.955163659688945
3.803715738257463 7.648571832599899 5.110486932078831
3.803715738257463 6.410119373217835 5.774261021964402
3.803715738257463 6.410119373217835 6.012756523015152
3.803715738257463 6.410119373217835 5.63997937800864
3.622274221798666 6.566367507317267 6.206198584973729
3.622274221798666 7.744608779485647 6.32603503827173
3.622274221798666 8.563986688757158 6.931734681907813
3.999548818151951 8.563986688757158 4.907813245519131
3.0147565127288805 7.304785655280423 3.715262276944399
2.957783445152675 5.871399109254462 4.207922337742371
2.957783445152675 8.416838803840673 5.547411450122781
2.957783445152675 8.416838803840673 4.877557132633386
2.957783445152675 8.416838803840673 3.9241567089364313
2.957783445152675 8.416838803840673 3.8946099401411574
2.957783445152675 6.4378108651438914 3.7695055182779633
2.957783445152675 4.4035370885988385 4.24921048912907
2.957783445152675 6.106339491901952 4.66344520263874
2.957783445152675 6.106339491901952 3.647619205539206
5.748329633164751 6.599771954545446 4.755099221372937
5.748329633164751 6.599771954545446 3.518562459571319
5.748329633164751 3.8865120047138224 2.932597251896924
5.748329633164751 5.6370418152212345 4.025869195147287
5.748329633164751 5.6370418152212345 3.627295226276419
5.748329633164751 6.25581589030298 4.7761585691771105
5.748329633164751 6.25581589030298 4.4616181807167585
5.748329633164751 5.87112820545936 4.1180398768409
5.748329633164751 6.153366763913112 4.3092753477738714
5.748329633164751 7.725650159387127 7.269912068483075
5.748329633164751 8.043761217519044 6.749526845546136
5.748329633164751 8.043761217519044 4.604780047375059
5.748329633164751 6.269576836411467 2.710630870859368
5.748329633164751 6.321529893750405 4.629644950763143
5.748329633164751 6.321529893750405 4.353835005338231
5.748329633164751 6.321529893750405 3.929611211791981
5.748329633164751 7.2620085557728515 6.457623883014232
5.748329633164751 7.2620085557728515 5.588255117058282
4.243293229777056 6.153606457774462 5.463700432983931
4.243293229777056 7.649664384230956 5.937080953421744
4.243293229777056 7.649664384230956 6.440237390072411
4.243293229777056 7.649664384230956 5.170170085159913
3.3094079767718303 5.363192738297432 4.254169199470038
3.3094079767718303 6.369280370839089 5.04719453565861
3.3094079767718303 6.369280370839089 3.718545126696151
2.4325092565137933 7.643332229039013 2.8775062831605873
3.6504756857806773 6.128940508219085 4.134570275420737
3.6504756857806773 6.128940508219085 4.864606483089552
3.6504756857806773 5.9263101172145625 4.897304491494521
3.6504756857806773 6.305351573863447 5.696136702204278
3.6504756857806773 6.305351573863447 4.289550461469066
3.6504756857806773 6.305351573863447 4.241620828999615
3.6504756857806773 6.183835394358418 6.020321676651264
3.6504756857806773 9.113401598735116 7.5980939103844465
3.6504756857806773 9.113401598735116 6.094349518242504
3.6504756857806773 9.113401598735116 6.811720035055598
2.5861218894558893 7.283398022378364 3.187715492698107
