3.3408918167241954 7.6310696308499715 5.400123443980959
3.3408918167241954 6.670689118503155 3.433475818736123
3.3408918167241954 6.670689118503155 4.486852365226834
3.3408918167241954 7.440371699986418 6.0759029504220585
3.3408918167241954 6.420648125217099 6.338272688512473
3.3408918167241954 7.814691498213675 6.0216921265968475
3.3408918167241954 7.814691498213675 7.084475159311203
3.3408918167241954 9.313280688943589 6.057480515868593
3.3408918167241954 9.313280688943589 4.4848885828929035
3.3408918167241954 5.71246272122654 5.071809426204653
3.3408918167241954 5.71246272122654 4.361148991826006
3.3408918167241954 5.71246272122654 3.678330044784984
3.3408918167241954 5.850256401653347 4.756275686592426
3.3408918167241954 6.126390888453418 5.124286112777153
3.3408918167241954 4.678008035249849 4.391076755317437
3.3408918167241954 6.34960270018242 5.8684188938453845
3.3408918167241954 8.130932693185649 5.653227282277386
3.3408918167241954 7.44483952009181 5.069527285133659
3.3408918167241954 8.384242360888443 6.6610842880939085
3.3408918167241954 8.384242360888443 7.986144761278333
3.3408918167241954 8.384242360888443 5.589897109158685
3.3408918167241954 6.327661083023283 5.3194765640342245
3.3408918167241954 6.327661083023283 4.542302577068874
3.3408918167241954 7.159892438910589 4.732242961750573
3.3408918167241954 5.821001164463301 3.1353801935271717
3.3408918167241954 5.821001164463301 3.040195316292203
3.3408918167241954 6.097393881937336 4.509386076469374
3.3408918167241954 7.951473651505804 6.844475859434344
3.3408918167241954 7.951473651505804 5.631756509121752
3.3408918167241954 7.951473651505804 5.450564379145561
3.3408918167241954 6.639087339524995 5.309895672117988
3.3408918167241954 6.639087339524995 3.565501426556167
3.3408918167241954 4.296526324525935 3.95575717694235
3.3408918167241954 6.500501993312515 4.9726207242506915
3.3408918167241954 6.662341724490705 6.144006737796749
3.3408918167241954 6.662341724490705 5.679351361465887
3.3408918167241954 6.505091032602309 5.357252328409632
3.3408918167241954 6.685469144507852 5.671791639820308
3.3408918167241954 6.685469144507852 5.757589322525007
3.3408918167241954 6.282778129222784 4.862959906765173
3.3408918167241954 6.6475205025342134 3.851505967865776
3.3408918167241954 5.963645316255647 4.7018075960534915
3.3408918167241954 7.562605864585278 6.444818109253986
3.3408918167241954 7.562605864585278 6.971368563424514
3.3408918167241954 7.562605864585278 5.941525582334236
3.3408918167241954 8.568024688478577 6.739108923305707
3.3408918167241954 7.562605864585278 6.119162269924477
3.3408918167241954 7.447020848045664 5.585880077122645
3.3408918167241954 6.0539017908451065 5.837451407552441
3.3408918167241954 7.439833215672081 4.922234259054631
3.3408918167241954 7.439833215672081 5.981156461237483
3.3408918167241954 7.620487226802149 6.192089462840066
3.3408918167241954 7.620487226802149 6.485773798148752
3.3408918167241954 7.131152573541494 4.992990767866288
3.3408918167241954 7.131152573541494 6.232643754251971
3.3408918167241954 6.668320234650523 5.005275012762809
3.3408918167241954 6.668320234650523 6.060983909731703
3.3408918167241954 8.137358472573528 6.828349971704596
3.3408918167241954 11.044630296740959 7.658484024459882
3.3408918167241954 11.044630296740959 5.488287072180487
3.3408918167241954 11.044630296740959 5.944078684042904
3.3408918167241954 7.1749367901006345 6.216509383751661
3.3408918167241954 6.7016210306336745 4.6191557166282635
3.3408918167241954 6.26854584636029 5.25701003595481
3.3408918167241954 7.611145652531873 3.8949217071595648
3.3408918167241954 6.284895075714832 3.9149631200101798
3.3408918167241954 5.921710179280922 5.407103673159332
3.3408918167241954 5.921710179280922 5.074376185736048
3.3408918167241954 6.5276090200641335 5.26640693971485
3.3408918167241954 6.5276090200641335 4.301408591456799
3.313715254598986 4.135858537668984 3.7219108262981093
3.313715254598986 4.533251960472079 4.269330915174208
6.479247838755192 4.533251960472079 4.272517217300238
6.479247838755192 5.808502431743182 5.289612999342349
6.479247838755192 8.526477532895248 7.168772059325386
6.479247838755192 8.526477532895248 5.523418334215859
3.2818136139459857 6.479247838755192 4.392861619551191
3.095882760368742 6.479247838755192 3.8832964246624364
5.91200312262994 6.479247838755192 4.468670982392564
5.91200312262994 6.275721944988067 5.101790081579426
5.91200312262994 6.275721944988067 4.637765540667206
5.91200312262994 6.318522092636385 5.173365229675617
5.91200312262994 6.599316860231777 5.503761734005397
5.91200312262994 7.126548913563912 6.367684663827253
5.91200312262994 7.18646734933486 6.205863901656366
5.91200312262994 7.021003430711559 5.214885269840936
5.91200312262994 5.510850950631127 4.828418628210421
5.91200312262994 6.968460501246794 6.150954951865047
5.91200312262994 6.143101371366182 6.550513914519883
5.91200312262994 6.652059431980767 5.939090195040757
5.324214184156599 6.953562378752803 6.087585994294674
3.648669880305985 6.953562378752803 5.766569544873906
3.648669880305985 7.1939435934764635 5.500665890589899
3.648669880305985 7.232397570567279 5.602558838969109
3.648669880305985 7.232397570567279 6.19525923717104
2.731765062936994 7.232397570567279 4.63850058568214
2.731765062936994 7.232397570567279 4.297051939067329
2.731765062936994 7.232397570567279 3.525921631343572
2.731765062936994 5.506783034431312 4.4938918315509015
0.5789184515604373 7.433360536201899 5.657636096695428
