6.092209008924026 7.673559864908977 5.355906616810345
6.092209008924026 7.673559864908977 4.389519757314969
6.092209008924026 7.3825139333506495 5.206712638672118
6.092209008924026 7.3825139333506495 5.516812974473441
6.092209008924026 7.279198844358994 5.042615876361108
6.092209008924026 6.6177212137360115 5.092552973828929
6.092209008924026 6.461479983249241 5.393696853225471
6.092209008924026 7.2478332608828175 5.511365763368861
6.092209008924026 7.2478332608828175 4.378475348197117
6.092209008924026 6.4485300877296865 5.944413965255843
6.092209008924026 6.605631795768126 6.343750193412563
6.092209008924026 6.651183610959567 5.049474292677259
6.092209008924026 6.651183610959567 4.821342479554319
6.092209008924026 6.651183610959567 5.110964056859059
6.092209008924026 7.521325655698686 6.7989273200734806
6.092209008924026 9.5609300490928 7.424737991107455
6.092209008924026 6.969587295283921 5.619309773042263
6.092209008924026 6.969587295283921 4.150755236849633
6.092209008924026 6.648852512725284 5.1493199402038705
6.092209008924026 6.552332731894698 4.3885374088113815
6.092209008924026 6.344879921509513 4.911992574039692
6.092209008924026 7.603935486366613 5.382544162364166
6.092209008924026 7.603935486366613 4.094908965398439
6.092209008924026 6.452508178615918 5.422462950677149
6.092209008924026 7.315173955547097 6.425530720055687
6.092209008924026 7.707721487844196 6.660093955728429
6.092209008924026 7.707721487844196 5.019447389624942
6.092209008924026 6.518572724804393 4.455280064562405
6.092209008924026 6.234404963403776 2.975424181340703
5.069004606627029 6.475721735055586 3.0831595189085896
6.117674937752181 6.310738157296772 4.169709372345659
3.481210715052175 6.310738157296772 4.413478836219894
3.481210715052175 6.238419213499711 5.729565382362807
3.481210715052175 7.777789795114366 6.302584649957271
3.481210715052175 7.777789795114366 4.087814650420968
2.889003424796535 5.069414058908517 4.568531765326029
2.889003424796535 6.1901736052270415 5.047056647030148
2.889003424796535 6.1901736052270415 4.717596883027314
2.889003424796535 5.248625417381806 3.6311029997682946
2.889003424796535 6.682592673596549 4.951705717510166
2.889003424796535 6.682592673596549 4.767002298475949
2.889003424796535 6.682592673596549 4.957872450973648
2.889003424796535 6.5894478909011305 6.114661583258446
2.889003424796535 6.5894478909011305 5.956160314063896
1.326631705469428 6.5894478909011305 4.277100718237056
1.326631705469428 7.776451667841762 6.0170002864459295
1.326631705469428 7.870791041888598 3.915449612741666
2.722610186661481 6.384744616791366 5.816433190700313
2.722610186661481 6.652478126697908 5.269948997650749
2.722610186661481 6.652478126697908 5.316709635052387
2.722610186661481 6.652478126697908 4.874961254473254
2.722610186661481 6.362976269124676 5.698114136976022
2.722610186661481 6.362976269124676 4.471511047337782
2.722610186661481 6.49979727920552 4.937856249009191
2.722610186661481 6.49979727920552 5.316671187671161
2.722610186661481 7.417061312399552 6.643568921850516
2.722610186661481 7.495018879322476 6.38107304373066
2.722610186661481 7.495018879322476 5.742721807616412
2.722610186661481 7.495018879322476 4.6377880763733295
2.722610186661481 6.413162587928319 5.515061729355967
2.722610186661481 6.413162587928319 5.368457002513085
2.722610186661481 6.413162587928319 5.2433149135070565
2.722610186661481 6.596905366747325 4.717473624903796
2.722610186661481 4.136204658912568 3.2797609900215257
2.722610186661481 6.155642397692819 4.42578840458815
2.722610186661481 6.155642397692819 4.830978880327726
2.722610186661481 6.500834149721602 6.194488447899358
2.722610186661481 6.500834149721602 4.954185198560346
2.722610186661481 5.631296670287622 4.781018505095835
2.722610186661481 6.544917712085638 5.230617437335292
2.722610186661481 5.641312759123959 3.724236833953074
2.722610186661481 4.3581426342779075 4.149428861420973
2.722610186661481 6.31443836169014 5.264197259498785
2.722610186661481 6.556263575845502 5.393702993009485
2.722610186661481 6.785490229055066 5.471641829376374
2.722610186661481 7.6365697347676935 7.415738801271864
2.722610186661481 7.6365697347676935 6.626395108837667
2.722610186661481 7.320407110594729 6.592334925938402
2.722610186661481 7.320407110594729 5.6774397390667
2.722610186661481 6.563462458064553 4.660654213093022
2.722610186661481 4.605775226603189 4.467397197977038
1.1067438850624147 6.5225951899221 4.118283429141653
3.594780482779289 6.5225951899221 3.63436303529838
1.1067438850624147 6.163536221954182 3.4114082173291633
1.1067438850624147 6.000563211892832 3.5969808149627944
3.594780482779289 6.000563211892832 4.718257252125833
3.594780482779289 6.049533706369306 4.373866595741318
3.594780482779289 6.7099019752642235 5.053264002709023
3.594780482779289 7.623035775132987 6.064773053667339
3.594780482779289 7.623035775132987 5.663776587448074
3.594780482779289 8.798115455740513 6.649272523908575
3.594780482779289 8.798115455740513 4.767637941049726
3.594780482779289 6.330498984279153 4.482879229128521
3.594780482779289 4.848528543198913 4.427611431304456
3.594780482779289 4.848528543198913 4.386595476875555
2.1664155837793158 4.582216430841129 2.9869315837066908
2.1664155837793158 4.436138993713296 2.492023546544025
2.1664155837793158 2.1664155837793158 2.166415583779315
2.1664155837793158 4.198244703368996 2.8293233028762526
2.1664155837793158 6.639903407720478 5.081003484765303
