1.6210234642282129 7.34717257423061 5.326529392236771
1.6210234642282129 5.132307659155192 4.4396840164777664
1.6210234642282129 7.2180171378967355 5.4654641343121195
1.4403895424201179 7.2180171378967355 2.462054144579321
1.4403895424201179 4.358242875933282 3.599473281522305
5.934640760407859 4.358242875933282 3.7536282763861664
1.4403895424201179 4.580298628752477 4.255263069841957
5.934640760407859 6.403274143840946 3.97152164847103
5.934640760407859 6.555942684727338 5.80183893105694
5.934640760407859 6.555942684727338 5.703247002390822
5.934640760407859 7.710321333098285 6.939118124372112
5.934640760407859 7.227115372403066 6.553895397668764
5.934640760407859 7.610320922926059 6.990628151505019
5.934640760407859 7.211668777934532 6.477514058698161
5.934640760407859 7.884358156767714 7.401464005881113
1.4403895424201179 7.884358156767714 3.939740320944223
1.4403895424201179 5.934640760407859 3.899591765312311
1.4403895424201179 5.727547357794766 4.457415869683854
1.4403895424201179 5.9397755885474055 4.989928709747795
1.4403895424201179 6.401981907574761 5.267050024259529
1.4403895424201179 7.747257362273356 5.891028239541892
1.4403895424201179 7.747257362273356 4.504392092449666
1.4403895424201179 7.747257362273356 3.3804482159956692
1.4403895424201179 5.470230601310867 3.9066517024814487
1.4403895424201179 7.047384822073633 6.3664233058694615
1.4403895424201179 7.047384822073633 5.780466561996491
1.4403895424201179 7.051757880867635 6.131024385626914
1.4403895424201179 8.180211471396724 7.029485712149706
1.4403895424201179 9.770494254446195 8.237843465225774
1.4403895424201179 9.770494254446195 7.359084771959095
1.4403895424201179 13.330747270533122 8.678783753407382
1.4403895424201179 12.898915894076445 5.621680036106695
1.4403895424201179 8.170958052414367 5.857532947612294
1.4403895424201179 8.170958052414367 5.2338671485658255
1.4403895424201179 6.190371337651008 5.247584288041022
1.4403895424201179 6.207001050429177 5.6525656127482895
1.4403895424201179 6.559353308184061 4.656656240384412
1.4403895424201179 6.736602747159587 5.739852355591824
1.4403895424201179 6.736602747159587 5.173255889078372
1.4403895424201179 7.305832524567759 4.804942455276296
1.4403895424201179 6.337479205265389 4.55348514570963
1.4403895424201179 6.337479205265389 4.21355851745665
1.4403895424201179 5.491115589866077 4.147625374800337
1.4403895424201179 5.564739074336824 4.700523083061329
1.4403895424201179 4.899384978384578 4.033554525428553
1.4403895424201179 6.427699330801133 4.19584127783986
1.4403895424201179 7.520169011443988 5.700892831827402
1.4403895424201179 7.588473041763647 5.948106038107917
1.4403895424201179 6.5158117070570185 4.96064222790732
1.4403895424201179 6.5158117070570185 5.817129333295344
1.4403895424201179 6.620526257950324 6.264142006408011
1.4403895424201179 8.599937577397288 6.471668017969
1.4403895424201179 8.599937577397288 4.2936974660394585
1.4403895424201179 5.664013298524726 4.620244902918296
1.4403895424201179 6.253137635094468 4.32453476533942
1.4403895424201179 6.253137635094468 4.33507966137942
1.4403895424201179 6.543728439330202 4.6439414996362816
1.4403895424201179 6.543728439330202 3.9252802995463014
1.4403895424201179 6.625376629178319 5.396401771831079
1.4403895424201179 6.625376629178319 3.677911597074795
1.4403895424201179 6.277611185422678 3.2375398190773996
1.4403895424201179 4.890813515743911 3.9856802821536905
1.4403895424201179 6.664273377406769 6.070488467264491
1.4403895424201179 6.664273377406769 4.583488825989312
1.4403895424201179 7.781049118388232 3.1422612206781655
1.4403895424201179 5.677408683517321 4.878136587083916
4.898696322392233 4.517724724545822 3.458831172349865
1.3086231698214417 4.517724724545822 3.6329137700056826
4.898696322392233 6.469251207755967 4.965615956479982
4.898696322392233 6.469251207755967 5.451690593431738
4.898696322392233 7.52835189680332 6.855868011825396
4.898696322392233 7.52835189680332 6.488063601457428
4.898696322392233 7.36332707563613 6.530103293553574
4.898696322392233 7.36332707563613 5.878321596905262
4.898696322392233 7.7779368034854155 5.394044520293733
4.898696322392233 6.661324491899826 5.369834602248075
4.898696322392233 5.761200844348533 4.861388100734068
4.898696322392233 7.977556894622623 6.723250974756707
4.898696322392233 8.212499306290438 5.3383538705907725
4.898696322392233 8.212499306290438 2.656553360567226
4.898696322392233 2.281735455155126 2.262273209448454
4.898696322392233 5.3080584336760275 3.3517494817159754
4.898696322392233 5.3080584336760275 3.8824307420963837
4.898696322392233 4.518727825449069 2.5949626077710595
4.898696322392233 2.281735455155126 2.245964242124019
4.898696322392233 5.596434588875656 3.6284407777120338
4.898696322392233 6.254967514345363 5.347537007787434
4.898696322392233 7.493583754442859 5.802300855313751
4.898696322392233 7.493583754442859 5.275624048355919
4.898696322392233 7.493583754442859 6.4911437531165985
4.898696322392233 8.975461540695337 5.327302681152677
3.2376084413317554 6.85162669420343 4.474744141928845
1.2696550463647864 6.85162669420343 2.9875491809866657
0.8657505403354375 5.833615951887705 2.072227399234967
0.8657505403354375 3.3463244863647934 2.064418546339903
2.980119287153315 3.262591747571886 2.6086309424457914
5.616958592986645 3.262591747571886 1.9276388538952474
5.177701547349791 5.616958592986645 5.363120763433921
5.177701547349791 6.100551068564794 5.48021753208268
3.970873973349374 6.100551068564794 5.069345011996165
