2.6895988711367527 7.64927519328832 5.494780117426603
2.6895988711367527 8.486829489907816 7.371432735250146
2.6895988711367527 8.486829489907816 5.443023581107289
2.6895988711367527 6.589309718858164 6.342423884459556
2.6895988711367527 7.763479995214835 5.967637615358216
2.6895988711367527 7.763479995214835 4.225377548073944
2.6895988711367527 6.86523810101947 4.493730461627413
2.6895988711367527 6.575978224426553 4.3262325536920825
2.6895988711367527 5.201982405792485 3.9201917153768973
2.6895988711367527 5.3791588823390555 4.715501905711417
0.693678547846805 4.584413718281059 4.350596625033692
0.693678547846805 4.884543413077605 4.192613955129873
5.570496017228944 5.619310642892678 3.010355483408742
0.693678547846805 6.5328468803842235 5.070304950718202
0.693678547846805 6.575925547584834 4.984119531937676
0.693678547846805 8.586988629883132 6.01843773875277
0.693678547846805 8.243273691258924 6.94994289478329
0.693678547846805 8.243273691258924 5.9358748452044106
0.693678547846805 8.243273691258924 1.8588605745265097
0.4588185296763041 5.32807612598539 3.208183551773883
0.4588185296763041 5.870143750926097 5.214857450281081
0.4588185296763041 5.63863130945057 4.474948509444079
0.4588185296763041 5.161661428925129 2.570255083805922
0.4588185296763041 5.450357551920387 3.89823628749328
0.4588185296763041 5.450357551920387 1.8183520873870032
0.4588185296763041 6.20243033552973 4.858986676926651
0.4588185296763041 6.20243033552973 1.9198304657583711
4.673174730295919 5.462930760641086 2.5164828061020494
4.91476066668525 5.462930760641086 1.9969675893395662
5.302900579149053 6.397797316545834 4.436701356936195
5.302900579149053 5.985914387815008 4.900773797523294
3.3836059112605175 5.985914387815008 4.733277758801584
3.3836059112605175 6.321635735187861 5.887568965555576
3.3836059112605175 7.333100406533806 6.396655736549268
3.3836059112605175 7.243048247436462 5.779975294527589
3.3836059112605175 7.219491754846249 4.6576089378994645
3.3836059112605175 6.662422897729034 5.08082076689592
3.3836059112605175 6.662422897729034 5.121321834659459
3.3836059112605175 7.575641825398746 6.562330988236976
3.3836059112605175 7.575641825398746 6.162980388716764
3.3836059112605175 6.131271479312641 5.754283835156674
3.3836059112605175 6.131271479312641 5.898202036389749
3.3836059112605175 6.5112516811033565 6.200151985555214
3.3836059112605175 6.5112516811033565 4.844540806663264
3.3836059112605175 6.131271479312641 4.350217565147236
3.3836059112605175 5.753390281812489 4.055115660044855
3.3836059112605175 5.326923790421464 4.816460104047782
3.3836059112605175 5.326923790421464 4.373686524839638
2.770514750780834 5.326923790421464 3.654524361135785
2.770514750780834 5.952241877563086 4.323269478145009
5.99642606961687 6.796516048887783 4.971156982213989
5.99642606961687 6.796516048887783 5.789683524781236
5.99642606961687 2.7868261052469063 5.64759479093816
5.99642606961687 7.403931861227008 4.344042033263258
5.99642606961687 6.541457331780077 5.265969692551249
5.99642606961687 7.657049817114661 6.274218759236057
5.99642606961687 7.657049817114661 5.6472370090721755
5.99642606961687 7.657049817114661 6.0117305783024095
5.99642606961687 7.657049817114661 6.100230780303924
5.99642606961687 7.3406743160006815 5.456375202114236
5.99642606961687 7.392127064478698 5.226552453014356
5.99642606961687 6.019746266168273 4.6143193563347955
5.99642606961687 7.022924287605804 6.561951623744896
5.99642606961687 7.7466036678899055 5.7346949971940315
5.99642606961687 7.7466036678899055 4.586962104478134
5.99642606961687 4.562905911087295 4.353094044634798
5.99642606961687 4.562905911087295 4.440284707070001
5.99642606961687 6.599047540396771 6.08197443945286
5.99642606961687 7.768576847320524 6.5257502968250085
5.99642606961687 7.768576847320524 6.00440272860402
5.99642606961687 7.578098127074794 6.57918415791978
5.99642606961687 7.376545293397042 5.581814029148225
4.835976380080609 7.621245460068387 6.422205231506718
4.861673828290694 7.621245460068387 6.228941659054264
3.9899837214224445 7.59315492212872 5.7487303663793945
4.489857171795098 7.59315492212872 6.3728032001061266
4.489857171795098 6.9165391371706235 6.650597195144882
4.363967732376796 6.8755757040750005 5.250354081625471
6.631437266805012 4.089405952546866 5.41106408252445
4.42474389692541 6.631437266805012 5.904989904574286
4.42474389692541 7.775802154383003 7.20738967219844
4.42474389692541 7.775802154383003 5.6669497545110525
4.42474389692541 7.775802154383003 5.674372108628585
4.42474389692541 6.0331155899135105 5.916179546761387
4.42474389692541 7.581062609086205 6.6201279930173405
4.42474389692541 7.581062609086205 5.669219363892944
3.8141330097395394 7.643730349664313 5.771898877746813
3.8141330097395394 7.643730349664313 5.346868031724681
3.8141330097395394 6.592227328126981 4.957924136338188
2.9620762770410534 6.592227328126981 4.473017230234618
3.3223202658376647 6.024037075485008 4.579595807407562
3.3223202658376647 5.697018074333965 4.635083968854026
3.3223202658376647 7.738881726492288 5.389668064113586
2.0641134231616722 7.432966195233401 4.108399023924054
2.0641134231616722 7.432966195233401 3.820780309368235
2.0641134231616722 5.707910272442408 4.5191011572188735
2.0641134231616722 5.053050646985906 3.599876303581935
2.0641134231616722 6.497767834287746 5.10603836168068
2.0641134231616722 7.697370077894792 6.675815889843546
2.0641134231616722 7.697370077894792 5.379755998457045
