1.1301425860621923 7.721399147773919 5.340549348558584
1.1095613634233392 7.602845611154644 4.980915745046497
6.029241609981092 7.602845611154644 3.549806570486166
5.763663739597622 7.136621076082292 4.493153456693652
4.040367683741977 7.136621076082292 4.133903696479557
1.6161297549010425 7.405527087872105 5.01596940399549
3.35292323533977 7.405527087872105 4.633136342791392
2.7896300115648356 7.405527087872105 5.599891354201215
2.7896300115648356 7.405527087872105 5.615759480928108
3.35292323533977 6.670271433906439 3.9632010778495883
3.35292323533977 6.670271433906439 3.9282317403448705
3.1342772419468266 6.097652279194268 4.9183454809562654
3.1342772419468266 6.9277266291075 5.967546990252381
3.1342772419468266 6.9277266291075 5.400153463363429
3.1342772419468266 6.9277266291075 5.186489313640188
3.1342772419468266 6.9277266291075 3.9729268301692433
2.8809186402863713 6.221547508117176 4.0490521082799535
2.8809186402863713 7.480356646495174 4.9400194497604595
2.461536859964476 7.480356646495174 4.481183950018004
3.0873993800187596 7.158407378167993 3.938475755980898
4.006515580338235 7.158407378167993 4.683276500651013
2.0383015798063018 6.45260609939875 3.5438254962896387
2.9640155654175904 7.762437857325965 3.4670393450757793
5.587266445808151 6.199525680437656 4.395258721683181
5.587266445808151 6.619143017460335 5.8783008908055026
4.310451942886537 5.6262183077054075 5.099553376343758
5.696431676031608 8.62407972751918 5.162497108553387
2.6962952531455753 8.62407972751918 3.840061421120073
7.369303632161625 7.529881143759345 5.503644058838706
4.310451942886537 8.859170979829905 7.154529062490096
4.310451942886537 6.356448228210322 6.407847330258773
4.13544280806234 9.203179746183354 6.083649672286851
5.92257793443142 7.618527139726359 5.7423641426638055
6.575652201189719 7.657974880050004 6.289206394812712
3.8933215588388284 7.657974880050004 5.4763071730073
3.8933215588388284 7.77661386753234 5.425675366078134
3.8933215588388284 6.633492742000211 5.962416967377053
3.8933215588388284 6.518258553599111 5.905483833869322
4.040695206493478 6.633492742000211 5.273110158599321
5.8126725620459325 10.284096968557895 6.31568888664157
5.8126725620459325 10.284096968557895 5.171942764150696
5.746678275239557 10.284096968557895 5.862328768529028
5.8126725620459325 7.575007200428894 6.392193628897064
6.2121159985999554 7.575007200428894 5.019276810160749
5.8126725620459325 7.631832975081521 5.982470294814294
5.8126725620459325 9.165508416622558 7.59198340304759
4.15995283978776 7.745221076299979 5.976714910573296
3.2229014642186837 7.784364219729865 5.5223558537341
4.15995283978776 7.718468460731232 6.508563358691527
3.2229014642186837 7.364117088900898 5.618501737177238
3.186100361346114 7.364117088900898 4.807837842885853
1.6209869004574107 7.364117088900898 3.6548605869307975
3.2560361621198877 7.315661864607524 3.3504167689382216
6.583768916641784 6.4355954483312985 4.230734562780425
3.186100361346114 7.356132552013042 4.6381769465570235
3.186100361346114 7.356132552013042 5.964751800240546
3.186100361346114 7.356132552013042 5.225056897972781
4.965720871425329 6.583768916641784 4.072422742246008
3.2063692456492885 6.353256472678229 4.694981404536351
3.1765858924749506 6.498906354178622 5.33708117188932
3.1765858924749506 6.761846721702344 5.126924595909181
4.602265365242733 6.761846721702344 4.159058978757011
3.1765858924749506 6.979568619903537 4.878479496529788
3.1765858924749506 7.609581771656547 5.500812447491197
3.1765858924749506 7.609581771656547 5.970202237400327
3.178465722767499 7.609581771656547 4.70545828532628
3.178465722767499 7.29299939778927 5.149148679147528
3.178465722767499 6.584785155852803 5.267772846949657
3.178465722767499 6.77639330439791 5.679356220536585
3.881460708678699 8.43464209109305 5.706379114492685
3.178465722767499 5.992008047723797 5.649352304390808
7.008365895405367 6.136449768928408 3.706690268132964
7.008365895405367 5.370609908631341 4.03436019539745
7.008365895405367 5.6971975500113174 5.051825736085588
7.143053043971573 7.008365895405367 3.741861988223424
3.5628981800697983 7.143053043971573 4.6575754813778465
3.5628981800697983 7.143053043971573 4.713077378001512
6.294490000359307 7.494660489170286 5.249418312135158
3.5628981800697983 7.494660489170286 4.52427317134966
3.5628981800697983 7.494660489170286 5.303852358921741
3.5628981800697983 6.726365865965024 4.633784533360867
5.117795880012942 6.294490000359307 3.8139227099291215
3.8819970483013617 6.376212978361327 4.8300308031477845
4.203020287630515 6.560768034952865 4.462439533888961
3.8819970483013617 5.372791074343194 4.841385059956274
3.7332664579487944 6.698619147812799 4.450191005891985
3.0986028449435357 6.570969956719704 4.961883420360895
3.0986028449435357 7.552476773389845 4.971478400886363
7.063423589863028 7.552476773389845 4.076652973059517
5.990099081228838 7.063423589863028 5.373732438977221
5.575261475393578 7.063423589863028 4.872544807532136
4.326482119102032 7.063423589863028 5.626947950153928
4.326482119102032 6.535489001219251 5.9756618216358515
3.6062802957695905 6.535489001219251 5.182765019743936
3.6062802957695905 6.556139735678418 5.04336704702538
3.6062802957695905 7.899972408322519 6.03488834856347
3.6062802957695905 9.022613802928834 6.195980346363441
3.6062802957695905 9.022613802928834 5.523850512372228
3.5133394257817945 6.423235852982959 3.850654463932143
0.7917775993447091 7.113468033740528 3.8393883571553555
