5.771364833787413 7.774444644281683 5.635651895604825
5.771364833787413 7.692552701558732 5.111891366298919
5.771364833787413 6.366468172410105 5.912031869767677
5.771364833787413 5.255945224759952 6.226337659540267
5.771364833787413 7.062940559359571 6.1727447045419055
5.771364833787413 7.062940559359571 5.445523153794837
5.771364833787413 7.062940559359571 5.246876606799651
5.771364833787413 6.320447623600071 4.47711481288672
5.771364833787413 6.320447623600071 5.006393648240496
5.771364833787413 6.320447623600071 4.645385774260768
5.771364833787413 4.6944953266401335 5.114548308748226
5.771364833787413 6.461488634025873 5.550679943032891
1.3214061484854693 6.461488634025873 4.366965386452182
3.858228964632652 7.510273565133282 5.795073225328938
3.858228964632652 9.260183060505733 5.8393892796668965
1.2579942972205456 9.260183060505733 4.350501918211019
4.354423313962997 7.625530682025445 4.520311773536047
5.040244650531243 7.698971725054328 4.904265193855787
3.0340927204915684 8.970770217069141 6.629454456805279
3.0340927204915684 7.560677495064235 6.037554518183607
3.718610449181597 6.354371193012909 4.7240599037432975
3.0340927204915684 6.346867181536712 4.344441047379206
5.655049476946946 6.963285365765898 3.6977910859314727
5.967841734322597 7.104815820631186 4.873652015077442
1.8731839651880553 7.104815820631186 4.7094230266555375
5.967841734322597 9.611287611764409 6.552254473668379
4.725565763352563 13.47434415849224 8.042179548233541
4.183872354348022 13.47434415849224 5.42256820159359
4.183872354348022 13.47434415849224 5.759280627223399
1.9993133809090122 7.347912918923596 4.661222017336284
6.059233217536381 7.347912918923596 3.984182178537016
5.608944728735455 5.823558199975626 3.9639597160076288
3.22239928373503 6.635801861096244 4.698554971965129
2.691236196800585 6.909007805299456 5.282933677164237
6.6528091813936605 6.909007805299456 3.512190428391138
3.22239928373503 8.009590992462257 7.057905983613864
3.22239928373503 8.009590992462257 6.922367771575238
3.22239928373503 8.552542957846448 7.3609624228231665
3.22239928373503 8.552542957846448 6.913944779956242
3.22239928373503 8.552542957846448 6.0398948920654085
3.22239928373503 8.552542957846448 5.661299624449891
3.22239928373503 7.645354931854092 5.92486355431751
3.22239928373503 7.645354931854092 4.678996915722539
6.0143643935771856 7.645354931854092 4.023766339156441
6.647348369387785 7.072844429750532 6.138092086441227
2.7741234517529993 6.769249224427961 5.6850128127609
2.7741234517529993 6.769249224427961 4.453965254230276
4.193057012877766 6.630293795789701 3.532977103643497
4.193057012877766 6.630293795789701 4.444466526811935
4.063650333216984 6.441611665456588 4.037049592249577
2.9796420904978373 6.5727365342559665 5.27165068734778
2.9796420904978373 6.382793665244787 5.07697925356017
7.716240362101374 6.4338033076125996 3.9546437591149455
6.332922961752466 7.716240362101374 4.706123787718593
4.68889445768075 7.716240362101374 5.42519815015405
6.300281334019498 6.924928248531785 5.460161478259005
6.300281334019498 7.467271141531093 5.86391090984956
6.179331816591198 7.884295201896883 6.975475322959601
6.179331816591198 7.565455101686272 5.047679797559954
6.179331816591198 6.813693261682616 4.873482673296985
6.179331816591198 6.461925753275587 4.896757636285695
6.179331816591198 7.072830868869396 5.001276952028333
6.179331816591198 7.696295766950369 5.070082309055149
5.919008841864372 7.696295766950369 5.9856030548957255
5.919008841864372 8.116519619656733 6.736378501595831
6.222948052588258 5.632245038318196 6.77851327634685
6.222948052588258 4.784191455566287 7.0336446625904685
3.4506945642251314 5.613511323623481 6.295080444448872
3.4506945642251314 6.970965748516344 6.108092349106088
3.4506945642251314 9.238524779926436 6.949609837803364
3.4506945642251314 9.238524779926436 6.426187493663204
3.4506945642251314 9.238524779926436 6.164800338056073
3.4506945642251314 8.123050433718541 7.105180348125031
3.4506945642251314 8.123050433718541 6.403068668558576
3.4506945642251314 8.123050433718541 5.182141483548366
3.4506945642251314 8.123050433718541 5.098378140773468
3.4506945642251314 6.6632886895883345 4.924393784887263
3.4506945642251314 7.449857794246105 6.151191258885705
3.4506945642251314 7.449857794246105 5.955606758958403
2.3027044363937255 7.449857794246105 4.818398068170268
5.586860866750822 7.096180731325449 2.843564933669543
5.586860866750822 6.341488672532087 4.999288088575803
6.605028677513612 6.899210798723081 5.148919150363864
6.605028677513612 6.341488672532087 5.245137585251004
6.605028677513612 7.602581772360487 6.122824202589473
3.094261460733041 7.002848681964835 6.1831354132812555
3.094261460733041 7.002848681964835 4.881322575285657
3.2275635470072115 7.002848681964835 5.094203570382133
3.2275635470072115 6.813315921840957 5.434413456659819
3.2275635470072115 7.645331034648406 5.990564760073377
3.2275635470072115 7.645331034648406 5.959713536479204
3.2275635470072115 6.5363905840640655 5.732080617113029
3.2275635470072115 7.709925447692582 5.468494365096178
3.2275635470072115 7.671988740645322 6.91721287175082
3.2275635470072115 7.671988740645322 6.763934920259297
3.2275635470072115 7.508300005283489 5.7387719260535786
2.593395041312896 6.892490674856923 4.422066888926457
5.154520238536808 7.496135343239196 5.401583222876956
3.2275635470072115 7.496135343239196 5.951869165353146
3.1795355016091738 7.496135343239196 4.805024165665345
