3.3743804749115047 7.761613413641983 5.519696767060589
3.3743804749115047 8.645869867348033 6.105427822724672
3.3743804749115047 8.645869867348033 5.872434159967659
3.3743804749115047 8.645869867348033 4.5086085160577545
3.3743804749115047 8.645869867348033 4.039993010878352
6.062529763244061 5.887073106280802 3.83747699938852
3.3743804749115047 7.5910707058087326 6.0680799730663795
3.3743804749115047 7.5910707058087326 5.714113136709467
3.3743804749115047 6.221021285636084 5.2104276213428875
3.3743804749115047 7.494722050673987 5.238539153051058
3.3743804749115047 7.494722050673987 5.562115765178505
3.3743804749115047 7.494722050673987 5.819670938436031
3.3743804749115047 7.06859762161033 6.049626591883197
3.3743804749115047 7.134771690044275 5.103286701606952
4.396568989822075 7.134771690044275 4.714482301356411
4.021722195036009 7.134771690044275 3.7855252792968166
3.087616061414867 7.134771690044275 5.43710283177703
6.608022925948497 5.728146690340122 3.5423735318975895
2.9917921197173922 6.608022925948497 3.3921451497895188
4.566576762440693 6.323318606991776 2.2285856625360414
5.064619869417349 4.566576762440693 3.3929116228689495
3.2575930005583875 5.064619869417349 3.6757499582757838
3.2575930005583875 5.551587553440363 3.2953970627644913
3.2575930005583875 6.40401947748979 4.8173127237840525
3.2575930005583875 6.40401947748979 4.745972082520437
2.071648025252934 6.40401947748979 3.639202535863161
3.468285375254315 5.875757415690991 3.006714404166089
2.071648025252934 6.04802025065479 5.264824256804278
2.071648025252934 7.4327906918482896 4.942970851757107
2.071648025252934 7.4327906918482896 4.413840885711167
2.071648025252934 7.4327906918482896 3.828988408464636
5.927618137233271 6.567540284937273 2.5193556766246075
5.78408925162957 5.941333985870578 3.9693439349613002
6.254023976109956 5.986140790851202 5.773265868165239
6.254023976109956 6.360892819733376 5.82543575127685
6.254023976109956 7.608787054470703 5.642398070024065
6.254023976109956 7.608787054470703 6.376017743739697
6.254023976109956 7.608787054470703 4.72759648547515
6.254023976109956 7.772917131871488 5.546502808934389
6.254023976109956 8.249768958709527 6.438504981653223
5.130594042263105 8.249768958709527 5.251518877207737
5.130594042263105 8.249768958709527 5.7303875306191605
4.546040797962199 8.249768958709527 6.188289956515629
6.92354053196345 7.4411256407948745 5.178510570666726
6.032070676781583 7.4411256407948745 5.618460037653028
4.551321687893974 7.497034886307567 5.7056684349846
3.0461030574790837 6.387655125172966 4.745921951971835
5.641762558074195 6.4005139494184675 5.627594975980864
6.550936363965317 6.380249868533465 5.844624211504826
6.550936363965317 7.646620005435164 5.3425216753063784
4.551321687893974 9.20345269197148 6.164935691546506
4.551321687893974 9.20345269197148 7.663299198456064
4.551321687893974 9.20345269197148 5.821889103600277
3.522748376318017 9.20345269197148 4.909150119110224
3.522748376318017 9.20345269197148 4.325803902774342
5.260083004457822 7.097225658142751 4.8290462719758995
5.461698377461296 7.097225658142751 5.051413478274186
6.489471216453435 7.313498571267255 5.353505641616565
3.91027287583664 7.313498571267255 5.298864755040565
3.91027287583664 7.593268918771422 6.071486915982142
4.54999702729263 7.665586584824991 5.914769444392688
6.489471216453435 7.562063413251666 6.10511381477856
6.489471216453435 8.137334229493728 6.085132314007216
6.489471216453435 8.137334229493728 6.064159046271723
3.6884727631962275 10.015509632857109 6.334740969557071
2.9966217240453195 10.015509632857109 5.984815696348206
2.9966217240453195 10.015509632857109 5.1818822197144705
2.9966217240453195 10.015509632857109 4.441991796854112
2.9966217240453195 8.961125315935984 4.576991211107959
2.9966217240453195 8.961125315935984 5.522647527229669
2.9966217240453195 7.284279364287965 6.332585953636121
2.9966217240453195 7.781943777379974 7.381001553567628
2.9966217240453195 10.44807238645362 7.3818752615670755
2.9966217240453195 10.44807238645362 5.846940716576139
5.468834311977602 7.781943777379974 5.109972811874057
5.8534766166628 7.76133265168647 4.901397076768751
5.8534766166628 7.76133265168647 4.731529243028831
3.8125847677240725 5.0610466548384565 5.501451516021287
3.8125847677240725 6.647586943501796 5.534371338553714
5.977452413855701 6.647586943501796 4.891333529987816
4.3202866743391475 6.647586943501796 5.225680725526242
4.3202866743391475 6.623318721272462 6.012555822481012
2.7278842699686447 7.649292022201793 5.302515038798773
0.4764711173378413 7.649292022201793 4.314721108375467
2.7278842699686447 4.979938864614077 3.258345038798561
2.7278842699686447 6.337760010777011 3.555655088157513
2.7278842699686447 6.337760010777011 4.040412309175491
3.0149736042840307 6.5318308065069 3.9369815228673537
5.605279046640007 6.5318308065069 2.5889399477473853
1.1946334180780558 5.605279046640007 3.447211881859096
1.7981702081003061 5.605279046640007 3.136554539270593
6.227311433854485 6.711116212955211 3.2814297095925458
1.7981702081003061 7.297043514698585 6.104121443491108
7.710091310866876 7.297043514698585 4.610459666785528
7.710091310866876 6.352711736274692 5.1195273201423195
7.710091310866876 7.248672774065904 5.551194173757634
7.710091310866876 7.248672774065904 5.567216947855103
7.710091310866876 7.429997752115755 4.758492003546813
1.6690355814256503 7.429997752115755 4.205368187494542
1.6690355814256503 7.710091310866876 3.2359883762422834
