5.4732019056287164 7.777126520460259 5.461328565360426
5.4732019056287164 7.777126520460259 5.028411759859632
5.4732019056287164 6.655776008026429 4.299937534377283
5.4732019056287164 6.655776008026429 5.344571237816299
4.627953759204658 7.670215610327141 6.847693346418324
2.957876845366965 7.560856929296586 5.734178237558865
2.957876845366965 7.560856929296586 4.885536592280022
2.957876845366965 7.560856929296586 4.684655247974316
3.5447709123183313 6.4462948243027185 4.624582046155107
3.5447709123183313 6.356760370859547 5.573094424752267
2.983016039866133 6.430645161740426 5.363545933815069
2.983016039866133 6.524253843162004 4.055282138169354
4.973996027202855 6.2623325886475385 4.525370612423362
2.6273398579249663 6.2623325886475385 4.003439336329055
3.2241892188524948 7.38518504923916 5.86244989611107
4.0453194062214095 7.147387607699596 4.098479967054583
4.0453194062214095 5.146718529074182 2.608030947177627
4.0453194062214095 5.146718529074182 3.222749451890692
2.783348350547126 6.472049976736976 4.517455105845776
2.783348350547126 6.472049976736976 4.586103098876826
2.783348350547126 7.3075547049757805 4.081777824630615
2.783348350547126 7.3075547049757805 3.767045942436238
2.052735814138306 6.040128355814467 4.711919970069178
5.743416483301253 6.040128355814467 5.060102228347041
5.743416483301253 7.498882685729136 4.465214093111168
2.7681378353656148 6.040128355814467 3.870741537819781
5.992041300833385 6.6073732793604165 5.002471418037309
5.992041300833385 6.6753694405279305 5.716791026932302
5.992041300833385 6.6753694405279305 4.1943997226846985
5.992041300833385 6.565295844653239 4.600339934511846
5.992041300833385 7.028125815619061 5.410266232158375
5.992041300833385 8.31999393210962 6.854266704467486
5.992041300833385 8.31999393210962 5.10070601517519
5.992041300833385 6.411413455557067 4.605328381991407
5.992041300833385 6.243863826396105 4.829022930798563
5.992041300833385 6.372191466902109 5.186331648619719
5.992041300833385 7.696443064666335 6.3507410794734165
5.992041300833385 7.745817250886223 5.679512810721446
4.608456864646783 7.745817250886223 6.096177806909164
4.608456864646783 7.727492535892418 6.6209824022743735
3.2823439057578523 7.727492535892418 5.755596354639027
3.2823439057578523 7.288162438014037 4.427046572237959
3.2823439057578523 7.288162438014037 4.715929381699564
6.244127954435747 7.708399080765744 4.787497750768602
3.2823439057578523 7.708399080765744 5.850470935773537
3.2823439057578523 6.898092383547832 5.230315427370721
4.980712636920174 6.410042081687077 4.55288033242896
4.980712636920174 6.410042081687077 4.299150453628161
4.980712636920174 6.180138653877979 4.377158455664387
2.6755872244669807 6.270335215143454 4.195772702494157
2.6755872244669807 8.686969288605338 6.580153056639543
2.588779135056573 8.686969288605338 5.026441824613352
2.588779135056573 8.686969288605338 3.6627363683046896
4.121531933936584 8.686969288605338 3.777157146718033
2.588779135056573 6.4491790518645615 4.073457607366325
4.121531933936584 4.47187499370661 4.772811647970273
4.47187499370661 7.922910412343491 5.702465913372798
2.984975835684257 8.625873779074336 5.88011407608008
0.43304250060566263 8.625873779074336 3.9383486990936074
2.7950294918163476 6.678549908627971 2.7719699842487633
6.510681396655045 5.910308747246223 2.4284052884050493
6.510681396655045 6.202849797673068 2.744172093873091
3.562762227395457 6.510681396655045 3.5402181975447258
6.069813411107599 6.510681396655045 3.5848021114599025
6.069813411107599 7.547987176000184 5.8305556714092255
3.2494912688862496 7.270027773666364 4.700690978094832
2.7593018101793665 7.270027773666364 4.873134278924524
2.7593018101793665 7.244290643087567 5.019635077308488
6.124283126596172 7.69928181107713 6.111673919912705
6.680495414870528 7.69928181107713 5.533739165212093
4.107111635035775 7.097742118797061 5.881978696498407
4.107111635035775 9.2575507034233 6.970087104200471
4.110450779599223 9.2575507034233 6.745567672256191
4.110450779599223 9.2575507034233 6.312027937503948
3.5491790937018988 6.82450151333523 4.3258493739875155
4.006815194809139 6.82450151333523 4.742785915469432
3.5491790937018988 6.626786208944733 4.922424448898322
3.5491790937018988 7.741699999768819 5.389693020116077
3.5491790937018988 7.741699999768819 5.003980932389957
3.0584054247573786 7.741699999768819 4.812392892409466
3.293070436994473 3.960224114400767 5.151021156240452
3.293070436994473 6.314361172282727 4.825001826278489
3.383154223668488 6.314361172282727 4.841843772173371
5.965141637286614 5.582846408598048 5.071370916416094
5.965141637286614 7.564438934558741 6.198932447398119
5.965141637286614 7.564438934558741 6.1383421723741165
6.077314326124199 6.649114920001992 5.463712437408723
3.9417022616219346 6.649114920001992 4.442551331011811
3.9417022616219346 6.649114920001992 4.828817651959717
6.8026867927340575 6.4146038435675194 4.28100658618471
2.1530867662928093 6.8026867927340575 4.228953481731567
2.1530867662928093 6.8026867927340575 3.4816937512599475
2.1530867662928093 5.8541026002293215 5.302429772234022
2.1530867662928093 7.493619007769679 5.808584068781246
3.67422096386364 7.493619007769679 5.714541794616979
3.67422096386364 7.507421487457483 5.856016195484638
5.742335887303987 6.617417806512329 4.46457046506224
3.5466007207298706 6.617417806512329 5.110258597110973
6.66676545504745 6.617417806512329 3.810863723983313
3.064653668642649 7.326841658898958 5.304479261971247
