4.334003668150693 7.756920800550628 5.300718956893377
4.334003668150693 7.393385185407476 5.250580908469809
5.029491472030145 6.339651717792012 4.734058159673557
5.029491472030145 7.189414884336472 5.265876302843732
5.029491472030145 7.189414884336472 5.394530298329569
5.029491472030145 7.189414884336472 5.623151145800799
5.029491472030145 7.189414884336472 5.886031421070389
5.029491472030145 7.6705487567505095 6.576864440892374
4.806140495487778 7.0220288273978255 4.844933837551132
4.512674237849112 6.803538324259547 3.9274784805496687
1.6866337076116271 6.803538324259547 3.8618104796050763
3.784234945545887 6.198137278154913 2.83917132820999
4.234169459961727 6.295206385161251 5.400646775631024
4.234169459961727 8.425673461249174 6.462542595213632
4.234169459961727 8.425673461249174 6.356192729510502
3.7260976028816803 7.740538191456764 5.641209965930963
3.1671168568656367 7.093803415458147 4.724586270875281
3.1671168568656367 7.093803415458147 4.275021254588288
3.1671168568656367 6.207485970156057 4.531653702452198
3.1671168568656367 5.51975959324384 4.240008617047726
3.1671168568656367 7.569100120409313 5.497971280066236
3.1671168568656367 6.812106074383262 5.509753467304323
3.1671168568656367 7.538943271771057 5.648000483398713
3.467102874298807 7.538943271771057 4.281498248630305
3.3309894133495175 7.538943271771057 4.006313980132795
2.8560336997679383 7.127545447276534 4.387217459499713
3.3309894133495175 7.679245326218883 5.856791349064269
3.3309894133495175 10.303415495916477 6.817859439461326
2.8560336997679383 7.679245326218883 5.86269858607152
3.3309894133495175 7.1144629830256285 5.44662378884934
3.3309894133495175 10.0117033935112 7.0266325037398785
3.3309894133495175 10.0117033935112 5.625567352302431
3.3309894133495175 10.403712644016103 5.509926670763318
3.3309894133495175 10.403712644016103 6.121739225868551
3.3309894133495175 7.784098924054019 6.657332153489826
3.3309894133495175 7.718764752445308 6.676881738432516
3.3309894133495175 7.718764752445308 6.599567548255669
3.3309894133495175 9.022784533993981 7.101103525789517
5.200517323847652 9.022784533993981 5.8203032455048005
2.6830460741446243 7.6133698528095675 4.4694005174139795
2.6830460741446243 7.75149304267577 6.105240972760879
2.6830460741446243 7.75149304267577 5.909646944881623
2.6830460741446243 7.75149304267577 5.4896703790040355
2.6830460741446243 7.51884415409352 6.076808304095352
2.6830460741446243 7.51884415409352 5.176596217543445
5.4672174968625455 7.51884415409352 3.3511432237466257
5.4672174968625455 7.245142269525129 5.5771377352746985
5.4672174968625455 7.245142269525129 5.087649075817513
5.4672174968625455 7.245142269525129 5.599966071017059
4.952625965933773 7.170701415060655 5.382130683249796
4.952625965933773 6.663526123884996 5.633387509370194
4.952625965933773 7.433112848437375 6.004781189848
4.952625965933773 7.433112848437375 5.682772043431859
2.4900100768471956 7.433112848437375 4.566117020541052
3.7477475316262496 7.421599527015905 3.4169979649426487
3.7477475316262496 7.421599527015905 4.68299666317913
3.7477475316262496 7.5006740432014585 6.578445217176462
3.7477475316262496 7.5006740432014585 6.0767340333515
4.952625965933773 7.691906491794148 5.680302693399218
4.952625965933773 7.691906491794148 5.312098445172601
4.952625965933773 7.691906491794148 5.9682840895896785
4.952625965933773 7.507495233833911 5.907556248008555
3.7477475316262496 7.507495233833911 6.127812588768292
3.3103580086775293 7.666187163746391 5.390517186723655
3.053210515393769 7.776020793471451 4.769125738582152
2.9189802784530454 6.608620378913269 3.841379653657309
2.9189802784530454 6.960290697885661 4.649328830415189
2.635029057467382 6.389220218703535 3.592302314030834
5.919275865097589 6.394635996005437 4.221652187744604
5.919275865097589 8.29908867853587 5.867179432647574
5.919275865097589 10.195657769600874 6.919639297234013
5.624497629317169 12.836005750705453 7.635802954621779
5.624497629317169 12.836005750705453 5.267030289852889
5.624497629317169 16.371954142555936 9.702726519821756
3.7012551202586654 16.371954142555936 6.864789600146922
3.7012551202586654 7.640510648591038 5.725874197587356
2.9009016627928337 7.640510648591038 4.752285368831232
2.9009016627928337 7.640510648591038 4.920210220410052
2.9009016627928337 7.640510648591038 5.7885684328168905
2.9009016627928337 6.648800809528002 5.0927762525801885
2.9009016627928337 6.648800809528002 4.293556483609162
6.385257123038862 6.648800809528002 3.5332570096288025
3.0563606170796693 6.385257123038862 3.9776556240885275
3.130128983547419 6.477249091864291 4.403682308549608
3.130128983547419 6.477249091864291 4.910612468877999
5.1803680746719465 5.585812131343328 6.856343633615634
5.1803680746719465 7.701613587926685 7.077064107737652
5.1803680746719465 8.675569202577542 6.338184074587568
3.1930176443724005 8.675569202577542 5.632285519905016
5.40305346943547 7.606578850556492 6.343484591444669
5.40305346943547 7.673549623710905 6.255634753735394
5.40305346943547 7.673549623710905 5.574366725061359
4.929087812630478 7.673549623710905 6.408217683987787
4.518569417225102 7.673549623710905 5.93352439035131
4.518569417225102 7.741935606437442 6.529911751075112
6.291131161377226 7.704557552744745 6.426585232901922
6.291131161377226 7.704557552744745 6.667334486784872
5.779920454762543 7.514009123215827 5.82183170443514
5.779920454762543 7.212018578848834 5.460894610945951
3.8862133304470565 7.212018578848834 5.251450977501401
