5.270350358196076 7.742627554164235 5.470629249415762
5.270350358196076 7.961045340565425 5.923967494101146
5.270350358196076 7.961045340565425 5.9400145768315324
6.159261448999132 7.961045340565425 5.130491333095268
6.159261448999132 7.78232561878108 5.33694688330539
6.159261448999132 7.78232561878108 4.154846020588562
6.159261448999132 6.578032703093594 4.823697748149085
2.237108252052384 5.989411815235055 6.395349400457872
5.003510147890314 7.717411116632476 6.039529083043856
3.8500953213379216 6.7341114207936865 4.818845352406527
4.942317730356422 6.7341114207936865 4.242518512430337
3.8500953213379216 7.611558518775656 6.381371675813018
3.8500953213379216 6.319612572597293 5.779403539619014
4.367917774273426 7.6415466640404635 6.243050631485465
4.367917774273426 7.6415466640404635 6.488171948434394
4.247104432072515 7.6415466640404635 5.37958376575428
3.5402603463021163 6.967056965048638 4.513165913897411
3.5402603463021163 8.50172996332622 6.558121412576322
3.5402603463021163 13.10884580288033 7.5982156344339815
3.5402603463021163 12.600961039786272 6.112064813666311
3.5402603463021163 8.50172996332622 4.887353078023707
3.5402603463021163 9.807399065980869 6.6791811784461785
3.5402603463021163 9.807399065980869 5.058757758327616
3.5402603463021163 9.807399065980869 4.949571210655914
3.5402603463021163 9.807399065980869 5.458783807844006
3.5402603463021163 8.022034925494403 5.622608456662249
3.5402603463021163 8.022034925494403 5.023958996352858
3.5402603463021163 6.635210021424012 5.269562937450446
6.369845838833463 6.635210021424012 4.863006077362499
6.202686428520963 9.264045807676595 6.609046047415875
3.5402603463021163 9.264045807676595 6.336331751907555
3.5402603463021163 7.333687341377486 5.798958041292154
5.524070710147793 7.333687341377486 4.781397613572499
4.645734844444235 7.7051537415635725 5.526200018032044
4.338679206405491 7.6814640678130885 4.229988694837319
5.1454569582604 7.6814640678130885 5.428658764039785
5.1454569582604 7.6814640678130885 4.432275151597782
5.1454569582604 7.6814640678130885 5.6090071466824645
5.701019730989632 7.248089103672562 5.16827482643292
3.7028718156253793 6.579416103346741 5.625535182295002
6.249322932821599 10.302231180017285 7.975613363821075
6.249322932821599 10.302231180017285 5.860511201607743
3.7028718156253793 10.302231180017285 5.309008652179516
3.7028718156253793 10.302231180017285 5.128256975345282
3.7028718156253793 6.251541940010334 5.359996143222116
3.7028718156253793 9.17849906862203 6.377475826474719
3.7028718156253793 8.586233058792367 7.045532835947138
3.9701846849142304 8.586233058792367 5.056078747019741
3.794692391304196 7.938881840450577 4.786287839942514
3.794692391304196 6.232874389974665 4.1320642358409945
2.296422523169842 6.232874389974665 4.190012799756558
3.794692391304196 6.651947354301921 5.057772793450115
3.794692391304196 6.651947354301921 5.589994630019123
5.075543867121009 5.82590171966627 4.326682152385196
3.794692391304196 6.390234560013074 5.47205495696379
5.7155355706930955 6.438163505024331 3.8559922618718123
3.4596213241045786 6.602336550911367 3.954648162542814
4.605276626703329 6.602336550911367 4.967207565792532
4.605276626703329 9.228132513487216 6.112655255224069
4.605276626703329 9.228132513487216 5.768814607801968
4.605276626703329 9.228132513487216 5.9679342945178675
5.732868015599237 9.228132513487216 5.52760080239647
5.547932591267301 8.769463539928363 6.709929055468009
3.738780697530484 8.769463539928363 5.687775494620922
3.1075334018986784 9.091236790604107 3.8106715251506325
3.1075334018986784 6.6663978970514925 4.7270001957086984
2.5775873238718074 6.648591208757743 4.815545948946232
1.8062850285857839 6.648591208757743 3.9753037570371355
1.8062850285857839 7.66784171196494 4.074644904128677
5.291709722386592 7.66784171196494 4.938522916475503
5.291709722386592 8.593148384691036 6.048737065648462
2.526081597923675 8.593148384691036 5.280229210681359
2.526081597923675 8.593148384691036 5.055228407788248
5.464010000486368 5.88810578236534 5.590805370970597
3.3759395116749507 7.254871808888852 3.554982648714221
5.464010000486368 9.495966022890043 5.1086638382836265
5.464010000486368 9.495966022890043 5.898365133583592
5.464010000486368 8.242042011948286 5.187001161533764
2.3297885755426653 8.242042011948286 5.451186984987043
2.3297885755426653 8.242042011948286 5.911550732215938
2.3297885755426653 7.694986084765526 6.131597517998382
2.3297885755426653 7.369264914451909 5.597165330505675
2.3297885755426653 7.369264914451909 3.967775633978799
2.3297885755426653 7.369264914451909 5.287108259351885
2.3297885755426653 6.580704107806298 5.3209100904522515
2.3297885755426653 7.743023867926585 6.553173309266469
2.3297885755426653 7.743023867926585 5.164379834106308
2.3297885755426653 7.7438560557254466 4.690597495535017
4.50365527449636 7.7438560557254466 3.361080349128703
4.570024228820806 5.6270786012605924 5.1170327040037735
4.570024228820806 5.8602239444816036 5.490332706480822
3.100230138066252 5.812536596235162 4.829990495768531
3.100230138066252 6.961469061578912 4.713712777818349
3.100230138066252 6.961469061578912 5.130827522365866
5.76257155290304 6.777902792330945 5.4742397704371255
5.761237247163738 6.777902792330945 4.66896183311593
3.100230138066252 7.158670650172004 6.071829681304657
3.100230138066252 7.647691379093189 6.197368790849421
5.6847723670835215 9.992757586425162 5.910254322046407
3.100230138066252 10.700334042609043 5.659265464944106
