4.0838485129766475 7.779140265717645 5.494605003252629
6.392411111994871 7.749436024246801 6.177588250293211
6.392411111994871 7.692346059424294 5.893358063435991
6.392411111994871 7.692346059424294 5.122818923476363
3.8965449247997417 7.692346059424294 5.639939699605915
3.8965449247997417 6.392411111994871 5.21338580571469
5.547111665574025 6.2973114210080645 4.743533534068404
3.797150390796791 6.239795123510216 3.560533959402757
3.6176402628501383 5.351022697920616 4.223068618000784
3.6176402628501383 7.63433907643028 4.543785663266865
3.12934566709912 7.63433907643028 4.167887708395127
3.106998788329314 7.63433907643028 5.549358515566732
3.106998788329314 6.826336494487482 5.354502803254117
3.106998788329314 6.826336494487482 3.919018241426144
3.106998788329314 6.670596745943541 4.266617696672714
3.054134474908111 6.670596745943541 4.408377831851112
3.054134474908111 6.942621388178724 5.113335070322333
3.054134474908111 6.942621388178724 4.901928238249897
5.985966173542014 7.733956366049007 4.801640699582341
4.585690482515112 7.733956366049007 4.700238040666765
3.0602109045114116 6.342373629316835 4.724546119739339
3.0602109045114116 7.995365976292707 5.673435793341615
3.0602109045114116 7.995365976292707 5.154425071445874
3.0602109045114116 7.995365976292707 5.296074538957237
3.0602109045114116 7.592146296976571 5.6023296481958
3.0602109045114116 6.663946328555294 5.231892318731401
3.0602109045114116 7.66665050610974 5.109744267395649
3.0602109045114116 7.6989268807928735 5.094224814478257
3.0602109045114116 7.197345342180942 5.039714540546747
2.7584750897913044 8.073981818296557 5.6613494929096
4.636677536285575 8.073981818296557 4.380238320433541
4.636677536285575 6.611567100942217 4.909805918806902
2.7584750897913044 7.125901019410362 5.284236900754957
2.7584750897913044 7.632683349209403 4.675063835546317
2.7584750897913044 7.632683349209403 5.213939547931634
5.860231555807118 6.541281208680328 4.4222287070474495
4.0619907451374395 6.587024194767338 5.995477474185631
3.3217647829047263 8.335609832872148 5.516609122506969
4.022781105615362 6.541281208680328 4.453085053529702
2.9696368425722572 5.041808606563013 4.087616068453383
2.9696368425722572 7.709154833450233 6.351094498880871
2.9696368425722572 7.709154833450233 5.616876474140001
2.9696368425722572 7.709154833450233 6.229432742269518
2.9696368425722572 7.363563250640922 5.991395054736034
2.9696368425722572 6.845003481068405 4.64932201267138
2.9696368425722572 6.845003481068405 5.555686029569653
2.9696368425722572 7.502937727070718 5.19527750493529
2.9696368425722572 7.170736482993018 4.9055212091970475
2.9696368425722572 7.170736482993018 5.2152360571690135
2.9696368425722572 7.259210062683238 4.941957812805346
2.9696368425722572 7.671274200811196 4.151447355571306
2.9696368425722572 6.193386200473963 5.298259620774643
2.9696368425722572 6.008868504821002 4.136245086559138
7.553372367992916 6.286022375887068 3.4616600461870775
7.553372367992916 6.008868504821002 4.031148421553132
4.258190120992712 7.553372367992916 5.902519711824239
6.1371068161600135 6.971807928788362 4.0313331965517385
4.399524718660299 6.6089610774629115 5.43224911774945
4.048797241908659 7.486934288309712 6.322710075495698
4.048797241908659 7.741734385112023 6.491040291472865
6.310562017572142 6.249659394698703 4.910165754767685
5.761752118232831 7.164655852347238 5.080395509425447
6.045280751991058 7.164655852347238 4.696405474197319
3.5340845638928085 6.537348362317431 5.039523403846879
4.306417194323213 5.596226525720578 3.7815164223302498
5.681089981254718 5.246062449477986 4.593848471368277
5.681089981254718 7.003211127673454 5.486921187839954
5.681089981254718 7.003211127673454 5.331276804860131
5.681089981254718 8.653992470950767 7.151292016567604
5.681089981254718 11.055464323282852 7.293784543762302
5.681089981254718 11.851712115200012 7.783542993105069
5.681089981254718 11.846417333889148 7.546482055110987
5.681089981254718 12.874374041595514 8.778312836038381
5.681089981254718 12.874374041595514 6.306864543953467
5.681089981254718 12.874374041595514 5.05333597274365
5.681089981254718 6.792139387161985 4.575111017702163
5.681089981254718 8.01217925407554 5.635463011340088
5.681089981254718 8.01217925407554 5.9191513850009025
5.681089981254718 8.01217925407554 5.084633890595064
5.681089981254718 7.759207296222888 5.821308891562108
5.681089981254718 7.759207296222888 5.558693419903586
5.681089981254718 6.58764819932065 4.750598727423057
5.681089981254718 7.51132677259865 5.19322341676596
5.681089981254718 7.708288225096414 4.716762462287901
2.288782262474378 7.83914166503112 5.61518233713301
4.1996646794224155 7.708288225096414 5.20431421977565
2.288782262474378 6.663452096143303 5.448046348895064
2.288782262474378 6.604231645341521 5.728974263298756
4.1996646794224155 6.721282783622664 5.346818976929905
4.1996646794224155 7.731509489099077 6.059023007406764
4.1996646794224155 8.834488712670348 6.062053307044109
2.7440539313774868 8.834488712670348 5.751257821019384
2.7440539313774868 8.834488712670348 5.336303955191105
2.7440539313774868 8.834488712670348 6.097215605596691
2.7440539313774868 6.326958123617562 5.1344389271356015
2.7440539313774868 5.367670492407576 5.7935701624016644
2.7440539313774868 6.606964049203203 4.582776653534155
4.290859858432089 7.039784880211322 4.251442689879355
2.7440539313774868 7.039784880211322 4.830271062176772
2.7440539313774868 7.039784880211322 4.2958499008353
