5.5593182941207715 7.769276040087577 5.60103692195062
5.5593182941207715 10.33066603218305 7.151229127587483
5.5593182941207715 10.33066603218305 6.623426629162964
5.5593182941207715 7.228253705664137 4.394204620341424
4.779959624120853 5.5593182941207715 6.531889229289597
4.779959624120853 7.6145045278362105 6.346731942145525
5.086721550000998 7.6145045278362105 5.623344210911808
3.9111085987921546 7.737902351780621 5.396708243510784
4.666932870335749 6.357345942155124 4.302622185185896
4.715297556588741 6.232919265739373 4.935343273142021
1.6532312329556338 6.438239561787636 4.796592724663206
5.777236486642234 6.438239561787636 4.537132562132845
3.807446431200717 6.438239561787636 5.401141284686014
2.655470195566853 6.438239561787636 4.194317951496434
6.246722793165166 7.012321338539129 4.039588542747456
2.655470195566853 7.217034419513647 4.916090739122483
3.7327514754144073 7.735373768968266 5.424870632548112
6.246722793165166 7.735373768968266 4.563048286262038
6.246722793165166 7.735373768968266 5.236858159652914
6.246722793165166 8.480556932102388 6.443457110900044
6.246722793165166 8.480556932102388 6.108936058428137
6.246722793165166 8.480556932102388 5.236674356074761
6.246722793165166 8.480556932102388 4.000191919830609
6.246722793165166 7.631055877817845 4.906532371951456
6.246722793165166 7.631055877817845 5.310862798140472
6.246722793165166 7.512712848314688 5.723134056400349
6.246722793165166 7.512712848314688 4.724665790858435
6.246722793165166 7.512712848314688 4.536985937611493
6.246722793165166 7.530177157780443 5.336032149103354
6.246722793165166 7.530177157780443 4.985863683245315
6.246722793165166 7.512712848314688 5.309621226158922
6.246722793165166 6.344964296852776 5.655482236713559
6.246722793165166 6.0812708133665865 3.989785111975201
6.338471463657456 6.625404735081357 4.870326557266873
6.338471463657456 6.625404735081357 5.308442220972299
6.338471463657456 7.498580548940867 6.109782309979555
6.33048860138085 7.498580548940867 5.117315971907634
4.344693501243199 6.410282251062842 5.21929289310773
4.344693501243199 6.46290414754333 5.941907141278095
3.9838698937983605 6.46290414754333 5.170714981285145
3.9838698937983605 6.662145571242682 5.874866725200909
3.9838698937983605 8.34432082182417 6.6640083569272015
5.9104050979313385 8.34432082182417 4.606858469618887
3.4169310381225064 8.34432082182417 4.820470490299046
5.132528122313715 6.661576258785377 4.835754515856837
5.565985604017442 5.969470281702506 3.8452742038102325
3.4169310381225064 6.484586660743268 5.318104150449081
3.4169310381225064 6.484586660743268 5.714266833131011
3.4169310381225064 6.6165404239854695 5.552846640764053
5.776070731173615 6.6165404239854695 3.960897590023841
6.056732179450957 5.944912266768245 3.576553371732372
2.595287852071206 6.056732179450957 4.3175502498418385
3.849648588538017 6.056732179450957 3.747337239289822
3.4122789469414347 6.666134905833168 4.905219661645195
3.4122789469414347 8.028123939968687 6.219119535108445
3.501699849829571 8.028123939968687 5.76638218298957
3.501699849829571 8.028123939968687 5.283336404616475
3.501699849829571 7.449834796991201 5.4952907791183145
3.501699849829571 7.449834796991201 4.812900434478604
3.501699849829571 6.540254703713945 4.6540776145711105
3.501699849829571 6.611358944658562 4.77037894050281
3.3441231521143355 6.611358944658562 5.0112235036246435
3.3441231521143355 6.611358944658562 5.200872419953299
6.813230757710524 7.320171543754725 5.141231876696114
3.3441231521143355 7.373809262874001 5.484102779496704
3.3441231521143355 7.373809262874001 5.393488530520014
3.3441231521143355 7.658768439315608 4.974957557783783
3.3441231521143355 5.904726950579075 4.4882954692204695
3.3441231521143355 8.230894245219726 5.476224964780732
3.3441231521143355 8.230894245219726 4.172295497747851
3.3441231521143355 8.230894245219726 5.014009945701085
3.3441231521143355 8.230894245219726 5.774021797979584
3.3441231521143355 7.380653788644947 5.1363102004254175
3.3441231521143355 6.587381425582681 5.603851202023513
3.3441231521143355 6.587381425582681 5.457050556107174
5.64321821585197 9.585515465429046 7.291392862762615
6.286828413922095 9.585515465429046 5.85869105160673
6.286828413922095 9.585515465429046 6.619149112691198
6.324940758262546 9.585515465429046 5.3834007226198715
5.816015854074756 6.787150880654737 4.266646640867416
5.816015854074756 6.913689664242495 5.095163522064605
4.586147733379672 6.913689664242495 5.474483644141207
4.586147733379672 6.913689664242495 5.685069426977891
2.0266571020887487 6.913689664242495 5.4357977448421355
2.0266571020887487 7.323036213340266 4.919003665494329
2.0266571020887487 8.439015793660452 6.177949570805489
2.0266571020887487 5.9055751886342485 4.659013262138027
2.0266571020887487 6.552024391294609 5.321130514812678
3.2538030336344907 6.552024391294609 5.618568740605327
4.12217763947309 9.371609058621653 6.916397805542411
3.2538030336344907 9.371609058621653 5.997808933366778
2.69910735277378 9.371609058621653 5.111492126310064
2.69910735277378 7.133522702979986 4.933693743225985
3.458628751426208 6.735945416832221 4.729577855677244
6.871658199647399 6.532231014439674 4.325144656347022
5.8647200779465045 6.871658199647399 5.4667703328639785
6.246452622879019 6.871658199647399 5.173748595168148
5.338855375049484 6.871658199647399 4.718599785471047
4.805439195184871 6.574043396192938 5.47868931217638
4.805439195184871 7.673223522078688 6.323418703021477
