5.551310483414358 7.727050722300385 5.433601946431345
5.551310483414358 7.727050722300385 4.814567876818345
2.624862465941576 8.153098588985912 4.569647803066214
2.624862465941576 8.153098588985912 4.643704800659059
2.624862465941576 8.153098588985912 4.609435282746238
2.624862465941576 6.602459279856987 4.099605794529295
2.0509347938350015 6.416810313435331 4.0295629142837806
1.7690068894007926 6.418937820093149 4.502992615933311
1.7690068894007926 6.418937820093149 4.088608869171185
1.7690068894007926 6.418937820093149 4.328347940209338
1.7690068894007926 6.258487120095786 3.9243408957222217
7.64099251256267 6.258487120095786 2.981836970210446
5.534554410257112 7.64099251256267 5.159738517089584
5.534554410257112 7.64099251256267 4.202819852491447
5.534554410257112 7.64099251256267 4.6680568987258395
5.534554410257112 6.195864610402094 3.8783875362988995
5.534554410257112 7.074443500664838 5.76832871512039
5.534554410257112 7.074443500664838 4.530737220646216
5.534554410257112 7.074443500664838 4.4966433375596075
5.534554410257112 7.091863399684904 4.618814711469199
5.534554410257112 7.7605464991810305 5.236323296911196
5.534554410257112 7.7605464991810305 5.3881483230412
5.534554410257112 7.7605464991810305 4.9561299706176145
5.534554410257112 6.668199048479401 5.371726080549592
5.534554410257112 7.602642192419255 5.619605698335675
5.534554410257112 6.898195791820511 6.130880097264261
5.534554410257112 7.8315666485316875 6.564713284836261
5.534554410257112 7.8315666485316875 6.543750722767015
5.534554410257112 7.8315666485316875 6.5368124839664805
3.4273819956613427 7.430565833929336 5.547390108861288
3.4273819956613427 7.732806209573768 6.046791738232692
3.4273819956613427 6.529179506267017 5.82988681958519
3.4273819956613427 6.529179506267017 4.847041973136765
3.0042443727528867 6.529179506267017 4.032955788191904
3.0042443727528867 6.281999850569132 4.447381229729497
4.457827382560257 6.351842448942502 5.153844459670628
4.457827382560257 6.351842448942502 4.398204820627884
4.457827382560257 7.559701576760039 5.1117635428260275
3.415162284475859 7.559701576760039 6.589121642775057
3.1597379733737836 9.790048845767007 7.038776337692952
3.1597379733737836 9.790048845767007 5.3931868228791595
2.6933151228760086 9.790048845767007 3.5242132656236778
5.302142291986037 6.663231881918044 3.3572108649874006
5.302142291986037 6.907135612302923 3.3432436540245227
2.316896961808752 6.907135612302923 4.1859803724082125
6.047289824462325 6.002521213194942 4.797018868454924
6.047289824462325 6.342237892305825 4.943604624933343
2.8707489460240514 6.342237892305825 4.365161682708255
4.855129171296554 6.810712046144218 4.63778138928003
4.855129171296554 4.269001536129856 5.7875921895373015
4.855129171296554 6.810712046144218 4.765720698117465
4.855129171296554 6.588860295438828 4.698530668817295
4.855129171296554 6.550554507331714 4.114457541860022
4.855129171296554 6.6361245737080665 4.987200891154307
4.855129171296554 6.6361245737080665 4.91336317308304
4.855129171296554 7.023545842558191 5.524930110678037
3.64357517756384 6.667254166604398 5.313620249287807
4.217894432668295 6.667254166604398 4.7314829882705824
4.217894432668295 7.4165574544854795 4.987472965480195
4.217894432668295 6.464616320285369 4.720606578054275
4.217894432668295 6.464616320285369 5.733098935155506
5.647277110841181 6.464616320285369 3.6941081376025124
5.647277110841181 6.605320463541272 4.260571906008995
3.170294709255551 6.605320463541272 3.3732039489287415
3.130674475617653 5.419893339090038 4.256940677828746
3.130674475617653 5.647277110841181 4.697967306567897
3.324832697869216 6.97061975218597 4.627354789322507
3.324832697869216 6.97061975218597 3.2779767039109986
3.324832697869216 6.2361695251748515 4.468644516046677
3.324832697869216 6.462012837887986 5.100333120034943
5.718890917426588 6.462012837887986 3.6640084535692234
5.718890917426588 5.851195786723665 4.637924618646434
3.324832697869216 7.696564053285828 5.191247395174972
3.324832697869216 7.696564053285828 4.085290008673438
3.324832697869216 7.696564053285828 4.496314648339383
3.324832697869216 7.665311787505651 6.343243496753066
3.324832697869216 7.665311787505651 5.328021586168949
3.324832697869216 7.665311787505651 4.574103839026745
3.324832697869216 7.493624653888798 6.2559728171218545
3.324832697869216 8.189931024612601 5.900412816654895
3.324832697869216 8.189931024612601 4.771189346768633
2.8510884134460786 8.189931024612601 4.087880568182669
2.8510884134460786 7.702988452139966 5.841541292795694
2.8510884134460786 7.702988452139966 5.837046003609492
2.8510884134460786 7.702988452139966 5.673616950125726
2.8510884134460786 7.7729012333027985 6.641776522359678
2.8510884134460786 7.7729012333027985 6.3330782277121545
2.8510884134460786 7.439233352192552 6.333834411328439
2.8510884134460786 8.434583905633271 5.803852905489469
2.8510884134460786 8.434583905633271 4.996261209795486
2.8510884134460786 5.878125746995533 4.545668264442293
2.8510884134460786 6.769508953841882 5.696817980245364
2.8510884134460786 6.112950272435178 4.822617727483551
2.6630118044461786 7.589163925986057 4.7739629096863565
2.959933294877367 7.589163925986057 5.033674910465768
2.959933294877367 7.68027372111411 5.76810247337847
2.959933294877367 7.68027372111411 4.7902322881879025
2.959933294877367 8.183220377352878 6.057598388801312
2.959933294877367 8.183220377352878 5.2407386187342055
2.959933294877367 8.183220377352878 4.547861692519403
