6.454499577347292 7.778098516790369 5.261064898270981
6.454499577347292 7.717745963771975 4.624100335997066
6.454499577347292 5.6330709406857835 5.537130320726053
6.454499577347292 5.6330709406857835 5.434483346143909
4.66317723829216 6.485627594569955 5.755906022544016
4.66317723829216 6.266157044345714 5.489478842300381
3.761646833379537 6.454499577347292 5.088746104964556
5.395423672131113 7.005644686494119 4.3778348223220185
2.904476217275047 7.005644686494119 3.6731929619044608
3.923247876693893 6.076085113652116 4.440352280170256
4.604363828508134 7.0936306567167655 4.983832127045642
4.85533309518096 7.0936306567167655 5.305387310012712
6.693640484815891 7.0936306567167655 5.412632981586404
6.693640484815891 7.7120588568943145 4.617208202382064
3.949168534321775 7.7120588568943145 5.47153512911713
3.949168534321775 6.693640484815891 5.167767005461433
5.926873943723123 6.1315485732217425 4.788516252269306
6.383176148971483 6.1315485732217425 4.710337809700493
6.383176148971483 7.177783226148179 5.947474644456065
6.383176148971483 7.629503920725419 5.864943829943139
6.190070164602105 7.629503920725419 4.768840807855138
3.236304560964911 7.629503920725419 4.2512631293559
3.236304560964911 6.9578916246746445 4.946812558032646
3.236304560964911 6.627451836921175 5.5993776233745995
3.236304560964911 6.56192227816641 5.768363560156438
3.236304560964911 7.903423596459678 6.765203669991815
3.236304560964911 7.766010491681353 5.8547809063626675
3.236304560964911 7.766010491681353 5.152573774207205
3.236304560964911 6.525896633745955 5.017649392562986
3.236304560964911 6.657440058747209 5.905961812787093
6.044262386413635 6.657440058747209 5.017299016166982
4.425581997663418 6.657440058747209 4.762635025684712
4.425581997663418 6.657440058747209 4.6880251785234215
4.425581997663418 6.318604231798613 5.173602436567892
3.231592566529152 7.7524686727813545 6.114804277196075
3.231592566529152 7.7524686727813545 4.709427209112561
2.9676717350537207 7.7524686727813545 4.52770390703203
6.5913553417682955 6.643543104010853 5.082490752815488
2.719601251910707 6.643543104010853 5.016879598527986
2.719601251910707 6.643543104010853 4.849544341960658
6.869662250514631 7.7055641303247775 4.544572755015662
4.5171041917329795 7.7055641303247775 5.807663972784685
4.6807714964937865 7.219200300771037 5.500787203041718
6.602904113532055 7.219200300771037 5.08862072969237
4.116712164928959 7.6444638197934935 6.478512410967457
4.116712164928959 7.6444638197934935 5.663855629557112
4.031994847440384 7.6444638197934935 5.3694260373060105
4.203770782364739 5.985878804413542 4.443249817423808
5.6972775684767285 6.650120443608195 5.053035317585755
3.2355571522828197 6.650120443608195 5.0239602018574985
3.2355571522828197 6.650120443608195 5.9313458546040625
3.2355571522828197 6.650120443608195 4.702410059635593
3.2355571522828197 7.679673252228778 5.733010272120253
3.2355571522828197 6.616865823136269 5.862137412193133
3.88535484901664 6.616865823136269 4.99033239340602
7.508128908028457 9.084947032836277 6.306349698738695
4.562745299524796 6.616865823136269 4.788271593776119
7.508128908028457 6.504221810557812 4.614586925384898
4.562745299524796 7.578212283503429 4.917813568005073
4.562745299524796 6.0575899811999925 4.758508239559615
3.928051405502036 7.237638686327518 4.873089852088803
6.191849616837143 9.369818329050354 6.24583267721373
2.839029523672132 9.369818329050354 5.964541028185168
6.191849616837143 7.588843880688081 5.036035858621579
6.191849616837143 7.588843880688081 4.94405231245317
4.587387809770284 7.508128908028457 4.308619191952362
2.839029523672132 7.508128908028457 4.753501929074723
5.857671287425678 6.891571109489522 3.550681922597156
5.857671287425678 6.891571109489522 4.180239791942208
3.3085100239869054 6.619468860083984 4.1868383568842535
3.3085100239869054 6.728360188248249 3.536999800094809
2.839029523672132 7.995259095102474 5.901153850793197
2.839029523672132 8.139312132441239 5.1465718177044195
2.839029523672132 9.271550436647594 5.53896356668476
2.5605068783364264 9.271550436647594 4.581558074840496
2.671234599282084 5.638634331200002 4.2617874210939375
3.3522902843645785 5.903268717585508 4.143275082402681
3.01344652915471 7.787568793563445 4.870016227104294
5.339406548948755 7.322108887003139 3.537578527193877
5.697901155757208 7.322108887003139 4.045193001037226
5.6061565895912615 6.583841068525661 4.963037971500938
3.3544463936907616 7.007828146667366 5.735925631235704
3.3544463936907616 7.007828146667366 6.014318460377451
6.118016297431637 10.523545476371114 7.284074583733799
6.118016297431637 10.523545476371114 5.246299983039148
5.455554684185355 10.523545476371114 5.700139389127196
3.139095825479185 7.603065879131508 5.246218135282022
5.455554684185355 7.603065879131508 5.737718324850172
5.455554684185355 10.729834841572568 6.9216192758661155
5.455554684185355 8.092789119926916 6.549591566575703
5.455554684185355 3.6552359436524466 6.267658765649378
5.455554684185355 7.752741558457025 4.702485103463322
3.377707722399031 7.752741558457025 4.9839929173942235
5.3461447943050935 6.05021964607732 4.49890611025574
6.196492218848938 6.05021964607732 4.090983648188058
3.377707722399031 6.491422163513612 6.075273972014761
3.377707722399031 6.491422163513612 5.38508115212964
3.377707722399031 7.677278838529219 6.129324037824453
3.3429094545247193 7.677278838529219 4.5951177508567165
3.3429094545247193 6.445773335991042 4.541823413950807
