3.204609894602616 7.7511217750709935 5.4525300604804885
3.204609894602616 7.744337220482354 5.193534948499333
2.8613436534489662 7.254353619906004 3.4750881254547736
2.8613436534489662 5.907684571029751 4.863250061018629
2.8613436534489662 6.177610682355876 4.868834071092488
3.1551068158902322 7.617984078061125 3.4445023070409433
2.8613436534489662 6.575941452347813 5.189304062703178
2.8613436534489662 6.575941452347813 4.365312369454626
2.8613436534489662 7.368871200612663 5.026424677278624
2.8613436534489662 7.368871200612663 5.511372917405693
3.390603566874621 7.368871200612663 4.105121291684621
3.390603566874621 6.44983899878671 3.5326127976316593
3.390603566874621 6.44983899878671 4.294236031981528
2.989593463033874 4.90984205401077 3.9664258455483155
2.989593463033874 4.976074559387161 4.043217602046218
2.989593463033874 6.714748510566917 4.919297330220747
2.989593463033874 7.245933780832372 5.516346063736242
2.989593463033874 8.89800233558509 6.273831417850825
2.989593463033874 8.89800233558509 5.665672093161176
6.291620027996085 8.89800233558509 3.0579129898771926
5.988160576325388 6.335551130748698 4.340804682165206
5.988160576325388 6.335551130748698 4.466692743577721
4.352862951116467 7.0545672758736035 5.9196391530209596
6.386076852648635 7.0545672758736035 4.831002042352394
4.258833300565879 7.0545672758736035 6.0081971499321005
4.483472615183519 7.280474764040763 5.237702124759709
5.539964095498824 7.280474764040763 4.632574221590477
3.7636979603240666 7.280474764040763 6.00838291514026
3.7636979603240666 7.280474764040763 5.115933462518987
3.7636979603240666 7.592411940616099 5.628326642984339
3.7636979603240666 7.592411940616099 5.735585254323239
3.5582424347229034 7.592411940616099 4.252212287854967
5.608758998073014 6.417716748204391 3.644374705490198
7.706854400392812 5.884334616550131 4.639662596941962
7.706854400392812 6.0233343582399606 4.769951845194851
7.706854400392812 5.884334616550131 4.428634204341414
7.706854400392812 5.884334616550131 4.3891490963324795
6.409361284863774 6.60826667586689 4.433509323791207
7.706854400392812 6.60826667586689 4.074207681383634
7.706854400392812 7.66168336316022 5.401300501984121
7.706854400392812 7.66168336316022 6.235997089370894
7.706854400392812 7.66168336316022 6.0334250147628525
7.706854400392812 7.4596605782591805 5.338936381791243
7.706854400392812 7.4596605782591805 5.43027168562832
7.706854400392812 7.4596605782591805 4.687884881104887
7.706854400392812 6.222402594866196 4.601215067879953
7.706854400392812 6.2962090858655415 5.273215248051176
7.706854400392812 6.2962090858655415 4.714839786420471
7.706854400392812 6.2962090858655415 4.166627081422935
7.706854400392812 8.08654479339654 6.2239603048812535
2.941988845128926 7.706854400392812 4.717521407370101
2.941988845128926 7.706854400392812 5.396520734321631
5.979752141186005 7.637757295707964 3.5636640242748525
7.358055849610185 9.222363131872143 5.5738834905419425
7.358055849610185 9.222363131872143 4.474563087085625
4.157965819863104 7.603946203614578 5.414865468039264
3.055973949876869 7.603946203614578 4.397461048719453
4.157965819863104 6.6278995088100565 4.607325138358103
3.055973949876869 9.280219176548842 5.678976928319667
3.055973949876869 9.280219176548842 5.732911625882258
3.055973949876869 8.467129494466148 6.108272787449038
3.055973949876869 8.467129494466148 4.669414851858173
3.055973949876869 6.6259378657602355 3.980899131732349
2.903384360665506 7.252099841444524 4.480846775711858
3.539988012119889 7.252099841444524 5.637978323367446
3.539988012119889 5.954297313079877 4.455117167328747
3.539988012119889 5.954297313079877 4.6814199310165625
3.539988012119889 7.844139857508493 6.34246251079281
3.401189463113806 7.844139857508493 5.705087997770673
3.401189463113806 7.844139857508493 6.157858250869067
3.401189463113806 9.061561011787292 7.630201183086459
3.401189463113806 9.17796170641422 6.928649143083646
3.401189463113806 9.17796170641422 5.407773766453212
3.401189463113806 9.17796170641422 4.810239929496495
3.401189463113806 6.404146910250532 4.732694015967205
6.327668587154303 6.3448841850821225 4.28978804840854
2.740285467310969 6.252353646127194 4.318124412800952
2.740285467310969 6.327668587154303 4.432439367503882
3.9100731031430844 6.519864372963376 3.5658163395920544
2.740285467310969 6.519864372963376 4.4684188639291555
2.740285467310969 7.714899998702524 4.930025649142832
2.740285467310969 7.778982532254469 5.574026193857248
2.740285467310969 7.778982532254469 4.273275306876387
2.740285467310969 5.939600690297265 4.499550411370876
2.740285467310969 6.358370457772622 5.788205983151626
2.660686785074962 6.335954364846195 3.8803719663114307
2.660686785074962 5.178560350733569 3.5503544497002673
2.660686785074962 7.720958606103947 5.689209961780677
2.660686785074962 6.729584218988844 5.47225487359161
2.660686785074962 7.5182729527381955 5.076182625150954
2.660686785074962 7.5182729527381955 5.49408663641146
2.660686785074962 6.61599441516659 4.310254502048191
2.660686785074962 6.259749854482834 4.722333812164489
2.660686785074962 6.612126308733103 5.9116083945351106
5.812536420606463 7.104677933406149 6.401466096791738
6.139470420791852 7.140416309552403 5.734442056628345
5.812536420606463 7.140416309552403 4.821839885343896
2.660686785074962 6.425036503544494 5.555979177773907
2.660686785074962 7.303111783715961 5.735360641349884
2.660686785074962 7.303111783715961 5.275032839258569
