4.8518441202213225 7.739746156279066 5.702099595880867
4.8518441202213225 7.641369201842313 4.972254312844846
3.3957742458062765 7.540740007157755 4.750701283673131
4.901766312899852 6.14388209942463 4.354687155327445
4.901766312899852 7.073165236507496 3.442928716101083
4.901766312899852 7.662116512007069 4.257828090428566
4.901766312899852 7.662116512007069 5.13701666578293
3.1677427613920632 6.4374951752275855 5.3036927276197785
6.397565722620236 6.4374951752275855 5.571449172175358
0.6799298877330568 6.4374951752275855 3.9099574596060096
1.571890142378273 4.937859494508089 3.076321165655238
5.485641776244375 4.971009273800593 3.020667513115722
1.571890142378273 6.2589460339209 3.8687476458132473
1.571890142378273 6.382620835657303 4.386018804421083
5.485641776244375 6.368400442542299 3.8481104662546
5.485641776244375 6.368400442542299 3.715060177436355
1.571890142378273 5.951901210449908 4.932885294961364
5.485641776244375 6.2978589380652465 5.637446145922699
5.66497663710858 6.136761083423604 4.211822438805627
5.66497663710858 6.136761083423604 4.006425046680305
3.5327528571726963 6.8787099666701135 5.335136525203237
1.3564826154654672 6.8787099666701135 4.965199178924673
3.5327528571726963 7.08283892565157 5.965716524197569
3.5327528571726963 7.6754712183749465 5.153049874637961
3.5327528571726963 7.690473235427138 5.1580552560638315
5.725171560743743 7.690473235427138 5.413262135207209
5.725171560743743 7.690473235427138 4.542877761106157
5.725171560743743 7.690473235427138 5.5404524621970435
5.725171560743743 7.690473235427138 5.3733968871407605
5.725171560743743 7.003097719518966 4.848025327283048
3.772568155152474 6.188304661588912 4.974689215336898
3.772568155152474 6.100336926548163 5.23406466375541
3.772568155152474 6.624509424558841 5.913795604258072
3.772568155152474 7.3799063342796885 5.79381405364984
3.772568155152474 7.3799063342796885 5.350841237191949
3.772568155152474 7.3799063342796885 5.326992383936089
3.5765314577818192 6.658642178069865 5.945466293340578
3.08468607096042 7.643425431727948 5.558197548684088
2.4625545196012273 7.643425431727948 4.97755370629927
1.8859525324726119 7.643425431727948 4.265464958627465
2.3653409794602465 7.4839680996705304 5.079112358314986
5.254837309139468 7.4839680996705304 3.2094800119704905
1.3968993436537187 6.310943446167155 4.073649841144562
1.3968993436537187 4.97251787633817 3.5080988069773027
1.3968993436537187 4.97251787633817 2.7550026562636583
5.254837309139468 5.603754855562439 3.0212453291899717
5.254837309139468 7.353062389722377 5.471098606066168
5.254837309139468 7.353062389722377 2.294213864307113
6.582003990056393 6.433822020673514 3.6186633429072197
6.582003990056393 7.6359135601155845 6.0144408413727035
6.582003990056393 7.6359135601155845 3.6234683618054833
6.582003990056393 7.673270069471201 4.117758338618984
5.454709920159349 7.673270069471201 4.848484548342817
2.678323689283524 6.5907695092368535 5.648030703989028
2.019178853504553 6.5907695092368535 4.730265124381926
6.767233039893203 6.5907695092368535 4.187938620677775
6.767233039893203 7.677761469669107 5.12730432141059
5.454709920159349 7.677761469669107 4.6645370399021635
5.454709920159349 7.677761469669107 4.0121106703446365
2.6301184345563233 7.677761469669107 4.245576257645805
5.795150971354435 6.62620111981937 4.817897846564292
3.3855545131702276 9.16701582542451 6.41273163166006
3.3855545131702276 7.997755759279098 6.44654513390447
3.3855545131702276 9.305325457259226 5.305404811862463
3.3855545131702276 6.475780847186872 5.94261835812314
3.3855545131702276 6.475780847186872 4.483092781989895
3.3855545131702276 6.835320046451953 5.007926130471941
4.055117754650357 6.835320046451953 4.089651572928043
5.790823060732922 6.835320046451953 4.409449807329762
2.948504761236507 6.44489116271285 4.636091855934683
3.3066687769000933 5.790823060732922 3.9182389765662493
2.948504761236507 7.658596261911674 5.507533059282321
6.524374654022974 7.658596261911674 3.635368213959579
3.816484222560281 6.854423064849419 5.238305300639727
3.4717781602722337 6.854423064849419 4.129906735431078
3.4717781602722337 6.61264891713115 4.704838984004779
3.4717781602722337 6.61264891713115 4.404914212385431
3.4717781602722337 5.917337143018326 4.048980074307174
3.4717781602722337 6.509362228156334 4.979589537353893
3.4717781602722337 6.509362228156334 4.6330840044530595
3.4717781602722337 6.7611888897070145 4.754794364444256
3.4717781602722337 6.7611888897070145 4.830619202343803
3.4717781602722337 6.446081638198194 4.251286999921113
3.4717781602722337 5.995085195542437 4.456239453248594
6.567439390608829 6.032892140763952 3.7574955692746
1.6943260295588591 6.567439390608829 4.2416500331610845
5.519166039237412 6.567439390608829 5.178458081297477
6.1417755016956015 6.567439390608829 4.224013053580327
4.647842650114107 7.300662666811226 5.634528569188624
3.568584777450156 7.300662666811226 4.823943624674867
5.228720918805838 6.1417755016956015 4.040886132429787
5.524886193169831 6.665676023114674 5.398002326352812
3.4450886459545527 7.419281071428697 6.233118358948451
3.5845098514579132 7.419281071428697 4.9840447459908095
3.4450886459545527 8.44013484117958 6.107041104392936
3.4450886459545527 6.9733996233211215 6.230944041729303
3.4450886459545527 6.175378916569937 6.610797625799193
3.4450886459545527 6.7706263094522505 5.922593897956106
3.4450886459545527 6.7706263094522505 5.8045724981561735
3.4450886459545527 7.6618040131155105 6.027466630118621
