3.9529647607385283 7.781903154833051 5.480166080616418
3.9529647607385283 7.770939448222634 4.806257451772216
3.9529647607385283 7.770939448222634 5.877612531478601
3.9529647607385283 7.312067852395394 5.332860603396151
3.6915665387225123 7.676031422624948 5.588369223297206
3.6915665387225123 7.811345435503171 6.06502335994993
3.6915665387225123 7.589410003553418 5.47458363102909
3.6915665387225123 8.035085185458676 5.982737314843283
3.6915665387225123 8.035085185458676 6.44215547392123
3.3434285597432347 9.371893952343834 6.359504473336503
3.3434285597432347 8.018848684676428 4.601529918471516
3.3033381499622227 6.2756127801656305 4.538742527697801
3.1652969858333155 6.209106543011327 4.116483768081978
6.07007691167118 5.800899554020269 3.4693546366950057
6.07007691167118 6.428498175696262 4.921229644720221
6.07007691167118 7.638654958237174 5.751157815205111
2.3049343866663787 6.439715948998849 5.043087754989974
2.3049343866663787 6.07007691167118 4.180084093071183
2.3049343866663787 7.669077082211746 5.686999112923868
2.3049343866663787 7.669077082211746 5.090399081363191
2.3049343866663787 7.256584542131517 5.881172468463222
2.3049343866663787 7.256584542131517 5.03277925805738
2.3049343866663787 7.256584542131517 5.030444349063228
2.3049343866663787 7.66231802069373 4.262202027211453
3.520161258919718 6.039624382323375 3.2387994884509492
3.520161258919718 6.335254742897142 5.2414776468348165
6.222736177119529 6.304183507981417 4.022103558557497
2.293998375613054 6.304183507981417 4.940526725166984
5.666081046482418 7.7050936247678194 4.822123163434034
3.494427666949932 7.25756493694157 5.899559033401431
3.494427666949932 7.72216480705036 5.640197974721262
3.494427666949932 7.743597438126693 5.916512022215868
3.494427666949932 6.535325720882252 5.353797342713696
6.2219372998732965 7.25756493694157 4.461833587404815
2.8041980190709066 6.365853366904769 5.56193132083661
5.368300433632797 7.6576062349895295 5.645984971473435
5.368300433632797 7.523739766826285 5.292042629979319
3.494427666949932 7.523739766826285 5.9957778669126025
3.494427666949932 7.681508050193278 6.667009858977653
3.494427666949932 7.681508050193278 5.805467764734983
3.494427666949932 8.899090043887933 7.0725088981407165
3.494427666949932 6.6998879262072535 5.121694494829278
3.494427666949932 6.6998879262072535 5.456679139061237
3.494427666949932 7.612496282108282 5.506140304435097
3.4231920968542764 7.62172844292121 4.786635102789783
4.521155103617222 7.62172844292121 4.628338919875675
3.4231920968542764 6.961756082019306 5.075529632622981
2.9156268020203346 8.174427278509656 5.8878685350566276
2.9156268020203346 6.647885309752468 4.3408166394720595
2.9156268020203346 6.1984615751305014 4.768737126028996
2.5072236849028546 6.564589245741537 4.348017995096471
2.111373444863791 6.564589245741537 5.167200036552959
2.5072236849028546 6.530440473727545 4.904939946476052
2.5072236849028546 6.356136728534093 5.056388452927265
4.2160118537281335 7.644027892596132 5.918332104008313
2.5072236849028546 7.749362285709298 5.89113001146489
2.5072236849028546 7.749362285709298 5.858243573640043
2.5072236849028546 7.75669685850211 6.427626775696253
2.5072236849028546 7.75669685850211 5.166154202844886
2.5072236849028546 7.75669685850211 6.297590766996503
2.5072236849028546 7.75669685850211 6.105327561667118
2.5072236849028546 11.662319897294806 6.809215320921303
2.5072236849028546 11.662319897294806 4.819340500393659
2.5072236849028546 11.662319897294806 4.671373294817173
2.5072236849028546 6.5996669872797895 5.503547964502823
2.5072236849028546 7.587471937707651 6.000484998286894
2.5072236849028546 7.582796357237498 6.312499923603491
3.622381733585471 8.631415222614965 6.596611563743517
3.622381733585471 8.631415222614965 5.266675501008938
3.622381733585471 8.631415222614965 6.143116556767561
6.096004948021012 7.460956722474913 5.706289794267288
6.096004948021012 7.460956722474913 5.995172251607213
6.096004948021012 8.957521456130547 6.616819731811278
6.096004948021012 8.957521456130547 6.325784725231796
3.622381733585471 8.957521456130547 6.081340869720578
3.622381733585471 8.927999749611706 4.965854905369667
3.181797734470447 8.967474245783615 5.311240787332514
5.6494029531034435 8.967474245783615 5.5059077148997675
3.279888553813621 8.967474245783615 5.130300288798353
3.788667896385935 8.967474245783615 4.318734159193978
3.788667896385935 8.969981343965987 5.767988924007429
3.625796895255022 8.024672129343056 5.284953551563965
2.8521960707082354 8.024672129343056 4.667312751279603
2.8521960707082354 7.723743184773561 5.077454690445206
2.8521960707082354 7.723743184773561 5.308109882565226
2.733109142415121 7.71397765464204 4.278705522697822
2.733109142415121 7.71397765464204 4.925738648458073
4.018464753215277 7.593564984888253 5.340087435250516
2.733109142415121 6.928538253256525 4.928757829413936
4.018464753215277 7.687523713141838 4.877309524027938
5.05874402680454 5.589655116487936 3.330953798584787
5.5329823345095726 5.05874402680454 4.452460062667501
3.5062296278175507 6.003607928225314 5.439942319054648
3.5062296278175507 7.564702439269324 5.164891804564063
3.5062296278175507 7.564702439269324 6.116988666897193
3.3576102926032125 7.564702439269324 5.113628187744379
3.5520777384014797 7.2976049946184585 4.794451263537312
3.5174335657199163 7.089422664818649 5.76421208242264
3.5174335657199163 7.647372939140428 5.304482468917334
3.5174335657199163 7.647372939140428 4.8818881869315325
