1.9127009655054192 7.674836628771256 5.397168439369134
1.9127009655054192 6.496085540238592 6.434110437134775
1.9127009655054192 5.9919501110385625 5.390099453140843
1.9127009655054192 5.973619552130593 4.5454625911709465
1.9127009655054192 6.363160572222572 5.411477629165164
1.9127009655054192 7.231884645168925 5.261519955405279
1.9127009655054192 8.769812842438974 7.052240176525273
1.9127009655054192 8.938828186236847 6.785206592015752
1.9127009655054192 7.782522348389161 6.727833600748808
1.9127009655054192 7.782522348389161 7.723824134560328
1.9127009655054192 5.812465336597651 5.64269272500787
1.9127009655054192 10.347254680784621 8.110514986056101
1.9127009655054192 9.475292914413906 9.013475915574364
1.9127009655054192 8.179471261612738 8.094236877704562
1.9127009655054192 8.509551659406686 8.435474961192767
1.9127009655054192 6.478554167260953 6.30868570558483
1.9127009655054192 6.356227296460098 5.895574260931404
1.9127009655054192 3.8193597933384784 3.550557718300266
1.9127009655054192 3.9476362897904633 3.6822734112958284
1.9127009655054192 5.978869695743011 5.809091711276227
1.9127009655054192 7.091701797029025 6.365507761919235
1.9127009655054192 7.687273465501715 7.44650873649435
1.9127009655054192 7.686353786673793 7.609199968792343
1.9127009655054192 5.924826426965257 5.6124569205664265
1.9127009655054192 6.088376019800545 5.527209991570232
