1.2175958578838046 7.734880052562648 5.616498105637694
1.2175958578838046 6.453471929943806 6.311095484082853
1.2175958578838046 6.453471929943806 6.350691655565418
1.2175958578838046 3.832430644860452 3.6890264913069433
1.2175958578838046 3.5595497402308713 3.5297140041206587
1.2175958578838046 3.434416770462651 2.7342210346686984
1.2175958578838046 3.4361296772690015 3.390350579067605
1.2175958578838046 6.323336479321558 4.828675672080895
1.2175958578838046 3.4361296772690015 3.413944339075148
1.2175958578838046 3.567355152764265 3.4782448220678277
1.2175958578838046 6.533715718454474 4.96273735966788
1.2175958578838046 5.882431046642996 4.805835303036366
1.2175958578838046 6.355215189494633 4.676246419415045
1.2175958578838046 10.049227316038854 8.109947296490512
1.2175958578838046 6.572518425225578 6.489840213318013
1.2175958578838046 5.867258399600537 5.291568769223705
1.2175958578838046 5.436760225499352 4.885213486319661
1.2175958578838046 6.21028159797579 3.725389055428801
1.2175958578838046 7.741905099370058 4.539900119828858
1.2175958578838046 5.899624753097893 3.6187599466927787
1.2175958578838046 6.226869007556523 4.736704842113479
1.2175958578838046 10.316692176529834 6.165937262611293
1.2175958578838046 15.211820943109942 9.21297266225431
1.2175958578838046 3.254869861470383 3.2330292877569478
1.2175958578838046 4.708145100556056 3.944278565776023
