0.8926105320989923 7.769444730085379 5.682619441553335
0.8926105320989923 10.33100959322655 6.50487294086893
0.8926105320989923 4.45492448815661 3.5668303883339627
0.8926105320989923 3.864506883367824 3.5184263409791443
0.8926105320989923 6.6213197207155545 4.055431958999451
0.8926105320989923 1.5017265169809844 1.4956353571321646
0.8926105320989923 4.803815368333986 3.1466797828086666
0.8926105320989923 5.720360976084187 4.3456196968013145
0.8926105320989923 5.720360976084187 4.647496244354669
0.8926105320989923 5.621348284881325 5.46438724696576
0.8926105320989923 5.76613178839651 5.5940983359098455
0.8926105320989923 7.048773782475996 6.844249480570855
0.8926105320989923 6.757013232677254 6.3995029665773995
0.8926105320989923 8.638408378986057 6.888134350937007
0.8926105320989923 7.102600001979454 5.197638816056218
0.8926105320989923 7.102600001979454 5.218484150822718
0.8926105320989923 3.242760582104929 2.933110987149567
0.8926105320989923 4.632087667453259 4.184967377515004
0.8926105320989923 6.463085445533981 6.233480322053668
0.8926105320989923 4.577946084952764 4.311182334240996
0.8926105320989923 6.219041073630439 5.02599807951856
0.8926105320989923 3.777561408684122 3.4912040101249087
0.8926105320989923 5.743878395837164 4.454699333829898
0.8926105320989923 4.27555834993656 3.8666215833504736
0.8926105320989923 5.607210787046466 4.887168198901891
