0.7360262776417525 7.775221840203265 5.472838450418718
0.7360262776417525 3.5661408421900274 3.225041560252618
0.7360262776417525 3.5661408421900274 3.5378396965445433
0.7360262776417525 6.543071770924978 6.40299492865432
0.7360262776417525 7.69265734031031 6.298653191274577
0.7360262776417525 7.69265734031031 7.011111092687491
0.7360262776417525 6.44371869337942 6.386641769222045
0.7360262776417525 6.44371869337942 6.386641769222045
0.7360262776417525 6.44371869337942 5.400353289546659
0.7360262776417525 5.5635121179700775 5.4227467861899505
0.7360262776417525 6.293573603070442 5.296978957378119
0.7360262776417525 6.547241447219154 5.421276201010986
0.7360262776417525 7.47525706766465 5.9477521389071635
0.7360262776417525 8.86933350763776 7.559800808529673
0.7360262776417525 6.032876932071996 4.950764319943891
0.7360262776417525 5.544544970821146 4.913253976683692
0.7360262776417525 4.561736381361655 3.5652491711773937
0.7360262776417525 3.7021091165583724 3.1546001409586975
0.7360262776417525 5.496859162275275 4.658495504232381
0.7360262776417525 3.883072776159857 3.851602311174672
0.7360262776417525 3.883072776159857 3.851602311174672
0.7360262776417525 4.550109978862288 3.7537827185081314
0.7360262776417525 5.051518201355336 4.320501682045637
0.7360262776417525 7.687134482434132 7.4638237139156764
0.7360262776417525 6.65420405977228 6.474049393208264
