2.0912920166192817 7.736637107971852 5.429171444938115
2.0912920166192817 6.370896518379517 5.336892109097712
2.0912920166192817 8.024752588953302 6.000778501996227
2.0912920166192817 9.387587912817704 9.183957149562383
2.0912920166192817 9.12091892446397 9.050622655385506
2.0912920166192817 9.432186431590578 6.93492481928009
2.0912920166192817 6.328716173917485 5.274913549467799
2.0912920166192817 6.430611976198435 5.850117890218368
2.0912920166192817 6.430611976198435 5.396643385187487
2.0912920166192817 5.423390838982282 4.989084519721496
2.0912920166192817 6.316086110861214 6.2412539038729085
2.0912920166192817 6.4703244183916375 5.456174089960083
1.2959616513282062 5.272468480975892 3.2524033015084823
1.2959616513282062 7.281920036550369 6.515577211220082
1.2959616513282062 8.458859916328162 7.174388717740158
1.2959616513282062 7.668343055914313 6.76643342360416
1.2959616513282062 7.345194020422808 6.621622622223696
1.2959616513282062 5.788564031913417 4.79920969669908
1.2959616513282062 5.862975833315126 5.270387265900411
1.2959616513282062 5.86321169475638 5.788742753940387
1.2959616513282062 9.060992397375363 7.483741732626788
1.2959616513282062 7.515598293877284 6.765644698436689
1.2959616513282062 6.661691601668256 6.347230419254272
1.2959616513282062 6.479232550891208 4.519144536047833
1.2959616513282062 6.287248100221117 5.820686991406266
