0.5711300139173585 7.766565680605773 5.236808289500836
0.5711300139173585 4.868829109660865 4.565461236510419
0.5711300139173585 4.534537659799518 3.796465066941581
0.5711300139173585 4.7474457122303555 4.531974521561485
0.5711300139173585 6.696815864229137 6.113922263853996
0.5711300139173585 4.992667985424696 4.014267254113808
0.5711300139173585 5.479970146437779 4.824044335540438
0.5711300139173585 6.242099513133617 4.5100889370806865
0.5711300139173585 6.485971967232743 5.5091482594754835
0.5711300139173585 4.963426610364337 4.6735279962544345
0.5711300139173585 4.602342229830871 4.278907588007413
0.5711300139173585 5.747804281166477 5.641831604059652
0.5711300139173585 5.747804281166477 5.696037538493979
0.5711300139173585 5.747804281166477 5.696037538493979
0.5711300139173585 4.14731594043478 2.917640781356583
0.5711300139173585 6.8872582904597905 4.311490222365342
0.5711300139173585 4.132013811365695 4.012705590010663
0.5711300139173585 5.850793206379219 5.141700376021316
0.5711300139173585 7.644910012111968 6.051884702856357
0.5711300139173585 8.743440902963632 8.371827422651034
0.5711300139173585 4.920966126000998 2.746048069959175
0.5711300139173585 5.6230982444794115 5.388021854571786
0.5711300139173585 3.2459122205515105 3.071593296645517
0.5711300139173585 2.8395411651555382 2.2191318440850916
0.5711300139173585 6.576735427426488 4.760375392688746
