1.8565788767524656 7.737103113529809 5.401155058670761
1.8565788767524656 4.557465558632192 4.491225233082381
1.8565788767524656 4.56192009548576 4.532639414871652
1.8565788767524656 6.243944673331079 4.9092600913433095
1.8565788767524656 5.986549477645916 4.806378711981161
1.8565788767524656 6.073282167955266 5.895107159950969
1.8565788767524656 6.559784810442615 6.229790118182547
1.8565788767524656 6.546252535441223 5.586391717713684
1.8565788767524656 6.546252535441223 5.494720469609294
1.8565788767524656 6.479459424930706 5.48141662093894
1.8565788767524656 6.271434583606656 5.079706509836431
1.185063092134158 5.462812379467135 3.2878754007734994
1.185063092134158 3.3096878511501413 2.8014231293904963
1.185063092134158 2.3356509028111714 2.3241450247044053
1.185063092134158 6.32282642930792 4.746226474435346
1.185063092134158 4.897164744729455 3.643345706982458
1.185063092134158 9.228878854363455 7.725617614655443
1.185063092134158 7.6194526455251115 6.949360971877991
1.185063092134158 6.929828021309703 6.662150097415551
1.185063092134158 4.713198731056348 4.613326288225451
1.185063092134158 4.173578442405802 3.9146690785483993
1.185063092134158 5.580121423833788 4.871340240549888
1.185063092134158 7.536998322785314 5.494580444044394
1.185063092134158 7.399634007769478 6.968302707176346
1.185063092134158 6.631595295049667 5.221798640440307
