1.1163890967162833 7.642203602787722 5.310717298063302
1.1163890967162833 7.128574536863859 6.510179352948525
1.1163890967162833 7.639082151692785 7.453369539299444
1.1163890967162833 6.965553690179101 6.343139410503711
1.1163890967162833 6.14911877865417 5.684925899405649
0.9167967447121801 5.148701958667363 2.992426223070262
0.9167967447121801 5.141818018353263 3.978495745536023
0.9167967447121801 7.166048831874592 6.091440904242304
0.9167967447121801 7.332726994512424 6.195022293696437
0.9167967447121801 6.017969048976109 5.528881810622044
0.9167967447121801 5.896330417592594 5.507856122734365
0.9167967447121801 7.383973713932326 5.480233871369792
0.9167967447121801 4.220526951268951 4.059886390107238
0.9167967447121801 6.267295849197428 4.760410347941664
0.9167967447121801 6.1434436707118145 4.670061953744716
0.9167967447121801 7.778667240052769 5.781661501508088
0.9167967447121801 4.412246159153536 4.129550916311903
0.9167967447121801 4.589375634779145 4.42921442236501
0.9167967447121801 6.487830589663503 5.411968084672214
0.9167967447121801 5.64655332996778 5.1473683229684255
0.9167967447121801 7.66100016257592 6.635254161367486
0.9167967447121801 8.330945840538128 7.241130631755786
0.9167967447121801 9.139774437537904 7.401378382746775
0.9167967447121801 5.759843258225928 4.768756941736382
0.9167967447121801 4.1267220974109335 3.9492896984195967
