1.5290923871417132 7.71400269980548 5.485692379873392
1.5290923871417132 5.532856377120208 4.591265233376919
1.5290923871417132 6.215840307956096 4.93275719879487
1.5290923871417132 7.474375775034179 5.410614739339803
1.5290923871417132 7.550315210100017 6.843745405515795
1.5290923871417132 8.791862472361359 7.113138618995057
1.5290923871417132 8.791862472361359 6.574308729442449
1.5290923871417132 5.779438622755482 5.116312111352104
0.8192743202113744 3.3925544340053375 2.0872797566397225
0.8192743202113744 6.084147264020018 5.737799775392855
0.8192743202113744 8.615596630296492 7.953754250282974
0.8192743202113744 7.002168072859067 6.744878422796488
0.8192743202113744 7.114822619898616 5.78518437505163
0.8192743202113744 7.605115090098222 7.360402269943279
0.8192743202113744 7.918756117271528 7.089803634705396
0.8192743202113744 6.594996730483977 5.700789937120962
0.8192743202113744 10.551626918741471 9.818983918055324
0.8192743202113744 8.006298395086361 6.191921711342342
0.8192743202113744 10.567557832294494 6.108228775675067
0.8192743202113744 6.060291742013824 4.070768734289662
0.8192743202113744 6.665466885913588 5.014920789520288
0.8192743202113744 6.281411251831987 5.801753459779077
0.8192743202113744 4.386848859923379 4.179493836363301
0.8192743202113744 4.50016909186558 4.416933282396525
0.8192743202113744 6.366452337316087 5.109294698600099
