0.7593614762896057 7.775676916826402 5.258224088296945
0.7593614762896057 7.596554745583942 4.229275436495203
0.7593614762896057 4.504781472935015 4.411331511223008
0.7593614762896057 6.476619238073795 5.928071481533693
0.7593614762896057 6.625547099530468 6.012362915840475
0.7593614762896057 7.332761246783775 6.478717249249459
0.7593614762896057 7.4589856796117875 6.924453807084026
0.7593614762896057 4.381100688954504 3.9267289690571596
0.7593614762896057 3.5447920334131067 3.472857813280464
0.7593614762896057 3.512051633822925 2.6594916293558852
0.7593614762896057 7.343171921422552 5.3132337548753705
0.7593614762896057 6.482816842250646 5.128117739749855
0.7593614762896057 5.440906480618924 4.617581662550311
0.7593614762896057 3.9603568298472926 3.8928370245249972
0.7593614762896057 6.204609773087537 5.862230446001544
0.7593614762896057 4.572270320450848 4.306616062323756
0.7593614762896057 4.165236027070769 3.985340239172425
0.7593614762896057 5.8861058763969965 4.94439313390479
0.7593614762896057 5.194599565877692 4.749994220416482
0.7593614762896057 6.204610803891796 5.183023968016347
0.7593614762896057 4.270342118692934 3.8857593386378824
0.7593614762896057 6.037743776812864 4.995887295859271
0.7593614762896057 7.7026035422362575 5.829981469331611
0.7593614762896057 7.382207833716052 6.890910786783861
0.7593614762896057 8.407845144014665 7.407687157887738
