0.49963413056410433 7.735167459557056 5.259955506051855
0.49963413056410433 8.138429727800943 7.719700654301757
0.49963413056410433 8.816019067915336 7.862286265670338
0.49963413056410433 12.358913210532602 10.045310690318798
0.49963413056410433 7.497453539320135 6.96045054856217
0.49963413056410433 7.09777614262544 6.7646086241817605
0.49963413056410433 6.563403945979321 6.502379514599744
0.49963413056410433 7.587937039275392 7.219034761567627
0.49963413056410433 6.624410549455288 5.370727147670366
0.49963413056410433 4.555413914861493 4.336228830373476
0.49963413056410433 6.419479143846836 4.724840848187751
0.49963413056410433 6.3495694500530995 5.328849941022787
0.49963413056410433 4.550021219285554 4.447071307946693
0.49963413056410433 4.550021219285554 4.376130980034368
0.49963413056410433 4.550021219285554 4.50951734839834
0.49963413056410433 5.663088715222951 5.0660510963670395
0.49963413056410433 4.519637456681078 4.050270484819615
0.49963413056410433 4.975213595766615 4.329133109639743
0.49963413056410433 3.934930768540085 3.808991696026482
0.49963413056410433 5.693892486514418 4.501319707414686
0.49963413056410433 7.744595934765574 7.069558818262562
0.49963413056410433 6.925800427726271 6.179181724597232
0.49963413056410433 7.522996101586793 6.541518914577306
0.49963413056410433 7.749747928425711 6.667488978415279
0.49963413056410433 8.886645604605736 5.854225794957824
