1.5430128100078488 7.728691253515409 5.356175460692984
1.5430128100078488 3.7601321328629536 3.464363909022299
1.5430128100078488 6.019321728726855 4.867555737566362
1.5430128100078488 3.8191200570745107 3.441627608583691
1.5430128100078488 4.211650077696618 3.9886986947086727
1.5430128100078488 4.147460134858669 3.898256343207421
1.5430128100078488 4.5179940133959136 3.361589913179265
1.5430128100078488 6.185383661260261 6.0913525956395524
1.5430128100078488 6.088225789610913 3.8835339013724397
1.5430128100078488 5.5836643453053405 3.6409404783490307
1.5430128100078488 6.5857090058311805 5.331156141289992
1.5430128100078488 6.664024499391527 5.3449567351226674
1.5430128100078488 7.667613761055732 5.872108518902265
1.5430128100078488 9.087437042983106 8.135341588077669
1.5430128100078488 9.087437042983106 7.643974275624491
1.5430128100078488 7.418613767559862 6.860169558140971
1.5430128100078488 9.210852634300926 8.718243739216561
1.5430128100078488 9.988768497688952 6.298719647537641
1.5430128100078488 9.793977723248839 8.337406830785973
1.5430128100078488 6.035577708124752 5.560671693472133
1.5430128100078488 6.1429874422289075 5.615647967398123
1.5430128100078488 7.356017781599322 6.510935170842825
1.5430128100078488 7.566655959593529 6.906362356802913
1.5430128100078488 7.260674382648096 5.194930804063321
1.5430128100078488 4.3222844228329755 4.099051022305311
