1.1813469394204898 7.7505327345843344 5.434572845341554
1.1813469394204898 8.584691309446974 6.744392756857086
1.1813469394204898 7.149967252601284 5.390244431456254
1.1813469394204898 6.3352359054428575 4.29460897484584
1.1813469394204898 6.6239986325810385 6.214981001033135
1.1813469394204898 6.442106055389139 4.7879059566570366
1.1813469394204898 6.338414280599576 5.756544697145812
1.1813469394204898 6.338414280599576 4.904600276510511
1.1813469394204898 3.991551153078007 3.6232819626606574
1.1813469394204898 4.124846668377071 3.988068797598969
0.24350850438992966 4.81274637792378 2.491813446771822
0.24350850438992966 4.619506991673791 3.855853343315461
0.24350850438992966 3.1503362498666623 1.7581139924142435
0.24350850438992966 4.645702278776589 2.8735110235578647
0.24350850438992966 3.103448459103483 2.3231129867186784
0.24350850438992966 1.60977070549766 1.5712334736790263
0.24350850438992966 5.964191355706113 5.1865079422579345
0.24350850438992966 6.3587861871974205 6.25956480619966
0.24350850438992966 7.473891414344779 6.989133962730916
0.24350850438992966 6.797104505593715 5.641057017172009
0.24350850438992966 7.637088944648225 5.747945275800375
0.24350850438992966 6.65663275579341 5.886225211817507
0.24350850438992966 7.939333620919275 4.576223873408074
0.24350850438992966 3.3834896107053294 3.315605396532005
0.24350850438992966 5.4438384379713405 4.361660725002528
