0.4375223686039793 7.758700594141921 5.495064976692408
0.4375223686039793 4.209395012862615 2.829422710509755
0.4375223686039793 7.677614468638415 6.641009766552778
0.4375223686039793 6.155903175801885 5.30959317664475
0.4375223686039793 5.804541619949497 5.379691962042505
0.4375223686039793 7.024736500048878 6.470760407370116
0.4375223686039793 5.939313674745478 5.100382769267416
0.4375223686039793 4.564159210240508 3.6805373689492846
0.4375223686039793 4.324158665421347 3.6385583867254856
0.4375223686039793 6.962676787541415 5.2381701535674905
0.4375223686039793 8.116515104295885 6.309966843969601
0.4375223686039793 3.9088085453641495 3.7947903396022746
0.4375223686039793 4.075892685717747 3.530973622745035
0.4375223686039793 6.407704130959022 5.022678161669103
0.4375223686039793 6.097408203512497 5.277926143175555
0.4375223686039793 7.242058318299803 6.892513423545175
0.4375223686039793 3.96007835768231 3.5894720916406744
0.4375223686039793 7.523923265561203 5.221027448471374
0.4375223686039793 5.900196316807332 4.575518736637438
0.4375223686039793 3.7731369206587506 3.705083645862201
0.4375223686039793 4.969745127423838 4.066177822618162
0.4375223686039793 6.559623768574351 5.423929972719686
0.4375223686039793 4.4314965522281256 3.780510694610933
0.4375223686039793 6.398966963736722 4.920510216691092
0.4375223686039793 6.242436332954199 5.195404251840712
0.4375223686039793 7.2693674402586215 5.490180633561266
0.4375223686039793 7.695872987880353 6.00378326888805
0.4375223686039793 6.108696689353092 5.591954944871394
0.4375223686039793 6.380605704592131 5.011421101298787
0.4375223686039793 6.333753455749328 5.711556413039494
0.4375223686039793 6.407525760136014 4.689310015912077
0.4375223686039793 6.1037555120748195 5.7781335746589955
0.4375223686039793 6.5248479206471615 5.937924333089654
0.4375223686039793 6.239291539421075 4.6392051467322135
0.4375223686039793 6.378637933379906 4.673963692726374
0.4375223686039793 6.646895302496862 6.450942759853332
0.4375223686039793 5.566681075501499 4.640579457096571
0.4375223686039793 6.46378251415166 5.407149645913662
0.4375223686039793 6.493711592976744 5.1157368844324695
0.4375223686039793 5.727486318797869 4.149530324271504
0.4375223686039793 4.419718067228043 3.6976145963551135
0.4375223686039793 7.142403440963976 6.590798328145785
0.4375223686039793 5.604405143360225 4.1888117375585505
0.4375223686039793 6.421042218429715 6.0830059591577275
0.4375223686039793 7.780288149401082 5.976136323573935
0.4375223686039793 6.874583961056027 5.663181168523278
0.4375223686039793 5.513215397434145 5.0929794705577
0.4375223686039793 5.554482484034661 5.232607859557088
0.4375223686039793 6.607678720402866 6.049257349989445
0.4375223686039793 6.590495257396167 6.426754246076415
