2.2106697729337133 7.7577396549605595 5.3223154391503185
2.2106697729337133 7.745972806386291 5.489946502751994
2.2106697729337133 6.395109796834664 6.125003413499977
2.2106697729337133 6.004968493846093 5.840788617254706
2.2106697729337133 7.75117428103405 7.617920470749518
2.2106697729337133 7.105381131214921 6.6826662127394005
2.2106697729337133 7.615093203489952 5.852312790390865
2.2106697729337133 7.766510911601442 6.909928897012646
2.2106697729337133 6.379954300483185 6.195427248967794
2.2106697729337133 5.234115987718891 4.684518158375094
2.2106697729337133 6.43431920361348 5.028249894821595
0.12200456080996291 4.291872300097186 2.227825082574813
0.12200456080996291 5.821171077609886 4.757907462551177
0.12200456080996291 5.227865843156138 4.648405440028007
0.12200456080996291 6.508860849505794 6.425476988431923
0.12200456080996291 4.287348836355648 3.3550574193877525
0.12200456080996291 5.583749192407286 5.524118451499917
0.12200456080996291 6.2722911971082915 6.129342174949056
0.12200456080996291 6.379060563859415 6.033229619425148
0.12200456080996291 4.905795989212425 4.59390587981952
0.12200456080996291 6.035969803550145 4.534820605925849
0.12200456080996291 6.698530205066202 5.856926614448807
0.12200456080996291 7.269831510716973 4.973927625347655
0.12200456080996291 7.464353918475162 4.994110969929895
0.12200456080996291 6.607287746288236 4.120333316163251
0.12200456080996291 5.827124073290072 4.771086418797622
0.12200456080996291 6.104159341678891 5.609604349107912
0.12200456080996291 3.5309988717530207 3.412908295611442
0.12200456080996291 7.107382843561512 5.486883831108458
0.12200456080996291 5.824939138986693 3.8786999739866763
0.12200456080996291 6.31418574314511 4.438766458397659
0.12200456080996291 6.013528850049891 4.63101323813494
0.12200456080996291 7.363393271630928 6.541456116331546
0.12200456080996291 4.598338447042416 3.6485853453481814
0.12200456080996291 6.193147129438742 5.681506531269216
0.12200456080996291 5.69166132801784 5.077609605008982
0.12200456080996291 6.819213232477573 6.331145716776112
0.12200456080996291 6.577902392262491 6.3193431738739765
0.12200456080996291 7.101757415550482 6.127649192661346
0.12200456080996291 5.587686927985455 5.151333103739768
0.12200456080996291 6.473642288090858 6.2934024895732765
0.12200456080996291 4.159588805470634 3.8466041971148752
0.12200456080996291 6.2808228280771985 5.272758849019526
0.12200456080996291 6.217636945514702 4.514033147968577
0.12200456080996291 6.756147513019979 5.644936811962468
0.12200456080996291 4.670007419438953 4.515491439195199
0.12200456080996291 6.024825610359812 5.891709570918565
0.12200456080996291 8.140613367061228 5.961589624241104
0.12200456080996291 5.151363336418985 4.804746889912886
0.12200456080996291 7.107146925086166 5.626529782816293
