1.566366134979845 7.74611195259938 5.295143453199099
1.566366134979845 6.14937480602368 5.209456223123753
1.566366134979845 6.436417406622372 5.274695991785858
1.566366134979845 4.0681889658337305 4.009029275651276
1.566366134979845 7.717355546704589 7.341598364961869
1.566366134979845 6.290486655399146 5.6076013771334665
1.566366134979845 7.164972295548537 6.975148899131078
1.566366134979845 5.627585375252448 4.165453411809776
1.566366134979845 5.562386924401995 3.611282333205978
1.566366134979845 5.772784623653511 4.424881450539254
1.566366134979845 6.498207134853356 4.750289304756922
1.566366134979845 6.585140317460571 6.308934162583572
1.566366134979845 6.339829423525423 5.280660733711539
1.566366134979845 7.468638016358671 6.9282047907948625
1.566366134979845 3.2728467006104336 3.1580624943815905
1.566366134979845 6.657740316766276 6.016090283097344
1.566366134979845 6.58062191328737 6.469658650859718
1.566366134979845 5.726102456140229 4.738726780812045
1.566366134979845 4.106377543363596 3.3443032077849346
1.566366134979845 7.738371149453137 7.288812029720092
1.566366134979845 4.573780817403101 4.109493680500392
1.566366134979845 7.762308857957919 7.098923022535048
1.566366134979845 7.0877029566432075 6.1447849807952695
1.566366134979845 6.214193157162143 4.891304163219963
1.566366134979845 6.315986603888597 5.480077596777535
1.566366134979845 7.589732989007304 6.740238912680589
1.566366134979845 5.610859087407118 5.243063401079479
1.566366134979845 6.853760167827339 6.358945710737236
1.566366134979845 7.138054778276102 7.077402213913087
1.566366134979845 6.5428564958917015 5.017151344028697
1.566366134979845 6.146650027182975 6.056182369112654
1.566366134979845 6.966262188256485 6.888122337760791
1.566366134979845 6.118184908999503 5.570791317845067
1.566366134979845 5.428013884064939 4.915359591450283
1.566366134979845 5.866401965762236 5.0539802387338195
1.566366134979845 6.436154729522787 5.460988367433425
1.566366134979845 7.662544118816047 6.581695793777827
1.566366134979845 5.885753522666128 5.810793839758893
1.566366134979845 6.662644795083011 5.468601906173592
1.566366134979845 6.6568248796261 5.812415663129136
1.566366134979845 7.561589521098149 6.842406361307103
1.566366134979845 5.851742641352001 5.230353438563908
1.566366134979845 5.761344349442616 4.330919819411547
1.566366134979845 5.2897069581861835 4.542968155798763
1.566366134979845 7.503994995681831 6.761766242465898
1.566366134979845 6.128231004126079 5.978785325561489
1.566366134979845 6.554308805124435 5.833620076617163
1.566366134979845 6.110944270365884 5.939179921884846
1.566366134979845 7.618732340136798 6.013923571661659
1.566366134979845 3.2635171759212125 3.151718652754433
