1.704287278658033 7.777556516321214 5.392846195511239
1.704287278658033 6.522174457013197 5.189234517543965
1.704287278658033 6.240146385849062 5.809095540647821
1.704287278658033 7.291231154873639 5.690077362967189
1.704287278658033 5.457410149671706 4.530140792466796
1.704287278658033 7.477293376358549 6.821531737318434
1.704287278658033 7.59715361985049 6.960276344730728
1.704287278658033 7.084668425529175 6.1126851073872635
1.704287278658033 7.363308811963945 6.621956608915769
1.704287278658033 4.9383366323552735 4.494320659135049
1.704287278658033 6.303702882526874 6.002097635427418
1.704287278658033 6.073072951226152 5.9051859714017105
1.704287278658033 7.564853026278794 7.012160956373629
1.704287278658033 5.7125371144160155 4.265855215928856
1.704287278658033 6.2981619730065965 5.849293928365391
1.704287278658033 7.653860246224099 6.513030226862017
1.704287278658033 5.879588900330493 5.106562918773644
1.704287278658033 7.129879416291153 5.6272207946761235
1.704287278658033 4.545441807104844 4.064021819626841
1.704287278658033 3.4698278802111067 2.756071182962363
1.704287278658033 7.328348593623929 6.710979941425654
1.704287278658033 7.722463248803072 7.046818384713812
1.704287278658033 7.669515363700405 5.2665036901422555
0.35943322187894866 6.959364639335723 3.672847471175124
0.35943322187894866 4.176849511451099 3.6018061916125776
0.35943322187894866 6.524705343910785 4.94261214393356
0.35943322187894866 6.507028295139342 4.553165107710459
0.35943322187894866 6.250753192916932 6.029998756171448
0.35943322187894866 7.407101200916486 6.531972577733759
0.35943322187894866 7.121993301735829 5.9827394306716455
0.35943322187894866 7.075553942305012 6.787090422569202
0.35943322187894866 6.22431252128813 5.022579552526279
0.35943322187894866 6.262084595548334 6.098644149430766
0.35943322187894866 6.614218704797928 6.487745071480601
0.35943322187894866 4.238813164597925 3.4497093261082976
0.35943322187894866 5.794633958130351 5.572177208262999
0.35943322187894866 7.156776581640056 4.907966201901733
0.35943322187894866 4.814366640868776 4.393637695001178
0.35943322187894866 3.36313715194315 3.3168076290927706
0.35943322187894866 4.565644688497834 4.44682480978445
0.35943322187894866 4.953882541638858 4.780069722587822
0.35943322187894866 7.721941496901568 7.095300633459744
0.35943322187894866 6.336401924832849 5.794055633383161
0.35943322187894866 6.283916280388354 6.12772837168042
0.35943322187894866 7.144135459144039 4.925957556908209
0.35943322187894866 5.848541802896165 5.2532105037187025
0.35943322187894866 5.5139083778830305 5.172654966031278
0.35943322187894866 6.416076993629993 5.864331244185808
0.35943322187894866 6.6276834149391775 6.1844187948600435
0.35943322187894866 5.345579657120879 4.002101519923074
