0.872065019233212 7.726866432029274 5.504840062711504
0.872065019233212 6.691520291331848 5.572185595025307
0.872065019233212 5.529172615990344 4.916347652841392
0.872065019233212 6.5242904044364 5.52712603636609
0.872065019233212 7.384044287958183 5.789191053645594
0.872065019233212 7.180733201451231 6.055692850288896
0.872065019233212 6.537858303735909 5.50914642873201
0.872065019233212 4.867933809038426 4.179322783619282
0.872065019233212 7.6698281836003215 7.066341659462164
0.872065019233212 4.1814160559516615 3.755752048113323
0.872065019233212 6.234122890444404 4.395900139298918
0.872065019233212 5.801603629027223 5.589791233358144
0.872065019233212 5.917917106978258 5.476361758505268
0.872065019233212 7.057553186443876 4.924240384655844
0.872065019233212 4.289308227462936 3.137898076180438
0.872065019233212 7.537815978013036 7.121687896677733
0.872065019233212 5.758517049858689 4.5218788817623405
0.872065019233212 6.797269791637575 4.987409544479014
0.872065019233212 5.37156023607567 4.2679357444675965
0.872065019233212 5.537227510164673 4.43835080087567
0.872065019233212 8.024711306207758 7.775100516920047
0.872065019233212 6.675918767932405 6.555362489297521
0.872065019233212 5.53822392187557 5.071288563914027
0.872065019233212 5.531606451098192 5.031330371538261
0.872065019233212 5.59800774399492 5.481450162641604
0.872065019233212 4.605582375838299 4.068504308123206
0.872065019233212 5.877256416693637 4.713652622397592
0.872065019233212 6.195744434650177 5.339438072592198
0.872065019233212 3.8764067617574303 3.4694446217614887
0.872065019233212 5.937215784241253 5.002787143377492
0.872065019233212 6.262788820666749 5.292231327680811
0.872065019233212 7.610982111422592 5.711579460848389
0.872065019233212 5.622949703658371 5.049517884951857
0.872065019233212 6.567896841367418 4.67588701638542
0.872065019233212 6.511264816397279 4.693429418439007
0.872065019233212 6.739809800079351 6.6601779276756305
0.872065019233212 6.0077091175170665 5.863235440463683
0.872065019233212 7.028087711314319 6.3696582377894035
0.872065019233212 6.583470758414386 6.446515813337812
0.872065019233212 5.887990054999463 5.205554994650754
0.872065019233212 6.49914346647228 6.095553667435946
0.872065019233212 5.843123986341652 5.090166900248032
0.872065019233212 6.642235408253658 5.770133655685116
0.872065019233212 6.865011886285062 6.43767690190767
0.872065019233212 6.3899240974203835 5.11528451536246
0.872065019233212 7.545986144447184 6.9910064543572785
0.872065019233212 8.76472350559866 6.608170631767431
0.872065019233212 6.29957925475448 5.040458742471863
0.872065019233212 6.18775619979392 5.798404731417011
0.872065019233212 6.487426930356278 5.1517900345674095
