1.0789668002952806 7.7526879344414255 5.358713361831484
1.0789668002952806 5.8674436986901775 4.8977998428098815
1.0789668002952806 7.247421820199252 6.156278583378885
1.0789668002952806 7.125049865934514 5.1301514380220805
1.0789668002952806 6.2964866859634725 5.275043634711737
1.0789668002952806 6.002094614259754 4.377747408985097
1.0789668002952806 5.662178794560269 5.08321577827987
1.0789668002952806 6.216859575766183 5.335375255002365
1.0789668002952806 4.436301327587163 4.34665868094686
1.0789668002952806 7.143276134511773 5.494547365614542
1.0789668002952806 7.178353413612829 5.926076471529708
1.0789668002952806 6.091995336170765 5.967029108007431
1.0789668002952806 5.916407441029669 5.808736373089868
1.0789668002952806 6.591014723991496 6.060906488515551
1.0789668002952806 5.948174640916385 5.7608132474820675
1.0789668002952806 5.886359487383611 5.831197410716421
1.0789668002952806 5.203102195370246 5.091054128832304
1.0789668002952806 4.581831248787971 4.295131972237197
1.0789668002952806 6.186992514476337 5.607248009932127
1.0789668002952806 7.6132806022198665 6.443894891422743
1.0789668002952806 7.382712400010632 5.750804193523141
1.0789668002952806 7.2830774249986945 5.236157275427689
1.0789668002952806 6.09882095983826 5.984363492507351
1.0789668002952806 6.4597865368400775 5.1099956696571205
1.0789668002952806 6.062533230957953 5.669197340422751
1.0789668002952806 7.687344902880554 7.0335043003405735
1.0789668002952806 4.542473398700615 3.919590325484258
1.0789668002952806 6.8573308610448525 5.132289122407671
1.0789668002952806 5.867403896188584 4.966772252146775
1.0789668002952806 6.302422922617303 5.144747578291747
1.0789668002952806 6.323726184736767 5.289111144861217
1.0789668002952806 5.55803561571523 4.951133496662452
1.0789668002952806 6.442559159572131 6.247068131489931
1.0789668002952806 5.126373771972794 4.621202886113009
1.0789668002952806 7.637570403603199 7.4607022307635065
1.0789668002952806 4.946709684176671 4.57876630137411
1.0789668002952806 6.6670459057770195 6.31791348683061
1.0789668002952806 6.361032513928702 4.733866640052435
1.0789668002952806 6.44919783546008 5.399970314352791
1.0789668002952806 7.042277532844338 5.087059275941635
1.0789668002952806 5.984880444593909 5.09114407686112
1.0789668002952806 7.281757518642532 6.613836772121259
1.0789668002952806 6.377041535230525 6.216530305652984
1.0789668002952806 4.434307431581953 3.8133121044659877
1.0789668002952806 5.5777059981357695 4.753003163896414
1.0789668002952806 4.7348853425401884 4.459515086607907
1.0789668002952806 4.919027171595182 4.188189056330857
1.0789668002952806 4.92665738355042 4.598766458668292
1.0789668002952806 6.468547349380451 5.394312627012213
1.0789668002952806 6.452597666500004 6.292393293527637
