1.644768215017685 7.733267259434214 5.492018716390159
1.644768215017685 7.68178193559425 5.973843904615999
1.644768215017685 5.103314197347377 4.816888466271315
1.644768215017685 7.729543454571342 7.1154629953871575
1.644768215017685 6.1710914513030275 4.977548900497381
1.644768215017685 6.841515163592744 5.428246931925063
1.644768215017685 7.016108948557399 6.799773884421154
1.644768215017685 7.111837803568179 6.537192649272907
1.644768215017685 6.315343313981671 5.943093920016359
1.644768215017685 6.265030868468887 5.353127024336219
1.644768215017685 6.971855292952238 5.273010523124491
1.644768215017685 5.518666134840235 4.599422741021893
1.644768215017685 7.565608691888281 7.311851570762352
1.644768215017685 4.489368088629504 4.032637511699006
1.644768215017685 7.2506014793393465 4.987847335191997
1.644768215017685 6.153765269348785 5.998095663865586
1.644768215017685 7.553914580703719 6.798643113300741
1.644768215017685 6.269246129721111 5.933867936527613
1.644768215017685 7.552027903160987 6.861702738425914
1.644768215017685 6.929953632171916 6.6581390274173415
1.644768215017685 6.363233670765258 5.629873847835139
1.644768215017685 7.706880580539957 7.091719672612146
1.644768215017685 4.371276861827894 4.265845098950894
1.644768215017685 6.12372501365526 4.955022077577812
1.644768215017685 6.6509511700974535 5.858498538232555
1.644768215017685 6.253995573678665 4.633341214774614
1.644768215017685 6.955195228687451 6.155185372361756
1.644768215017685 7.601359612657689 6.873967062772681
1.644768215017685 5.79183928265417 4.393172486244624
1.644768215017685 5.814358401031075 5.394519940396335
1.644768215017685 5.730780309316497 5.036018483319169
1.644768215017685 6.615366915762355 6.4238515339204545
1.644768215017685 6.255795576485983 6.15188667242339
1.644768215017685 5.676210352919945 4.451887240702036
1.644768215017685 6.42011366799516 6.3486109155585755
1.644768215017685 5.797175833369277 4.999159815851098
1.644768215017685 7.166498781362188 6.734697312657808
1.644768215017685 6.876566353589864 6.686065293720947
1.644768215017685 6.16462882665131 5.967544367246733
1.644768215017685 6.306950286921463 5.129966708529995
1.644768215017685 7.757438267553855 6.500459898118143
1.644768215017685 5.56391543485508 5.37412724826766
1.644768215017685 6.332028657517082 4.775725171693065
1.644768215017685 4.571377655870599 3.581822995652907
1.644768215017685 6.23157088456637 5.927506881133643
1.644768215017685 4.5350846344890385 3.9052027412425803
1.644768215017685 5.578889008911741 4.684485041300985
1.644768215017685 6.187221095545944 5.565517765782378
1.644768215017685 6.342756307204901 6.228118747754243
1.644768215017685 6.7925150377179975 4.547798727186732
