0.97834854420076 7.730300396541274 5.5389804058158925
0.97834854420076 5.701601299383665 5.604681416163226
0.97834854420076 6.837318779039583 6.220013092789681
0.97834854420076 6.931716460208751 5.3982027851025
0.97834854420076 6.650177644046664 5.363977084111748
0.97834854420076 7.571038250803273 5.727515320732316
0.97834854420076 3.5957511229817567 3.5673851104101026
0.97834854420076 6.993923499380781 6.459488583756928
0.97834854420076 6.482808422111557 5.785655900694947
0.97834854420076 5.662300842122065 5.1120519204386925
0.97834854420076 6.261053502736122 5.824321510221352
0.97834854420076 5.7622249584656124 4.502321264554822
0.97834854420076 5.91547100974541 5.221879919661244
0.97834854420076 7.61162369131177 5.8987231038053665
0.97834854420076 6.049431181122365 4.575151733976742
0.97834854420076 3.69485522446556 2.45529106965393
0.97834854420076 5.447186907192862 4.8960045071239975
0.97834854420076 4.970295168866407 4.370631057986564
0.97834854420076 6.27891145487548 6.220105631198902
0.97834854420076 7.6906263324447455 7.568823792805005
0.97834854420076 7.7619284714780825 6.975062244719066
0.97834854420076 6.6460816264166205 4.824094818016664
0.97834854420076 6.279665096760358 6.2165064994521915
0.97834854420076 5.81498603349003 5.468979419956258
0.97834854420076 6.996563106533728 6.622251199518935
0.97834854420076 4.918948515942571 4.443962491297042
0.97834854420076 3.77204251438376 3.6775124595319597
0.97834854420076 6.644516926282961 5.598737616411147
0.97834854420076 6.28084730645125 6.08626670078316
0.97834854420076 4.380036248220964 3.6581923559137453
0.97834854420076 6.184366427978322 6.023660349515911
0.97834854420076 4.88223260804066 4.732789011860688
0.97834854420076 7.464877637376407 6.9233159282048895
0.97834854420076 5.771971164606985 5.041871843173501
0.97834854420076 6.313442919290086 4.300799791605868
0.97834854420076 7.543576623652825 6.747573339001494
0.97834854420076 6.2424887702632255 5.2985266828863224
0.97834854420076 4.328387992084259 4.195491101465131
0.97834854420076 4.632405753096151 4.134512003036022
0.97834854420076 6.665085385298333 6.557578103305689
0.97834854420076 6.350032845911368 5.870736277060112
0.97834854420076 6.164877701167331 5.930329262035226
0.97834854420076 7.231699826447233 5.806921738277757
0.97834854420076 7.3180751843924945 4.977312151112188
0.97834854420076 4.573347378244623 4.521438491889308
0.97834854420076 4.407897287375491 4.353291435014205
0.97834854420076 5.848099115486459 5.065855518112082
0.97834854420076 5.436487090402469 4.421742762013787
0.97834854420076 5.945735585364201 4.281548412826047
0.97834854420076 4.172569245333239 4.102630491768619
