1.2427319704675281 7.6675996734718925 5.347705826467839
1.2427319704675281 4.648512876362954 4.320409124919383
1.2427319704675281 6.421646887839284 4.442657417479354
1.2427319704675281 5.198091061481183 5.1181335721040435
1.2427319704675281 7.145169230442189 5.194310372688241
1.2427319704675281 7.578676046181487 7.359764067556421
1.2427319704675281 4.70340499418171 4.435184257823284
1.2427319704675281 7.425005106660418 6.357775197948533
1.2427319704675281 5.292391138052491 4.903942959039407
1.2427319704675281 6.296119725159382 6.026119613064541
1.2427319704675281 6.5867326080872814 5.2142100555317485
1.2427319704675281 7.59372515863388 7.071588627009621
1.2427319704675281 6.6577525060979745 6.446389883902303
1.2427319704675281 6.6577525060979745 5.631140768280177
1.2427319704675281 6.656818695167328 6.159636193211886
1.2427319704675281 4.56025454895093 3.987614286246962
1.2427319704675281 6.5956772843441875 5.926645545112552
1.2427319704675281 4.299261116012797 3.867033175697127
1.2427319704675281 6.014028746294041 5.665598357185198
1.2427319704675281 5.7470298938177535 4.516420419140485
1.2427319704675281 6.149542070507149 5.83863253630839
1.2427319704675281 4.7661940475504565 3.8719790780423655
1.2427319704675281 6.325193850723544 4.764403183634285
1.2427319704675281 5.823012898957611 4.335838949574226
1.2427319704675281 6.557485030560773 4.94914105869455
1.2427319704675281 4.383948500034261 4.190527024355896
1.2427319704675281 7.665036047858296 6.884179819166251
1.2427319704675281 7.060182187925738 5.110068090367392
1.2427319704675281 5.8050308877118475 5.628346080246139
1.2427319704675281 5.236914430138469 5.116401203124227
1.2427319704675281 6.494085096437615 5.305919100494533
1.2427319704675281 6.247622970569505 5.947615040243055
1.2427319704675281 7.335381448980128 6.440546244941421
1.2427319704675281 6.205847162311802 6.031000923685554
1.2427319704675281 6.309549552317684 6.238362610925028
1.2427319704675281 4.5170897955098575 3.9768137192597646
1.2427319704675281 6.664566191462669 5.953523255985925
1.2427319704675281 5.794336774072306 4.661423289728519
1.2427319704675281 6.347600418150019 6.296312040210126
1.2427319704675281 7.4991769218889495 6.530586736149801
1.2427319704675281 7.754506586883602 6.914860962631813
1.2427319704675281 7.599176143387448 6.854653006978955
1.2427319704675281 5.6398531355173525 4.699667572230889
1.2427319704675281 6.315440904936867 5.446232007599804
1.2427319704675281 5.638743376234853 5.311766559932814
1.2427319704675281 4.158063144190173 3.861898320278504
1.2427319704675281 5.913095860712364 5.0875396853820405
1.2427319704675281 7.754146507119966 5.460985379119897
1.2427319704675281 5.666431413892759 5.076447484094315
1.2427319704675281 6.737541628095043 6.5536028956217605
