0.23216153275907603 7.742356582770352 5.323675060463542
0.23216153275907603 6.097466789297702 5.325331591236598
0.23216153275907603 3.387903771767594 3.202487645476895
0.23216153275907603 6.716606123329232 4.925679787295183
0.23216153275907603 6.506367061643054 3.583009371822769
0.23216153275907603 3.859266024917226 3.3983012745644436
0.23216153275907603 6.442217106931558 6.014582510919814
0.23216153275907603 5.699859517981892 5.128203084356115
0.23216153275907603 5.518699121861996 4.38423439036528
0.23216153275907603 5.191661190543851 4.523161611205396
0.23216153275907603 4.518852470452856 3.5638503973518447
0.23216153275907603 5.348063570797422 4.071499597379521
0.23216153275907603 5.008488860610509 4.738090325076881
0.23216153275907603 3.7392605095759426 3.5196706578293684
0.23216153275907603 6.71387433178997 6.468730478706386
0.23216153275907603 6.262600392982961 4.971923774862924
0.23216153275907603 7.750340802223654 6.091571693911469
0.23216153275907603 5.010997108421172 4.50149816513293
0.23216153275907603 6.9063404737568845 5.6739526471598625
0.23216153275907603 4.383452941264689 4.112932830874334
0.23216153275907603 5.466124191375648 4.962360155671007
0.23216153275907603 7.678068596516024 6.992032427627057
0.23216153275907603 6.772238724627206 5.201631182583968
0.23216153275907603 7.7142853624220145 5.2410423382849265
0.23216153275907603 6.242629916803704 6.0972683017603675
0.23216153275907603 5.918193411919884 5.55350874143239
0.23216153275907603 6.330403380901206 5.981087166078812
0.23216153275907603 6.233669309706592 5.014158364894268
0.23216153275907603 5.531143663995575 5.374823624699563
0.23216153275907603 6.5153960986327775 5.490226438911744
0.23216153275907603 7.757257694371189 6.796267036544829
0.23216153275907603 6.7114600684419266 5.172466487832878
0.23216153275907603 7.298906804135022 4.84965169873938
0.23216153275907603 6.295812120913734 5.798478831891114
0.23216153275907603 6.559320935888422 6.344006058977122
0.23216153275907603 6.2785998811125765 6.0030263799395165
0.23216153275907603 6.268344029629645 4.725773858327815
0.23216153275907603 7.6424889526926805 7.007567601575761
0.23216153275907603 6.09485542254048 5.91042677734273
0.23216153275907603 3.896909493846309 3.670493539229661
0.23216153275907603 6.184406687203676 6.005615315063644
0.23216153275907603 6.65901942459179 5.769830733232194
0.23216153275907603 6.471681574488834 6.299395878390794
0.23216153275907603 5.555793491367371 4.284918095509678
0.23216153275907603 6.526826370733875 5.2908931618990245
0.23216153275907603 4.4007740107113875 3.815863205341575
0.23216153275907603 6.660442762170629 6.225103627192053
0.23216153275907603 5.7765190589304005 5.09920900033509
0.23216153275907603 6.62940375712504 6.0417197650918695
0.23216153275907603 6.564949492263867 6.225963707702857
