2.0349706324457526 7.5927421226717815 5.458766907236132
2.0349706324457526 6.3041352686332 5.333494771885281
2.0349706324457526 7.653959437704703 5.447800032404501
2.0349706324457526 6.160807239380826 5.288225441486361
2.0349706324457526 6.044882975303253 5.1605107159818
2.0349706324457526 4.557608016727112 4.278030304433585
2.0349706324457526 6.649587041479297 5.995356152835679
2.0349706324457526 6.583756072258094 5.832271474659768
2.0349706324457526 5.543412363032232 4.603409858005568
2.0349706324457526 3.425128711178154 3.0619559764638637
2.0349706324457526 5.493748837461943 4.553751367498581
2.0349706324457526 5.83475561358663 5.595414035151248
2.0349706324457526 6.344799075847426 5.278490270882138
2.0349706324457526 6.252766664590215 6.066764185668473
2.0349706324457526 4.986572165098227 4.448448867640249
2.0349706324457526 7.597264821682543 6.889391151284944
2.0349706324457526 6.095647213930405 5.8585325188182935
2.0349706324457526 6.590014238795128 5.282585018350082
2.0349706324457526 7.210692915321875 6.356278825645996
2.0349706324457526 4.527335329833701 4.063309174276508
2.0349706324457526 7.75527559607079 7.279831252826801
2.0349706324457526 4.456448792623242 4.426572440116149
2.0349706324457526 7.666956198554956 6.807324183969877
2.0349706324457526 6.176268629157175 5.5990693711323765
2.0349706324457526 5.772874005190786 5.290369874602202
2.0349706324457526 4.701986040266277 4.5500410046857045
2.0349706324457526 6.634600718742497 5.0677467994383
2.0349706324457526 4.496160678901486 4.152042460311123
2.0349706324457526 6.482106454208239 5.409456180087044
2.0349706324457526 5.788112622775174 4.229962476406996
2.0349706324457526 5.992122645882372 5.535171234573226
2.0349706324457526 5.766644238873916 4.458677467697396
2.0349706324457526 5.743437418711203 5.134627859123172
2.0349706324457526 5.281748102896884 5.207251570960312
2.0349706324457526 5.793116275037878 5.691799004150133
2.0349706324457526 7.283723039105318 6.567792154908359
2.0349706324457526 5.732044057591857 4.445386059565865
2.0349706324457526 6.099657587319129 4.882665663307798
2.0349706324457526 5.320930398301744 4.310920682587701
2.0349706324457526 4.520169115112125 4.30495708270172
2.0349706324457526 7.743853313653137 6.310540988318273
2.0349706324457526 5.092756025791235 4.792606748495775
2.0349706324457526 7.713707138087409 6.000324643826906
2.0349706324457526 6.24368532075523 5.857556182762807
2.0349706324457526 6.114852488344759 5.958764005787888
2.0349706324457526 7.616620729105231 7.321840152170324
2.0349706324457526 5.653530366272793 4.550569697012036
2.0349706324457526 4.161441348839112 3.9788660752139617
2.0349706324457526 6.476726895949671 5.254366989207798
2.0349706324457526 5.94691236675985 4.94537897552961
