2.0198367645517235 7.764983891483379 5.394301925551697
2.0198367645517235 5.92159847109577 5.827644426038303
2.0198367645517235 5.660577400989332 4.528266614377815
2.0198367645517235 5.772785081448863 5.1251220112298235
2.0198367645517235 6.956985285258053 5.618381614721012
2.0198367645517235 6.497552146327497 5.651351706059372
2.0198367645517235 5.9080012410134515 5.744141773349558
2.0198367645517235 5.159007519418939 4.99157948696108
2.0198367645517235 6.028606725207904 4.4121626098749775
2.0198367645517235 7.599931066567088 7.002225764416523
2.0198367645517235 6.772634286552165 6.669841140936191
2.0198367645517235 5.734560286303584 4.274281450280704
2.0198367645517235 7.609927525253848 5.669624780437853
2.0198367645517235 4.5500515970372 4.0574889186893275
2.0198367645517235 5.194772471892001 3.6411113158230304
2.0198367645517235 5.993066720297197 5.439104481673826
2.0198367645517235 7.400921361691395 5.740174416045815
2.0198367645517235 7.546369884513188 5.309804385433213
2.0198367645517235 6.3245203615336685 5.650899914440807
2.0198367645517235 3.254535601833553 3.073687522573181
2.0198367645517235 5.455340735200846 4.8373416281904795
2.0198367645517235 6.694934669913387 6.054188987065071
2.0198367645517235 6.342142377749319 6.243556330507743
2.0198367645517235 5.852761912594552 5.057457699661105
2.0198367645517235 7.636745990135335 6.544229647016253
2.0198367645517235 7.46582580842794 6.6619747640518305
2.0198367645517235 6.589518067149854 5.496230754586354
2.0198367645517235 6.264422862782858 5.960835391894289
2.0198367645517235 7.220694575839087 6.324792454594733
2.0198367645517235 6.549459901039199 6.218384327563939
2.0198367645517235 6.2473795443734055 5.890633157458346
2.0198367645517235 4.825041070817079 3.9393390151095504
2.0198367645517235 6.434681898933224 5.386323949347862
2.0198367645517235 7.379726274589936 6.531900793562494
0.4616394768503622 7.725782586230517 4.036651573323651
0.4616394768503622 6.647285526367643 5.5137483712415545
0.4616394768503622 5.018069155127563 4.723551063875465
0.4616394768503622 4.602904701569539 3.8058182123321616
0.4616394768503622 6.648833848029739 6.245333550202483
0.4616394768503622 6.423517929791046 5.346740569207019
0.4616394768503622 6.59007973554429 4.139796802456882
0.4616394768503622 5.858562011109868 4.99920206854764
0.4616394768503622 6.7612568395719705 6.133595048984409
0.4616394768503622 6.736295653037153 5.684461405603782
0.4616394768503622 4.593175884109584 2.705853933879274
0.4616394768503622 6.695481879630584 5.2996312716524665
0.4616394768503622 5.08883011346402 5.017891004841614
0.4616394768503622 7.158837754007745 6.827813668139564
0.4616394768503622 7.669603622404537 6.037725739167781
0.4616394768503622 6.50846591759521 6.069183960630597
