3.8719264574021115 7.741694141844084 5.3639513864482815
3.8719264574021115 7.5214176848804755 6.580901485715975
3.8719264574021115 7.5214176848804755 4.474135813234768
3.8719264574021115 6.63780195246402 5.007831418295369
3.8719264574021115 6.417095223544024 4.098004137627626
3.603921260235744 7.643164685181361 5.406456665883434
3.603921260235744 7.722637751679272 7.369229403487891
3.603921260235744 7.722637751679272 5.177678863686648
5.672543659895489 7.722637751679272 4.454284440229097
5.672543659895489 6.640646634284451 4.031187065428848
3.925573470585896 6.712731582985786 6.201993629304033
3.925573470585896 8.472346996500958 7.7253065707114965
7.624939778011944 8.472346996500958 4.649684370201118
4.92829475434548 8.472346996500958 5.534455976562658
4.92829475434548 7.563931767882382 5.983950756037985
6.226076214383653 6.65135090939452 5.89487616267747
2.1945379954252435 7.765598225300739 5.193668199316527
2.1945379954252435 7.181384044605425 6.931114034328937
2.1945379954252435 7.181384044605425 6.244255064325958
2.1945379954252435 7.181384044605425 4.381512600279959
2.1945379954252435 6.187721996568914 5.888390051366809
2.1945379954252435 6.8022938834074615 5.4085150827986945
2.1945379954252435 7.148755768805712 6.3925831916094475
2.1945379954252435 7.7107092270839654 5.809768933961695
2.1945379954252435 7.7107092270839654 6.329446325265399
