4.8517314495129895 7.7818398443555985 5.144472844190565
4.8517314495129895 6.965855633878695 4.842103753969008
4.8517314495129895 6.827846523612747 4.59209478183329
4.8517314495129895 6.291487985697952 5.0433697799759605
4.8517314495129895 7.228351756597114 5.5973169552561375
4.8517314495129895 7.228351756597114 6.1495337392915
4.8517314495129895 7.457879638831349 3.8395187460091877
4.8517314495129895 7.457879638831349 4.29336084990361
4.8517314495129895 6.268600766814586 3.833075414861387
4.8517314495129895 6.4379047634002795 5.247702348543884
4.8517314495129895 6.901403242643907 5.20372115676081
4.8517314495129895 7.144676244588558 4.047934984111061
4.8517314495129895 7.144676244588558 5.234623026199844
4.8517314495129895 7.144676244588558 6.0159134318020495
4.8517314495129895 6.284525569512578 4.706607926869242
2.823817203748338 6.284525569512578 4.735804497490827
2.823817203748338 6.831464944335828 4.246932531958266
2.823817203748338 6.831464944335828 3.6374319094019234
2.823817203748338 6.407655363518419 4.33366926014165
2.823817203748338 6.236312832387107 4.51763870439132
2.823817203748338 7.4192686609069085 5.585420140918266
5.977379619493288 7.4192686609069085 4.035342328070786
5.977379619493288 7.012742393860526 4.94640118873024
4.744285637949389 7.012742393860526 4.675693360921509
4.3742617289892785 5.786144084733092 4.7460042452882405
