2.7088279986332684 7.777613172449669 5.513627728514836
2.7088279986332684 6.617563786782188 4.704528567676497
2.7088279986332684 6.467255167618315 5.217755691860663
2.7088279986332684 6.640396972459811 7.313647262976349
2.7088279986332684 6.640396972459811 4.996414784918358
3.0190834407365874 8.074986382266243 5.324006015129453
6.277544521887677 4.803553038686768 3.9650124821461503
4.5051084969631425 6.609076095558844 6.077461039596024
4.5051084969631425 6.609076095558844 5.962411114782588
3.2177953557944936 6.609076095558844 5.564712363540321
2.962919098636903 6.155856808216122 3.801917493576807
2.962919098636903 6.155856808216122 5.3910706015805365
2.962919098636903 6.070115931262464 4.927146773687983
2.962919098636903 6.070115931262464 4.897240990184769
2.962919098636903 6.828007439030802 6.088149469964671
2.962919098636903 7.678776353582986 6.585375577145613
2.962919098636903 7.828411205982235 5.720245984992333
2.962919098636903 7.828411205982235 5.341845391875797
2.962919098636903 7.610043079497537 6.319237429537118
2.962919098636903 7.609062534218925 6.116881001007601
6.667592993774896 7.650499077727694 3.683533412123508
3.231768711982778 7.596567982173465 5.2296065027312535
3.231768711982778 7.596567982173465 5.198357452787844
3.231768711982778 7.596567982173465 6.150515587213793
3.231768711982778 7.260539739045953 6.040596901700621
