2.3195626246288374 7.747544745167209 5.505298449756933
2.3195626246288374 7.533667057534716 5.4526074285100865
2.3195626246288374 7.533667057534716 5.3473350556489665
2.3195626246288374 6.27127447079895 5.243326698393262
2.3195626246288374 6.373518224101126 4.674206179678197
2.3195626246288374 6.6445090823434825 6.237505222175052
2.3195626246288374 7.688472967391466 6.18662534864558
2.3195626246288374 7.688472967391466 5.827785949077786
2.3195626246288374 6.362634840677217 4.6013807003756915
2.3195626246288374 6.22376320192101 5.775849581308799
2.3195626246288374 6.23899364697051 5.022658881164896
2.3195626246288374 6.653625276194987 6.308023211172729
6.598884068129127 6.651671486031702 4.447305424412371
2.3195626246288374 6.651671486031702 5.241308123043799
2.3195626246288374 7.700901316374228 6.4516059459286295
2.3195626246288374 7.700901316374228 5.847940489624707
2.3195626246288374 7.327713435246125 5.4446057772828444
2.3195626246288374 6.612048094980032 5.928467725947865
2.3195626246288374 7.684544362908989 5.385678892621072
2.3195626246288374 7.705178087159997 5.240563233000108
2.3195626246288374 7.686880113806231 5.471177150590256
2.3195626246288374 7.3407064642832385 4.916493912135516
2.3195626246288374 6.528864188306027 5.645441753726565
2.3195626246288374 5.751916194942805 4.122666836669179
2.3195626246288374 6.361784172865512 3.6383703481950973
