5.634249179058287 7.765946892612407 5.235496752470464
5.924315049704216 6.527715936853216 4.364850569741144
5.924315049704216 5.720044148977884 4.420368859577769
5.924315049704216 7.191843594543327 6.250514276885969
5.924315049704216 7.191843594543327 5.30402870084718
5.924315049704216 7.457748302011591 5.403736303121726
5.694144023190585 7.457748302011591 5.619603407648915
4.0701911861771904 6.9623669714092244 4.5011204389886466
4.655753769368108 7.115461942018323 6.413374158828913
3.0730449198767613 7.115461942018323 5.192598154355168
3.210316640805605 7.088928398449999 5.293574549319675
3.210316640805605 7.088928398449999 5.604914809865092
3.210316640805605 7.546260005720294 5.849994567125345
2.8001022473732715 7.546260005720294 5.529880321482825
2.8001022473732715 7.71400339670914 5.764140485731718
2.6084935156661584 6.482383967681329 4.508449334844611
3.267199161826906 6.482383967681329 4.082319142736252
2.9240312716389742 6.380833312139263 3.1900973761675955
2.9240312716389742 6.619341840106127 5.909761725341578
2.9240312716389742 8.038029942859591 6.789459698920784
2.9240312716389742 8.038029942859591 6.484510412671162
2.9240312716389742 8.974149612294255 7.34645688682122
2.9240312716389742 8.974149612294255 5.819879233805325
2.9240312716389742 7.5084191627046035 4.522209143009865
2.8132163834166346 6.225445113333674 3.9039185047669323
