3.0305023766086454 7.758360022504252 5.282444495015264
3.0305023766086454 7.774628116274679 7.155573551615296
3.0305023766086454 6.757023034527812 6.336646952098384
3.0305023766086454 5.233690757882872 5.686066278198919
3.0305023766086454 6.603610102353528 5.747129397618491
3.0305023766086454 6.967353331517042 6.659122845689708
3.0305023766086454 7.604927249415649 4.6757633808738035
3.0305023766086454 7.604927249415649 5.658427324458582
3.0305023766086454 6.9051800679998045 5.098551782893443
3.0305023766086454 7.022311893497072 5.284734355750717
3.0305023766086454 6.995090231870856 6.443262338127388
3.0305023766086454 6.995090231870856 6.2383098410363615
3.0305023766086454 6.995090231870856 6.178352177066164
3.0305023766086454 6.621606634381468 5.275568371127282
3.2125449165297444 6.621606634381468 5.668876707060508
3.2125449165297444 6.1420015196877635 5.148834014074321
3.0305023766086454 6.491594937475046 6.097055507830849
3.0305023766086454 6.589454861673854 6.15422284289157
3.0305023766086454 6.666168946758457 5.6352197087744935
3.0305023766086454 6.666168946758457 5.243514297800807
3.0305023766086454 5.9961976836130155 5.103035941004873
3.0305023766086454 6.704344183119254 6.481743749454754
5.0368280361167095 6.704344183119254 4.706081639654176
6.116164709999346 6.704344183119254 6.187921256532436
2.2330618514364287 6.704344183119254 4.085098763103108
