3.1531859028347538 7.737535498881494 5.3913574539153215
3.1531859028347538 7.691554060819874 6.057796056686775
3.1531859028347538 6.698604235596413 5.821333582610547
3.1531859028347538 7.341874335261791 3.6771898161637724
3.1531859028347538 7.341874335261791 3.8179831113156193
3.1531859028347538 7.733286630130227 5.675161883395442
2.6002717803682818 7.733286630130227 4.738057019806485
2.63554871153875 7.256741644288487 5.168230098288743
3.715576562747288 6.390050985163221 5.537373347306052
3.715576562747288 6.66313874559437 6.466736046509409
3.715576562747288 6.654349499227784 4.510877754372777
3.715576562747288 7.223681664784657 6.438380287839054
3.715576562747288 7.223681664784657 4.966955859495569
3.715576562747288 7.535669267704197 6.708680870872046
3.715576562747288 7.535669267704197 5.5075443931526475
3.715576562747288 7.535669267704197 4.206161091609177
3.715576562747288 7.772469980773362 6.003802225890148
3.715576562747288 6.753140113698702 4.812309592892454
3.715576562747288 7.578785828418265 6.822165099974623
3.715576562747288 7.578785828418265 6.041738320655801
3.715576562747288 7.825136195440889 5.628110819405469
3.715576562747288 7.5421185995743105 6.643501359996714
3.715576562747288 7.5421185995743105 4.9138212678241615
4.988108986572293 7.637468928241281 6.212461304962378
3.715576562747288 6.367381319261092 4.547352527039139
