3.0541477901571743 7.713092140802884 5.556994185782978
3.0541477901571743 6.5693392446896794 5.451998528903925
3.0541477901571743 5.482158320930523 4.293737636614341
3.0541477901571743 6.444668358111091 4.84024889350917
3.0541477901571743 6.444668358111091 4.211263627402402
3.0541477901571743 6.444668358111091 5.350478823894847
3.0541477901571743 6.206341586609376 5.288373616872725
3.0541477901571743 6.100829117849138 5.194110284841645
3.0541477901571743 6.100829117849138 5.120560519788906
3.0541477901571743 6.068732732940628 4.876075767749176
3.0541477901571743 6.068732732940628 5.60244051580217
3.0541477901571743 6.034824890616353 5.1979696109406675
3.0541477901571743 6.1705035332548945 4.982729807990953
3.0541477901571743 6.371550417227052 5.131787842573689
3.0541477901571743 6.260135398633334 4.775305308354511
3.0541477901571743 7.613781958197734 5.599478480723372
3.0541477901571743 7.613781958197734 4.770498306027563
3.0541477901571743 7.435796589962992 5.8961765183074775
3.7676730364805633 7.011809275974208 4.956164454545395
3.7676730364805633 6.577508472244958 5.250199771905967
2.873297720086605 7.30453742901568 4.761587256257591
2.873297720086605 6.1921688379702395 5.013471882079667
3.7065096507401845 6.1921688379702395 3.503953280306644
3.7065096507401845 5.966601925016409 4.309724630587952
3.7065096507401845 6.122170586124636 4.852923728622221
