6.244703401648472 7.7423170916889905 5.544220770787314
6.244703401648472 6.913714132660711 4.988142373002488
6.244703401648472 6.91809291121799 5.903695504005124
6.244703401648472 6.658584560600669 6.206323750368573
6.244703401648472 6.568992017048338 5.881152938121266
6.244703401648472 6.568992017048338 4.667046490101253
6.244703401648472 4.084015307859897 5.646918337580651
6.244703401648472 7.516747998510967 5.7032478804652325
6.244703401648472 7.516747998510967 4.95148031160896
6.244703401648472 8.807387585886111 6.2787819697650376
5.299006277743782 8.807387585886111 6.765491860190343
3.8677400115791056 7.778888696830398 5.414808039067021
2.623518882722568 7.647460900374316 5.240976344201674
4.597440934431205 7.647460900374316 5.617276719300808
4.597440934431205 7.192376913063885 6.490997000758259
4.597440934431205 6.428039303389308 5.918897717768146
3.548080894474762 6.359430082524202 4.682029128350255
3.548080894474762 6.359430082524202 5.8193608716151815
5.711043857762679 6.500146473055423 6.189222947526056
5.711043857762679 8.971015932456197 7.825764891789033
4.35064927596083 8.971015932456197 6.6031090440316405
3.0301373196784387 6.844551420332097 4.8991416157451555
3.0301373196784387 6.230885969249901 4.459828778554385
3.0301373196784387 7.402597886495785 5.444674264728316
3.0301373196784387 7.402597886495785 5.512708182016753
