0.6157679093999318 7.761780503266294 5.438981075177513
0.6157679093999318 7.761780503266294 3.9542242410274016
0.6157679093999318 6.632617614917695 4.147943580091525
0.6157679093999318 6.296802943579838 5.158616608213365
6.553318685902987 7.234401474639222 3.8191942323050507
6.553318685902987 7.234401474639222 5.140375467123887
4.176910751471802 6.576107539434744 4.871449790634868
4.176910751471802 6.553318685902987 5.592178120739646
4.176910751471802 7.7310021642108335 6.567951087795122
4.176910751471802 7.7310021642108335 5.480079360691703
4.127965648058822 6.45322667694046 5.793210044159708
5.541660103861034 7.106458473030903 6.4635063888040545
3.9522223116361386 7.106458473030903 5.237536189377959
5.541660103861034 7.460720472831307 6.870057165825711
5.541660103861034 7.460720472831307 5.850172970724094
2.1028352972103517 7.460720472831307 4.411707346658723
2.1028352972103517 6.542111536235296 4.826750071722807
4.398561082515794 7.0266474638716865 4.475281736230835
3.5264743357104256 7.0266474638716865 4.093874072704036
5.578967342920976 7.0266474638716865 4.438360006186059
3.6678839964028502 9.936618195879769 7.635702010994291
3.6678839964028502 6.751987702640539 5.514689360835843
3.6678839964028502 5.897970866209537 5.055003340320745
3.6678839964028502 5.949653810513709 5.1331430655631145
3.435897494431377 5.949653810513709 4.076243467012247
