5.649662152308522 7.742226117385904 5.638729722026244
5.649662152308522 7.711640094910457 5.805730565343291
5.649662152308522 6.104921038542699 3.72318594953865
5.649662152308522 4.4622329239821354 3.645199959872841
5.649662152308522 6.528530126871573 5.068677479065372
5.649662152308522 7.678864586614768 6.156498462848147
3.8974973732273424 7.678864586614768 5.073302392616807
3.8974973732273424 6.53965497063837 5.6971442295495605
5.184431477848591 6.969188821072201 5.447590717120987
4.87239462342351 6.969188821072201 4.710254262433651
4.87239462342351 6.290925715983722 6.017671407565197
6.511350933343984 6.314706617304527 5.335937760827162
4.169344346703355 7.089162900331033 6.22329671283844
3.171302828317121 7.6169711915424045 4.523982936367656
3.171302828317121 7.6169711915424045 5.905177815193995
3.171302828317121 7.586647184944987 4.863932805465503
3.171302828317121 7.586647184944987 5.713974113074396
3.171302828317121 7.166104049587808 5.218505942993952
3.0027704174071954 6.2622694392357445 4.6732126940006715
3.376338634818215 6.904576293495619 5.522699984138515
2.907873176008206 6.904576293495619 3.3834053861082496
4.794894013198249 6.5011088302015345 4.942603068895156
2.907873176008206 6.5011088302015345 5.433371371660258
2.907873176008206 6.2697231736642856 5.304002796488677
2.907873176008206 6.313907893001669 5.291143545707838
