6.799338628613487 7.775482979006435 5.339191529249385
6.799338628613487 7.64719896067108 5.5638035945333755
6.799338628613487 6.327716652123172 5.776606938555627
6.799338628613487 7.6425533527409275 5.754302502068473
6.799338628613487 7.714322868894341 5.230777819931819
6.799338628613487 7.714322868894341 3.731268235571915
6.799338628613487 7.525616399445667 5.861273207421906
6.799338628613487 7.588912121193104 6.228369384903413
6.799338628613487 7.140132147248796 6.554750068314381
6.799338628613487 6.605187250144315 5.281414033579983
6.799338628613487 6.605187250144315 5.5294196125070165
6.799338628613487 7.461324637719537 6.5893195305224
6.799338628613487 7.342285616587798 4.859375774155709
6.799338628613487 6.119978978274485 3.8001725440142207
6.799338628613487 6.119978978274485 5.115834646462562
6.799338628613487 6.092452868963985 5.510499996783779
0.7412067251949961 5.870778814473184 4.4770499946149656
1.815535177263293 6.799338628613487 4.9410290320108885
3.4230624415335993 6.569973585397836 3.801989699544957
3.4230624415335993 7.490943344052399 5.944657520152781
3.4230624415335993 7.490943344052399 5.505393088219384
3.4230624415335993 7.490943344052399 5.774343323994185
3.4230624415335993 7.631559097353865 6.748713704875083
3.4230624415335993 7.712406287998757 6.602022458862906
3.4230624415335993 7.712406287998757 6.138846581001272
