3.3172964242742933 7.78213348702112 5.400701052062935
3.3172964242742933 7.78213348702112 6.4269696336403594
7.574792858891971 7.631900857741732 4.68001189638163
7.574792858891971 6.532916916773349 4.558136228400702
3.598107765792531 7.574792858891971 4.335575229547774
3.2005429232022817 6.585193570146039 5.203130416658768
3.2005429232022817 6.585193570146039 5.290288241244756
2.7893864723376613 6.585193570146039 4.3010834933441195
2.7893864723376613 6.177108511907349 5.587954569090633
2.7893864723376613 6.513988621037836 6.123915636942192
2.7893864723376613 6.513988621037836 4.9418979255587265
3.2770037777331287 7.659133493127269 6.3517178813426005
3.2770037777331287 7.659133493127269 4.472053425714016
4.3785808624407565 7.6201067063684 4.972545572575215
3.495857615331858 6.57986422136122 3.961538150894003
3.495857615331858 6.017811802014073 4.68003738491989
3.495857615331858 6.858102528448724 5.665873956394563
3.495857615331858 5.97884289877187 5.030226814886104
3.495857615331858 6.6201897214984236 6.848311002907602
3.495857615331858 9.224595719285949 7.2886558533214085
1.1797117571287221 8.242023690663263 6.301772350468717
2.7744046412385512 8.242023690663263 6.134757180843107
2.7744046412385512 8.242023690663263 6.39153424125646
2.7744046412385512 7.1674495106286304 5.724199025286964
2.7744046412385512 7.1674495106286304 5.138777006999988
