2.322979324991373 7.710842461395485 5.373248878814418
5.6002193411080725 7.710842461395485 7.047294762219864
5.6002193411080725 7.710842461395485 5.531699076753263
5.6002193411080725 7.710842461395485 5.81908041442121
5.6002193411080725 7.472255868503089 6.376414666268371
5.6002193411080725 7.64537526367153 5.58944884599212
5.6002193411080725 7.64537526367153 6.391008116940607
5.6002193411080725 6.562269204237751 5.9926308240967385
5.6002193411080725 6.570508218034568 4.339884153491975
5.6002193411080725 6.53122048661232 5.432016775114696
5.6002193411080725 7.789770484644327 7.171075961603431
4.972557377250155 6.939349508280067 6.17764129839529
2.635472967735581 7.567377128431604 3.887081474869855
5.83821352752107 2.635472967735581 3.974020242902583
4.371121487151605 6.614111945295896 4.22027280231407
2.635472967735581 6.305945877775372 5.2536587309600336
2.635472967735581 6.305945877775372 5.405507514445922
2.635472967735581 7.52724189808451 7.0916652604302435
2.635472967735581 7.52724189808451 6.21390458773271
6.15619753817035 6.3092921384711005 4.402308475877677
5.362355477427322 6.251337134032614 3.440343240826312
5.764787683432367 6.218139035339725 4.884686148305299
5.760859241094643 6.218139035339725 4.207608058369863
4.682592217111004 7.611682390724919 4.00666244536918
3.619501233525828 6.117092005205063 4.809219425259407
