4.991152329434076 7.702476030058756 5.26321441492475
4.991152329434076 7.702476030058756 5.8499144267080405
4.991152329434076 7.689810083584611 6.576995710030332
4.991152329434076 7.758434223246464 6.031953717940532
4.991152329434076 6.720122581537018 4.804013934549275
4.991152329434076 7.642411386586135 6.437281350360227
4.991152329434076 7.609910836580507 5.393080770688582
4.991152329434076 7.609910836580507 4.79085188224254
4.991152329434076 6.569822890920559 5.262346429375388
4.495879396500875 6.850438259458592 5.694820323088952
3.4925353008692217 6.850438259458592 4.487305415778763
4.578041054276923 5.600321833317892 4.330586046820229
3.4925353008692217 6.153338960019141 5.305888684715211
1.5039376269538818 6.579107340641556 3.9948564848049157
3.357309752932015 6.579107340641556 4.59726540254812
3.357309752932015 6.660566975560279 5.064305065190631
1.5039376269538818 6.211998753327737 4.478377582352178
3.357309752932015 6.557642979396967 4.874212006318908
3.357309752932015 6.961677783367799 6.141998184007589
3.357309752932015 6.457645624716182 6.03394408458409
2.7370987920025454 7.315737572726588 5.06438686602828
3.7880332168931656 6.917745922740119 5.5067016682869845
3.7880332168931656 7.368610358792571 6.29289802200449
3.418157154938552 7.197164251788344 5.318102050179524
3.418157154938552 7.197164251788344 5.461479693012246
