1.6248692263540687 7.649737332650719 5.492962171058513
1.6248692263540687 8.141005416893714 5.745365106503909
6.582959187746944 8.141005416893714 3.3259209659498845
6.582959187746944 7.647096209450899 4.572610230128381
1.6248692263540687 7.080656283960886 5.471974619722692
1.6248692263540687 8.02577502204809 4.181806723216305
1.6248692263540687 6.807786839900807 5.098856355837478
1.6248692263540687 6.807786839900807 6.110257566634999
1.6248692263540687 6.807786839900807 5.483316145697374
1.6248692263540687 6.735970342090145 6.088958335023219
1.6248692263540687 7.634616347039222 7.203580384219116
1.6248692263540687 7.634616347039222 6.626277047282477
1.6248692263540687 7.634616347039222 6.1997581686904
1.6248692263540687 7.3292588213315355 6.783151624301052
1.6248692263540687 6.6365102410114645 5.007290056298676
1.6248692263540687 5.834511591457634 4.052385020489341
1.6248692263540687 7.712446611111972 5.841620435519487
1.6248692263540687 7.608057411734274 6.054963282627571
1.1368086493900837 7.632190169702712 4.632485437070265
5.666008140100935 7.632190169702712 5.259058997250232
4.712940623889281 7.69236829507609 6.762947712015656
4.322005533936586 7.69236829507609 5.9982809951193925
2.9477711488696845 7.69236829507609 5.061593850387531
2.7903471716369563 7.649614608523917 5.551576471351793
2.7903471716369563 7.649614608523917 5.710401998234196
