4.831105830300306 7.765911993408901 5.375551936957687
4.831105830300306 7.759145406392575 6.329607115350317
4.831105830300306 9.438492894878157 6.99066722598622
4.831105830300306 9.438492894878157 5.333098914481493
4.831105830300306 6.342405422369865 4.751583369576872
4.831105830300306 6.342405422369865 5.048123848640121
4.831105830300306 6.526556166449819 5.887586664670669
5.420859420690075 6.351253810219067 5.019809830113552
5.420859420690075 7.213910191308713 6.267214304570347
5.420859420690075 7.213910191308713 4.095777434999725
5.420859420690075 6.252423920681689 4.261773097507438
3.1216409703034036 6.374812911617028 4.851166238919887
3.1216409703034036 6.571389324440567 4.8253399327732405
3.1216409703034036 6.571389324440567 3.6359814698620507
3.0949685554358912 6.955690750954107 5.264121227087372
3.0949685554358912 7.759981758689232 6.707564179063548
3.0949685554358912 7.5232226148168095 5.804434824786106
3.0949685554358912 7.5232226148168095 5.9059275253273835
3.0949685554358912 7.693987719785953 6.016510832453215
3.0949685554358912 7.693987719785953 5.231827514354678
3.0949685554358912 7.262825212841115 6.711175796573309
3.0949685554358912 8.60716977277678 7.041549476872815
3.02755012742723 8.60716977277678 4.460327872469219
3.02755012742723 8.60716977277678 6.776436337631875
3.02755012742723 8.304636207683382 5.580737739087459
