2.782224813982204 7.712909652219494 5.443208779035574
2.782224813982204 7.601524564104206 4.756883777107973
2.782224813982204 7.644328926833724 5.657687976909923
2.782224813982204 7.644328926833724 5.7456687902442765
3.1992928326638723 6.6193196495987365 3.700002428456728
3.1985625696076423 7.703203998585508 6.339040800101786
6.574635906125231 7.703203998585508 4.610069216159264
3.1992928326638723 7.703203998585508 4.71981046954818
3.1992928326638723 6.574635906125231 3.886766063854279
3.1992928326638723 4.886129542970597 3.536360976175901
1.2563912982015784 7.570088666366024 4.540926973653372
7.556789142448784 7.570088666366024 3.412253841852
3.3977750651376515 7.556789142448784 4.901887076445968
2.8244805124562977 9.222522613810963 5.7807827693801315
6.382058127819668 9.222522613810963 4.791309861333636
6.382058127819668 9.222522613810963 4.370242869151362
6.382058127819668 6.027165733576606 5.255875744003374
6.382058127819668 6.308751188345102 4.924794669314873
3.5009505014297777 6.382058127819668 5.5724494926604935
3.5009505014297777 6.382058127819668 5.7061674329932695
3.5009505014297777 7.645358362211445 6.7261415413634005
3.5009505014297777 7.645358362211445 5.222930395088756
3.5009505014297777 7.645358362211445 6.274930549743495
3.5009505014297777 6.638421455659298 5.125215041424995
3.5009505014297777 6.638421455659298 4.562799465857807
