4.927488169681219 7.7380280935136465 5.3155773707457845
4.927488169681219 10.478981732584135 8.087983148680127
4.927488169681219 10.478981732584135 6.64647882020287
4.927488169681219 9.243125492908383 4.638710771418255
2.079145589114859 4.927488169681219 2.8530778799877026
5.286495451164953 2.9683281430575517 1.725361991233959
3.089901571712933 7.661526745791459 6.348612124075354
3.089901571712933 6.411370615851975 3.869744974348557
3.089901571712933 6.703973293981882 4.5470123870239005
3.089901571712933 6.703973293981882 5.8291002318115615
3.6014277188088575 7.022879821878277 6.126795600746434
3.089901571712933 7.022879821878277 5.524090233068761
3.089901571712933 7.542823777385166 6.343701763282279
3.089901571712933 7.542823777385166 6.350881357285521
3.316774756583808 6.520443132841823 3.797100923787538
3.316774756583808 5.462554763163535 4.199256676608333
3.316774756583808 5.677630662808006 4.580873819968852
3.316774756583808 5.044498567616046 3.764933665538786
2.95622387686046 5.220236121590414 4.011709135532975
5.5933115468660795 7.468284512015757 6.340004548201635
2.95622387686046 7.26696358164866 5.008976417037569
2.95622387686046 9.541304043944377 7.356572173101486
2.95622387686046 6.7517705447466305 5.754741028645907
2.8867612613722753 7.55690887893666 5.019315567274692
2.8867612613722753 7.55690887893666 4.308972494341782
