2.6526617357347395 7.7546520010725555 5.666471707074074
3.9855690817179874 8.0690880741546 6.536362901110985
3.9855690817179874 8.0690880741546 5.254367751777426
3.9855690817179874 8.0690880741546 5.213572008302605
3.9855690817179874 6.2317776124939 5.167413623486543
3.9855690817179874 6.619789900999152 5.651976878606521
3.9855690817179874 7.665438964541487 6.914483251540479
3.9855690817179874 7.665438964541487 4.639823552847778
3.9855690817179874 6.619789900999152 5.09056364470838
3.9855690817179874 6.647483729001898 5.496577935389099
3.9855690817179874 8.364820660788778 5.506084567127938
3.9855690817179874 8.364820660788778 4.8526036998328275
3.9855690817179874 8.364820660788778 3.9483355364580475
3.9855690817179874 6.670187886988181 6.305064823879715
3.9855690817179874 7.208723920995567 5.63742347130181
3.8702852379097625 6.6634367413210285 5.625515782342233
3.343881921473504 7.700969076086773 6.701665721521351
3.343881921473504 11.743666382981301 8.10147455846514
3.343881921473504 7.700969076086773 5.771158892407918
3.343881921473504 6.359153624944852 5.323160775436091
3.343881921473504 7.874251696624727 7.016829608320877
3.343881921473504 7.960832968469223 7.014121630890537
3.343881921473504 8.56010155363184 5.579064782922319
3.343881921473504 6.757351446682584 5.101177300815404
3.343881921473504 7.624752177765481 5.70049661284611
