3.438625274188482 7.698968869843135 5.267802597576594
2.285133955635207 6.342130529983159 4.952989423753234
2.285133955635207 6.894529456288232 5.349305108525705
2.285133955635207 6.894529456288232 6.008457611478932
2.285133955635207 6.797664040866783 4.616629900286788
2.285133955635207 6.797664040866783 5.960234600767154
2.285133955635207 6.643180962778114 6.250133461244802
2.285133955635207 7.8518681174361955 6.159685197610639
2.285133955635207 7.8518681174361955 6.591753082147112
2.285133955635207 7.68404997713291 6.5794779467087015
1.495451751482101 7.749026425029699 5.64411571829587
1.495451751482101 7.68404997713291 5.1278636538327556
1.495451751482101 6.518120968394303 5.458333450688651
1.495451751482101 6.518120968394303 3.606375476656928
1.495451751482101 7.4956138271323365 5.888354295707323
1.495451751482101 7.4956138271323365 5.2514507271134345
1.495451751482101 6.870335412208975 7.211728134528669
1.495451751482101 6.96561589352646 4.301682808127663
1.495451751482101 6.998374056124792 5.031959625837973
1.495451751482101 7.040084555762354 4.920649752510183
1.495451751482101 7.040084555762354 4.958468652160212
1.495451751482101 6.543652890284825 3.800157421716433
1.495451751482101 6.543652890284825 3.941057625990072
1.495451751482101 7.454743096220293 5.957565093463369
1.495451751482101 7.454743096220293 5.280339131744228
