5.50283778756361 7.7067003028685175 5.404885852119881
5.50283778756361 6.663147138958859 4.743955918592033
5.50283778756361 6.143330482800561 4.270650135612375
5.50283778756361 4.004791123509751 4.858493346823846
5.50283778756361 9.204937346917703 6.949929771099846
3.8629946525591135 9.204937346917703 5.76576076277355
3.8629946525591135 8.131801936021164 6.519570842173453
2.937880916455104 8.131801936021164 4.917766623599763
2.937880916455104 6.022837735145998 4.24652808293416
4.541237722464498 7.387591028626831 3.748627441976276
4.541237722464498 6.536889529084114 5.199299903357126
4.541237722464498 6.536889529084114 5.22182878097277
4.541237722464498 6.536889529084114 5.62851124092471
6.605733033839989 7.383043587212198 5.425313640239612
4.541237722464498 8.832733721660862 7.595978834786557
4.541237722464498 8.832733721660862 7.174109430094182
3.9904512740300686 8.427021669375357 6.0212098929697655
3.4042931552445563 8.427021669375357 4.438197584302839
3.4042931552445563 6.912267207912825 5.773905890732933
2.3557189854004865 6.912267207912825 5.541045139417292
3.2025008193843942 7.7388353971619175 6.731427222688626
2.3557189854004865 7.7388353971619175 6.11980051683105
2.3557189854004865 6.599065352925237 5.8616781108951885
2.3557189854004865 6.605187287231857 6.178332884962408
2.3557189854004865 6.819109234169709 5.738535994507804
