2.7318432599382843 7.772020087455408 5.55299178857905
2.7318432599382843 7.300406858527216 5.273998176982859
2.7318432599382843 6.734616775350776 5.292322163276197
2.7318432599382843 6.291150528444668 4.08478174346084
5.276737083688236 5.92362140083004 3.9036065736597694
5.179544576215989 5.979779046063971 4.8187260405097705
5.179544576215989 6.189126287694215 4.951431840713332
3.207209419977499 6.3518937331164835 5.732915923567114
3.207209419977499 7.63561934579411 5.748291741664961
3.4722687872127946 7.778169900646692 6.002057082146219
3.3864465248861575 6.248139166816479 4.717248061169314
3.3864465248861575 6.288315238361591 4.95831467601515
3.070697468719992 5.858361460328236 4.494701440370034
3.070697468719992 7.419153040215564 5.815960134035738
5.310622753377899 7.419153040215564 5.2919561795359105
5.310622753377899 8.503261649736093 6.682889794589381
5.310622753377899 8.503261649736093 6.320796115442629
3.8295572620261855 6.667991780227368 4.559787395088077
3.8295572620261855 6.667991780227368 5.103785307428833
3.8295572620261855 7.402130724678566 5.686181688344159
3.8295572620261855 6.354094486097264 5.699531984760153
3.8295572620261855 7.288134505665985 4.752181315453154
3.8295572620261855 7.766970171849028 6.6350986201385815
3.8295572620261855 7.766970171849028 5.9005355959259065
3.8295572620261855 7.766970171849028 5.7801560185080385
