5.408642466324633 7.603029486221699 5.466987323234147
2.7404104318364593 6.656890902397258 4.725489233973705
2.7404104318364593 5.978398534823199 4.374291231224227
2.7404104318364593 5.978398534823199 3.3330654716238395
2.7404104318364593 6.246434986982223 5.670945946885776
2.7404104318364593 6.246434986982223 4.405455298424528
3.7727393890071004 6.2445838448570505 5.65924130615462
3.7727393890071004 6.2875761238691155 5.688018161286737
3.7727393890071004 9.147964887486777 7.462446033242323
3.7727393890071004 9.147964887486777 6.346859338974337
3.7727393890071004 7.249700520680014 5.783820221066602
3.7727393890071004 7.290843168143034 6.377094012057117
3.5699189218948217 7.661156074440608 6.2438516291180015
3.5699189218948217 9.074054403792248 7.095492581021449
3.5699189218948217 8.134883666448456 6.257368204690153
3.5699189218948217 10.250119397336821 7.482597390464321
3.5699189218948217 9.169037626707302 6.515167423958115
3.5699189218948217 10.388744182406674 7.578461764000318
3.46215641494538 10.388744182406674 5.053238340658994
3.46215641494538 5.925692346881377 5.758628299306016
6.262802547338474 6.402043680602279 3.8261478907025763
5.867923262338142 6.262802547338474 4.076060335301377
3.3386963015965994 6.262802547338474 3.922182405231488
7.5410013488044125 5.867923262338142 4.232391168693197
3.3386963015965994 7.5410013488044125 6.299038548198902
