1.7399541507914127 7.771403999557114 5.627101590475677
1.7399541507914127 7.6966592826348865 4.646699827620814
1.7399541507914127 7.086456545280203 6.086832096443584
1.7399541507914127 7.086456545280203 4.280014499725824
1.7399541507914127 7.620290142652406 5.783776659551594
1.7399541507914127 7.883225529068287 5.8575091755362045
1.7379533134470937 8.107042271031885 4.343141001538136
2.8871149636706908 7.883225529068287 5.226714926967437
2.8871149636706908 6.580334671126213 6.1262580709617165
2.8871149636706908 9.17682563819583 7.247811547629089
2.8871149636706908 9.17682563819583 5.329868220405433
2.8871149636706908 6.468049920541848 5.944778590871636
2.8871149636706908 6.635085132115908 5.229026132526773
2.8871149636706908 7.503507137344609 5.042861257972067
2.8871149636706908 7.713305227307915 6.581265926864794
2.8871149636706908 7.713305227307915 5.353881039148231
2.8871149636706908 7.713305227307915 4.728898837845963
2.8871149636706908 6.539295430518905 4.775423476471913
2.8871149636706908 7.658133387660822 6.76049144327419
2.8871149636706908 7.658133387660822 5.130753154590127
2.8871149636706908 6.621516945807176 6.206457653097212
2.8871149636706908 6.621516945807176 5.3083516059294835
2.8871149636706908 7.511194874265387 5.318192499697147
2.8871149636706908 7.545992966493536 6.416852932334264
2.8871149636706908 7.6904898702528754 6.778159205035337
