4.10304554612452 7.701862683237197 5.660057952335498
2.7125884791482737 7.67129685336503 6.260670814990301
5.549421794396569 7.493097033013353 4.241086785562292
2.2496876980725635 6.637880348408331 4.117474448714939
2.2496876980725635 6.47513361756879 5.677287866062285
2.2496876980725635 9.562993544645483 6.250509630983476
2.2496876980725635 9.562993544645483 4.714184997059231
2.2496876980725635 6.435317278814047 5.1910776141546515
2.2496876980725635 7.662577488092801 6.012845918703403
2.2496876980725635 7.662577488092801 5.974590053863158
2.2496876980725635 6.976308548390053 4.948485685194111
2.2496876980725635 6.976308548390053 4.9637388704083705
2.2496876980725635 6.9921828048349575 6.545950315395893
2.2496876980725635 6.995489144712646 6.649982636117833
2.2496876980725635 7.690183712873065 6.866899505173918
2.2496876980725635 7.582020990185892 4.3360679354151515
2.2496876980725635 6.9921828048349575 6.026380396538234
2.2496876980725635 6.540225619924563 5.2221047020655655
2.2496876980725635 7.487363349456732 5.409254504768564
2.2496876980725635 7.487363349456732 6.619388383654942
2.2496876980725635 7.681978683151158 6.481468677771906
2.2496876980725635 8.850408293270384 6.446830781712365
2.2496876980725635 8.850408293270384 6.030226960961017
2.2496876980725635 8.850408293270384 6.481489072753558
2.2496876980725635 11.546710950151404 8.252632125998476
