1.0354212121580777 7.733922832745515 5.3745129840114
1.0354212121580777 6.905768281396519 5.373235308469643
1.0354212121580777 6.9776108548258815 5.529711669130248
1.0354212121580777 6.9776108548258815 6.214198541372322
1.0354212121580777 6.9776108548258815 5.290968205038898
1.0354212121580777 7.290134139523667 6.005587866383102
1.0354212121580777 7.349805189320852 6.343794038609727
1.0354212121580777 7.349805189320852 6.641018711107865
1.0354212121580777 7.394825377392799 4.434196923794651
1.0354212121580777 6.615545844063359 5.258815739600311
1.0354212121580777 6.615545844063359 4.995584432531017
1.0354212121580777 6.615545844063359 5.40014351599424
1.0354212121580777 6.9266574695874965 6.066587123377187
1.0354212121580777 6.9266574695874965 5.104155363859953
1.0354212121580777 7.418333824738395 5.651942295983615
1.0354212121580777 7.418333824738395 5.2616443763442104
1.0354212121580777 7.303852677156662 4.866777875640741
1.0354212121580777 7.179761359116831 4.497455895664482
1.0354212121580777 5.817964717917441 5.157706125436776
1.0354212121580777 7.171121187220889 4.997129784503267
1.0354212121580777 7.171121187220889 4.363006194911367
1.0354212121580777 5.699554422888951 4.953377654082679
1.0354212121580777 5.700688431977081 5.411417899986909
1.0354212121580777 7.530871532177507 6.540174257730619
1.0354212121580777 6.3592730321261755 5.1270983761607605
