2.8381628292716283 7.608317999986685 5.560064510201731
2.8381628292716283 6.641688864021404 5.789101062905852
2.8381628292716283 6.641688864021404 5.673080925617407
2.1124451250692364 6.191109978492669 3.864178161893128
3.0606728392965157 6.031660278111065 5.350113072975473
3.0606728392965157 6.031660278111065 5.2091379554044615
3.0606728392965157 6.3795061788311145 4.959259443643141
2.630795415914268 6.456583164831425 4.688763368667775
6.2926605850298465 6.456583164831425 3.9089629876369703
4.4366778414582555 7.655511728757174 6.577121627244713
4.4366778414582555 7.248352508445235 6.186420511683123
4.970104752833723 7.248352508445235 4.645005107110624
4.50405798859968 6.662071184503436 4.8817369973327525
3.2274058120653675 6.662071184503436 4.551940201789465
3.2274058120653675 5.468295269101802 4.819267301126547
3.2274058120653675 6.603485744069285 5.642070938178059
3.2274058120653675 6.5102625299222865 5.143263029132414
3.2274058120653675 6.5102625299222865 5.149877451160795
3.2274058120653675 6.5769173065646385 5.141692222104472
3.2274058120653675 7.195178738197294 5.902948495662791
3.2274058120653675 7.195178738197294 5.052202993597318
4.146586523236564 7.195178738197294 4.981502101539284
4.146586523236564 7.280915782281323 6.093122733117059
4.146586523236564 7.120468807559217 6.189019895547131
4.146586523236564 7.497973848881328 6.629031809745259
