5.520097741106273 7.781026540977869 5.361866211276205
5.520097741106273 8.099872472246306 6.919251318380798
5.520097741106273 8.099872472246306 6.935504575353474
5.520097741106273 8.099872472246306 6.049028132151985
3.747294452271355 7.5104230080322 4.250506847542382
2.9747497355605614 7.5104230080322 4.181494435379399
1.5725395880784956 6.120677191829014 4.271514550290573
5.360759316841051 7.578951576103117 6.02939519239188
5.360759316841051 7.578951576103117 5.501810922517075
1.5725395880784956 7.578951576103117 6.0396883656791145
5.360759316841051 7.55131127437107 5.383238309662825
2.2494639206028393 6.03069529186504 4.61359293922107
2.2494639206028393 6.612889412883181 4.927743574893706
2.2494639206028393 6.612889412883181 4.363153195765626
2.2494639206028393 6.4973288602668475 3.928841582202886
4.950870561124663 6.382555405860618 3.65227461503858
1.9322941832205704 6.361144132637172 3.0248152861847393
1.9322941832205704 5.12202215116303 3.9239274439668237
1.9322941832205704 6.563559694432467 5.613873459207912
0.5112389687924161 6.930143689064682 4.779289876806145
0.5112389687924161 6.563559694432467 4.875885129082805
0.5112389687924161 5.953759669223075 5.345324612378977
0.5112389687924161 5.863505874337484 4.305190407156905
0.5112389687924161 6.842556662553715 4.457664628381551
0.5112389687924161 6.842556662553715 4.991094351427218
