1.8208822417763924 7.7724640995698895 5.37531499963988
1.8208822417763924 6.441748169757361 4.149107830529131
1.5592503946380742 6.604765039006587 3.988920215643638
3.2369845633411285 6.604765039006587 4.225675494920489
5.497257702316919 5.871395264107903 3.0233475110243244
3.2369845633411285 5.539047590348993 5.02239605560778
3.2369845633411285 9.02283249791926 7.08959367830006
3.2369845633411285 9.02283249791926 5.512249221474484
3.2369845633411285 6.314596288670327 5.602937336649437
3.2369845633411285 6.186625246809836 4.173344808118889
2.585257115162538 6.519913730677104 5.306881701908416
2.585257115162538 7.0996848600160085 6.33949076309893
2.585257115162538 6.519913730677104 5.425193932318737
2.585257115162538 6.742487450546024 5.9036592093119316
2.585257115162538 6.742487450546024 5.94017422131584
2.585257115162538 6.29963336136656 5.570571412789403
2.585257115162538 6.29963336136656 5.831423376798759
2.585257115162538 6.29963336136656 5.357673145942791
5.545048255479529 6.257473000698823 3.84010404829862
2.585257115162538 6.257473000698823 5.119352579059391
2.585257115162538 6.257473000698823 5.09589745738215
2.585257115162538 8.1134908886122 6.609221121258368
2.585257115162538 8.931654538407157 6.14522072110691
2.585257115162538 8.931654538407157 4.48592816523483
2.585257115162538 8.931654538407157 4.100599689566357
