4.040594803920619 7.747581107834135 5.467946772526753
4.040594803920619 7.65187214636533 4.773105818027747
4.040594803920619 7.022214539431333 5.072483154702146
4.040594803920619 6.306186410358912 4.3425891460044665
4.040594803920619 7.233836543348586 5.250095445738664
4.040594803920619 8.345272989458778 5.864988380351645
3.648813617954929 7.233836543348586 5.116821406271324
3.648813617954929 9.255258620768592 6.2764685398341475
3.648813617954929 9.255258620768592 6.087849952093481
3.648813617954929 8.282635347659497 6.828757012858063
3.648813617954929 8.282635347659497 6.69111766546868
3.648813617954929 9.020274278300452 6.545410885013279
3.648813617954929 9.020274278300452 6.413420532831455
3.648813617954929 9.020274278300452 5.954310195331783
3.403324342195614 9.020274278300452 5.690204167746746
3.403324342195614 7.749890515283326 4.859508430820168
3.403324342195614 7.749890515283326 5.149765551886335
3.403324342195614 7.749890515283326 5.789008332239202
3.403324342195614 7.322699407514765 5.707689020657491
3.403324342195614 7.003707049348074 5.945479018582591
3.403324342195614 7.126593637450972 5.635629418548399
3.403324342195614 7.126593637450972 4.773134492756631
6.190772326444922 7.715192514932946 5.948183761795211
6.190772326444922 7.743751880106959 5.680576021486182
6.190772326444922 10.52547111489119 7.369342298569013
6.190772326444922 10.52547111489119 5.164604482138231
3.6945582687059546 6.526036818632573 4.645629184106233
3.6945582687059546 6.526036818632573 4.812176086344988
3.6945582687059546 5.885060741839077 4.449804013315637
3.6945582687059546 5.655921394739028 4.616160798798206
3.6945582687059546 6.337398166288523 5.110275923935842
3.6945582687059546 6.346237914162369 4.981886525435246
3.6945582687059546 6.346237914162369 5.145285870054563
3.6945582687059546 6.280093248307452 4.932079984537606
3.6945582687059546 6.17408126642923 4.6672450300959785
3.6945582687059546 6.17408126642923 4.514274825760075
3.6945582687059546 6.648431977261282 5.5626862858037445
3.6945582687059546 6.648431977261282 6.1240291357939
3.3486356251120957 6.648431977261282 4.84085351269187
3.341750260159348 6.648431977261282 4.155991367333979
3.3249022709318763 6.648431977261282 3.7151905068244053
3.3249022709318763 6.648431977261282 3.5103194311049073
3.3249022709318763 5.897569022736128 4.235095536836923
3.3249022709318763 5.897569022736128 4.1323845066929
1.1725208680320987 5.897569022736128 2.6313497320176844
3.5239751847048066 4.914852041562995 3.402495937458525
3.5239751847048066 5.819274886663045 4.407448621679962
1.2216114012493375 5.819274886663045 2.6559474135110026
1.2216114012493375 5.819274886663045 2.485939712809424
1.2216114012493375 5.470487083470871 2.9371508892151
