4.266504516840978 7.677518464443526 5.363108442661247
4.266504516840978 6.94777742535376 3.852282888365325
4.266504516840978 6.242616838890125 2.339161931928385
4.266504516840978 6.227413736795004 2.1241710480720952
5.957842377442859 5.738342990479644 2.3250395130351724
1.9265855309547075 5.957842377442859 2.1142095151756433
1.9265855309547075 5.957842377442859 2.3250846650247525
1.2131043391482277 3.5632637041928494 2.34528074235608
4.3116864137167 3.5731082860882037 2.2541914780247634
2.544771900901161 5.595348515504828 3.168218598481435
7.332678936026758 5.8446140486843134 4.029280285286726
1.420571870327802 7.332678936026758 5.8525467152612904
1.420571870327802 7.332678936026758 5.473632193811932
1.420571870327802 7.332678936026758 5.648488446305339
1.420571870327802 6.25446728308653 5.4936028504727235
1.420571870327802 8.277384704792876 5.938332349212232
1.420571870327802 8.277384704792876 4.571727600268493
1.420571870327802 8.277384704792876 4.286195554840395
1.420571870327802 8.277384704792876 3.8563564764265448
1.420571870327802 6.06747108938313 2.9005111839251274
2.7650300998220243 5.817728690604021 3.603797279934495
1.420571870327802 5.817728690604021 3.495978610425726
1.9904538140448627 5.9526181812198224 4.007830089030201
3.2161626205140377 5.9526181812198224 2.8277982907623493
1.3415503851529 5.9526181812198224 2.285243538844883
1.3415503851529 4.228962189282679 2.6716504545777284
3.3297250794483984 5.086619803372638 2.7316504620663578
1.2683382762047164 5.56281196141434 3.26124844707571
1.2683382762047164 5.56281196141434 3.605476189416263
3.3725135056172317 5.322109903667123 2.718655969981869
3.3725135056172317 5.199058805284487 2.9897235104842395
3.3725135056172317 5.9275467956457355 4.345865167086358
1.1483492946456306 6.274598354539965 4.1468099213873595
1.1063750640948737 5.811119501542283 2.361320739612338
1.1063750640948737 5.199058805284487 2.7515774627745686
1.1063750640948737 5.199058805284487 2.701053381195321
3.2163119548960606 5.230942220191967 2.661018660691308
5.024762432579372 5.230942220191967 0.6854124397050237
0.6566117090715058 5.143504552800703 3.218962231182029
5.317284311527523 7.635348561924749 4.32012305624463
0.6566117090715058 7.635348561924749 2.6134982336006347
0.6566117090715058 5.317284311527523 1.8215895551813301
0.6566117090715058 4.064992139705748 2.542170976229656
0.6566117090715058 4.064992139705748 2.4611450998545967
5.4352592794244075 2.811052563960818 1.079472349515962
0.5417778437280814 5.4352592794244075 1.342585590095762
0.5417778437280814 5.4352592794244075 0.7626207287988881
0.5417778437280814 5.4352592794244075 0.6037578988195117
0.5417778437280814 1.0256962025012197 0.7511448077539837
0.5417778437280814 1.0803418887049685 0.6603806348770509
