3.5285628448434996 7.605499149601645 5.488636863574698
3.5285628448434996 6.8769443050377 4.878776759210227
3.5285628448434996 8.470417203210433 5.859591352778669
3.5285628448434996 8.470417203210433 6.077288219530243
3.5285628448434996 8.470417203210433 6.548240737255334
3.5285628448434996 10.0297101626346 7.114456340693677
3.5285628448434996 10.0297101626346 5.924066306525356
3.5285628448434996 10.0297101626346 6.403293880966977
3.5285628448434996 8.646475216198517 6.9843373653555725
3.5285628448434996 8.646475216198517 5.347248864507044
3.5285628448434996 8.86128584751723 5.385676529766931
3.5285628448434996 8.86128584751723 4.810498322193903
3.5285628448434996 8.86128584751723 5.542218687536161
3.5285628448434996 7.707016113294525 4.7325082834929075
5.998176991310633 5.709814519870196 3.484813891982973
2.6959871786824015 5.998176991310633 3.8636605966104822
3.5285628448434996 5.998176991310633 2.7031518609539353
3.5285628448434996 7.649841935726393 4.044962532845802
2.5205499951745662 7.653465397286954 4.92575191166227
2.5205499951745662 7.653465397286954 5.1666647416924185
2.5205499951745662 7.653465397286954 5.775309137707678
2.5205499951745662 6.538282742537174 7.434212037287611
2.5205499951745662 9.073532181438454 6.382156754476905
2.5205499951745662 8.803143296519941 5.4966431246879015
2.5205499951745662 10.200409833660295 6.269399375526862
2.5205499951745662 10.200409833660295 5.2053206972693875
3.16489758046615 10.200409833660295 4.226070465775383
3.16489758046615 5.852312016049954 4.244899699406131
3.16489758046615 5.852312016049954 3.5589965284505705
3.033678903277622 7.966842032877064 5.043907302840267
3.033678903277622 7.966842032877064 4.507556876867403
3.033678903277622 6.487582764547284 5.409050791468706
3.033678903277622 6.487582764547284 4.152139668876204
3.033678903277622 6.487582764547284 4.089584774302185
3.033678903277622 7.631755432837512 5.4162533451063295
2.7963321725616166 7.631755432837512 4.139137400922034
2.7963321725616166 7.631755432837512 4.075851896532348
2.7963321725616166 3.988131029692753 3.440976812129552
5.669782349483487 3.988131029692753 2.69901723317788
1.7233207680086555 5.669782349483487 3.054940966208729
1.7233207680086555 5.926482679164213 3.6130135742213088
1.7233207680086555 5.926482679164213 4.045063001468477
1.7233207680086555 5.587990435681835 3.4314746486040533
1.7233207680086555 9.548780851310072 5.80504318480186
1.7024057812665565 9.548780851310072 3.9080667817991257
1.7024057812665565 7.542080676679351 2.7427326155145932
1.7024057812665565 7.542080676679351 1.865560963787498
1.7024057812665565 2.919351475819156 2.308443936986274
5.618335541349399 5.812761704577699 3.2327504480067875
1.7024057812665565 6.661066996529662 5.3965137987846346
