2.6902347773863338 7.743846355053844 5.374533547973097
2.6902347773863338 7.442879015985017 4.97362014154727
2.6902347773863338 7.903270072571974 5.812943584396347
2.6902347773863338 8.207856813945453 5.486371994299301
2.6902347773863338 7.903270072571974 3.7621711537416775
2.6902347773863338 7.903270072571974 4.522546836791742
2.528598043122312 6.646785374912543 4.407075927621739
2.528598043122312 6.646785374912543 4.155691867263921
2.528598043122312 5.5414996668532694 4.476093488708539
3.1805809130067364 5.5414996668532694 3.6211868704769246
1.6605943316171694 5.736696807614123 4.39358620958235
3.1805809130067364 7.477940753417002 5.6361094251062465
1.6605943316171694 7.477940753417002 4.36187785827295
3.70645673235703 7.477940753417002 3.4689072893840875
1.6605943316171694 5.7893817609937805 3.4024754119398377
1.6605943316171694 5.7893817609937805 3.7735412993752906
1.6605943316171694 6.396917660325478 4.776177137399315
1.6605943316171694 6.396917660325478 3.128920870331423
1.6605943316171694 6.396917660325478 3.4922648405253107
1.6605943316171694 6.396917660325478 4.627004881442698
1.6605943316171694 6.083530522952508 4.418171487884202
1.6605943316171694 6.588210899101991 5.406774843019519
5.686925137580207 6.588210899101991 2.930988954427591
1.6605943316171694 7.574971681927851 3.782217939306227
5.686925137580207 7.574971681927851 3.7497912157075657
5.686925137580207 7.854468055951051 4.8781116547206675
5.686925137580207 7.854468055951051 5.256760316559309
5.686925137580207 6.343604139736861 5.624388316502077
2.495485398119769 6.563991638760307 6.089771363782371
2.495485398119769 6.635169819843821 5.041995156672999
2.495485398119769 6.635169819843821 5.602552575002435
5.956114524905761 6.632408826833114 5.080169192911744
5.956114524905761 6.632408826833114 4.2715539666930145
2.495485398119769 6.441334798697675 3.825245437537001
5.956114524905761 6.441334798697675 4.023933684059553
5.956114524905761 4.5670852726169855 3.760004980267662
5.956114524905761 5.433465896374397 4.133813333317735
5.956114524905761 7.585295031470679 4.956940926357426
5.956114524905761 7.585295031470679 4.642060183327188
5.956114524905761 5.953437632188898 4.516391101740823
5.956114524905761 7.451200659712194 5.239452198557428
5.956114524905761 7.451200659712194 4.787645783149095
5.956114524905761 7.634879187778795 5.965222036429688
3.303756898636373 7.634879187778795 5.958149825479648
3.303756898636373 7.634879187778795 5.617309827361289
3.1056136973616195 5.475747536610786 4.505023722150045
3.1056136973616195 5.475747536610786 3.672803197511416
3.1056136973616195 5.475747536610786 4.694647258405004
3.1056136973616195 6.136549721637323 3.69680941851229
3.1056136973616195 6.136549721637323 3.726312438678048
