2.085828575335388 7.759970057838277 5.4934851672652245
2.085828575335388 7.626575981514753 5.3017755198182135
2.085828575335388 6.957255246610158 4.188735133020774
2.085828575335388 6.217679167855106 4.56055898761758
2.085828575335388 6.217679167855106 3.8809618251755675
2.085828575335388 5.855271093814565 3.768256133636515
2.085828575335388 5.855271093814565 3.822951986934311
2.36940195428263 5.643435541832332 4.316161765334362
2.36940195428263 6.49929986343329 3.8378289196495543
2.085828575335388 6.49929986343329 3.3171320906732173
2.085828575335388 4.408273569426232 3.1358405911376956
2.085828575335388 4.8155622273841985 3.380797229291971
2.085828575335388 5.9453856153851525 4.184496916324631
2.085828575335388 6.569360481019096 4.455867091343859
2.085828575335388 6.569360481019096 4.536150851237829
2.085828575335388 5.93576684558424 4.884479563832721
2.085828575335388 5.9161168483908355 4.144401402847257
1.8656049922622597 6.493841882970134 4.205587755000133
2.9501663891509904 6.493841882970134 1.1687502239137393
2.759185577322651 6.190472413819684 3.159630750847016
0.6214151621265498 3.253473009391343 1.1528413331113652
0.1955240935630589 3.2614623775187046 1.2313568803718262
0.1955240935630589 4.387689022455486 1.4938299159594877
0.1955240935630589 6.155405029690609 1.9658112143289699
0.1955240935630589 6.155405029690609 2.2938381812088675
5.131601479828955 5.687089535590026 4.180304732783801
6.526224138266723 5.687089535590026 2.8019322038641548
6.526224138266723 5.687089535590026 3.2436819427264982
0.1955240935630589 6.526224138266723 3.9833754613639667
0.1955240935630589 6.526224138266723 1.1496954068484848
3.069705122490483 3.2653996045202374 1.0590614165392842
0.1955240935630589 5.612117857589553 2.432871479282295
0.1955240935630589 5.612117857589553 0.4917210681718973
0.1902866200416793 0.8546220092417198 0.2204215176042187
0.1902866200416793 2.9501585695526598 1.1117660262286215
0.1902866200416793 2.9501585695526598 0.977400585151034
0.1902866200416793 4.716542905441791 1.6042806064234947
0.1902866200416793 7.601053873227144 3.256565467991576
5.531157086409973 7.601053873227144 0.4194056129334637
0.1902866200416793 5.531157086409973 0.9404853447534779
0.1902866200416793 0.3086327904734678 0.21985339245463803
0.1902866200416793 3.263580943949148 0.47632720873087464
0.1902866200416793 4.35921597799447 2.5927960641563463
0.1902866200416793 4.35921597799447 0.2621400105119694
0.1902866200416793 3.206696309117931 0.2486343353230746
0.1902866200416793 5.036414709130451 1.6506289587046112
2.6313618623418447 3.219316844470097 0.9821704196839346
0.9370500924673668 3.2237409879823464 1.3169564360354706
0.1902866200416793 5.55143065208107 1.7865412066378645
0.09334145026010221 3.2237409879823464 1.2347028355961398
