1.4889006668485192 7.7629800318480395 5.459526014804115
1.4889006668485192 7.7629800318480395 3.776263884066285
1.4889006668485192 6.726736360758251 4.218142645600236
0.21005851321564295 5.907014160555775 3.1537060866828375
5.260399487269062 5.907014160555775 1.288266024452032
5.260399487269062 4.413109797964214 3.121366541825876
3.093695410192812 5.673151708050209 5.192661443743995
3.93771447900188 5.260399487269062 3.7502426096392463
1.2107935088275714 5.457108289849401 3.86524228046644
2.656692887508481 9.257633282552694 4.988226763289556
2.812596721384463 9.257633282552694 3.3888620411544417
3.2293007351405696 4.320306718530425 1.8205112135058337
2.656692887508481 6.530541976160524 3.93427561991641
2.812596721384463 7.837001093696069 4.463447323912714
2.812596721384463 4.266530584264931 3.401266262250634
2.812596721384463 4.675982381411654 3.874415900288503
2.812596721384463 4.675982381411654 3.762546532130278
2.812596721384463 5.517874808277231 3.9788275360274583
2.812596721384463 5.517874808277231 4.164594533834094
2.812596721384463 7.872473705864385 5.577177577471466
2.812596721384463 7.872473705864385 5.1510573414828755
2.812596721384463 7.872473705864385 6.168673802718018
2.812596721384463 7.872473705864385 4.860535045859568
2.812596721384463 5.823130956865114 4.053003715103986
2.812596721384463 5.823130956865114 4.020731051352225
2.812596721384463 5.646851532499223 4.526913688478041
2.812596721384463 7.13323336188372 5.155969370449842
2.812596721384463 7.13323336188372 4.9547372474573566
2.812596721384463 7.13323336188372 5.16699136084482
2.812596721384463 6.5878968407921406 5.266240828850681
2.812596721384463 6.5878968407921406 5.528823615838611
2.812596721384463 8.095757173144634 5.965642910960449
2.812596721384463 8.095757173144634 4.422942354208943
2.812596721384463 8.095757173144634 4.640584525783231
1.815436717378312 5.964653629402669 3.48382424475289
1.815436717378312 5.964653629402669 3.5773431960187696
1.815436717378312 6.29433169379384 4.313171422055699
1.815436717378312 6.728169997987109 3.4040191948258394
1.815436717378312 6.728169997987109 4.361114451850655
1.815436717378312 6.728169997987109 3.0237340958706813
1.815436717378312 6.118351807282888 3.9363500395303497
2.9957876189034747 7.39843331241077 5.209166258974829
2.9957876189034747 7.39843331241077 4.591076052208915
2.254041962513043 7.39843331241077 4.4505019524511695
2.254041962513043 7.39843331241077 4.0175301794783636
2.254041962513043 5.504916572759267 4.340752181180286
6.3617298232694175 6.63116079280892 4.141344876153792
5.7716146566667454 6.63116079280892 3.828297070152629
5.7716146566667454 6.3617298232694175 2.9556248323488723
2.254041962513043 5.7716146566667454 3.4283097934929505
