5.1471780990119385 7.759812178646486 5.2381371010787525
5.1471780990119385 8.142350095059868 6.06032165889063
5.1471780990119385 8.142350095059868 4.9034668017553145
3.645353664357256 7.774370448417248 3.625518210163109
1.953556381080031 7.774370448417248 3.7505938871130287
1.953556381080031 5.409063034871451 3.3921541068769945
3.645353664357256 6.190084490166445 3.9075935610272188
3.645353664357256 7.777266414793262 4.690215959441116
3.645353664357256 7.777266414793262 4.231680334505542
3.645353664357256 6.377177346276902 4.481907988812856
3.645353664357256 7.044452455052792 5.53916299253458
4.353465763418033 7.044452455052792 5.356613079410676
4.353465763418033 10.716049992527443 6.827527701197647
4.353465763418033 10.716049992527443 5.148006927541651
4.353465763418033 10.716049992527443 5.100661412619972
4.353465763418033 10.716049992527443 6.181147269346861
4.353465763418033 7.029402350254253 4.523847715895423
4.353465763418033 7.451087121401663 5.973242371050703
4.353465763418033 7.451087121401663 4.582979136130601
4.353465763418033 7.029402350254253 5.431008569243666
4.353465763418033 8.53539388874239 6.897146983550009
4.353465763418033 8.53539388874239 5.577612583059565
4.353465763418033 8.53539388874239 4.442100805438319
4.353465763418033 8.53539388874239 4.589537151891857
4.353465763418033 8.53539388874239 5.397577118412602
4.353465763418033 8.53539388874239 5.40893273370252
4.353465763418033 7.835932701261296 6.511577519274458
4.353465763418033 7.835932701261296 6.336186719234279
3.5859235868014783 7.835932701261296 5.6883630350328405
3.5859235868014783 6.478372326649151 5.210012150394476
3.5859235868014783 6.478372326649151 5.416570180136616
3.5859235868014783 6.51095233622036 5.495942566290323
2.7660622274069167 7.101640401960589 5.8316500156049935
2.7660622274069167 6.51095233622036 5.589912551620388
2.7660622274069167 6.381272301191007 5.882667446600439
2.7660622274069167 6.381272301191007 5.032345915466307
2.7660622274069167 6.381272301191007 4.8650312062531125
2.6275843813189543 7.0106874207412915 4.9403224679416775
2.6275843813189543 7.0106874207412915 2.968127075332216
2.6275843813189543 3.5970875035948713 2.9698916744532284
2.6275843813189543 4.244043267929758 3.6256644571395094
2.6275843813189543 6.41268514342941 4.605952184539878
2.6275843813189543 4.244043267929758 3.0673303223587407
2.6275843813189543 3.630645232793569 3.1595404792750217
2.6275843813189543 4.970629593886557 3.6356455739362006
2.6275843813189543 4.970629593886557 3.713785540135795
2.6275843813189543 6.434558694028407 4.403415571693897
2.6275843813189543 6.434558694028407 4.463353892376316
2.6275843813189543 6.434558694028407 3.7653879595201323
2.6275843813189543 6.416117084182371 5.036891261218748
