2.2258078817765043 7.769735606280358 5.379470701486017
2.2258078817765043 7.763215901354782 5.750264708137644
2.2258078817765043 7.4106635732621235 4.798450864825176
2.2258078817765043 8.118553610423975 5.441826975398547
2.2258078817765043 8.118553610423975 4.749871244502055
1.5328795607860113 8.118553610423975 4.82824140236082
1.5328795607860113 7.365737896619931 4.743350405181551
1.066129954380806 7.365737896619931 2.970115990985617
1.066129954380806 6.052983541353026 1.3445800062121844
1.066129954380806 5.149970711341702 2.463970803875616
2.8506151589577233 5.149970711341702 1.2294835846592451
1.066129954380806 3.1595983641573295 1.2964114794562263
1.066129954380806 5.30039109794205 2.709489651127812
1.066129954380806 5.30039109794205 2.0875832419881863
2.777600543667248 3.2046075355397226 1.130284281815576
2.777600543667248 5.789390503364807 2.696965931305792
1.066129954380806 5.789390503364807 1.2995048299275829
7.65016643360525 3.4634010634032824 1.7510212611007512
1.066129954380806 7.65016643360525 2.3081274784114756
7.369769823748694 7.65016643360525 2.4678989235445754
1.066129954380806 7.65016643360525 2.8073505193141837
1.066129954380806 6.271111890052467 4.001601306162947
1.066129954380806 7.369769823748694 3.785642992072504
1.066129954380806 7.369769823748694 2.0739263992961456
0.5838530202050269 4.3378510126883185 2.0907279218043198
0.5838530202050269 5.480920274552862 2.0407995247648314
0.5838530202050269 5.480920274552862 0.8150617384101524
0.5838530202050269 3.5495457367370027 2.2235957384649288
0.5373811802111992 5.708387772717906 1.6075518499609138
5.373803059641791 3.3477440840865573 1.4807492357907746
0.5373811802111992 5.5197177076942445 2.238345830798967
5.373803059641791 6.506946936366688 2.8462556364067253
2.8244639631932142 5.699492245187997 3.6023411111779655
5.373803059641791 5.699492245187997 2.55493421813284
5.373803059641791 5.143490911425872 2.8947556427915697
3.319346787234004 5.629833880182275 4.00267574277478
3.319346787234004 5.769535304522378 5.23958668616733
2.8642553702887494 5.769535304522378 4.923465264552703
1.0724849097404499 8.844657724254201 4.894687700766053
1.0724849097404499 8.141029143171949 1.6322946485089913
1.0724849097404499 4.281004286955877 2.451742739444241
1.0724849097404499 5.759013201374469 3.5345079006869895
1.0724849097404499 6.0534776008118705 3.574184004101335
1.0724849097404499 6.0534776008118705 2.524634542577826
1.0724849097404499 5.0974049351563835 3.392708350790582
1.0724849097404499 6.159794805141058 4.1947984720464335
1.0724849097404499 6.159794805141058 3.7333485473659915
1.0724849097404499 5.0974049351563835 3.0962027301439172
1.0724849097404499 5.0974049351563835 2.887033099045853
1.0724849097404499 5.913037795656642 3.596098704024877
