3.489559874547013 6.511084596902371 5.330414313923538
3.489559874547013 7.390263594558258 4.727450258139104
3.489559874547013 6.636682403731033 4.929490397521703
3.489559874547013 6.636682403731033 5.31655020095015
3.489559874547013 6.636682403731033 4.548490748479726
3.489559874547013 5.8703073521523095 4.2443121993260835
3.489559874547013 5.918098035716575 5.133688018941972
3.489559874547013 7.31945584782194 6.323783151669171
3.489559874547013 7.875124483543157 6.636805604489369
3.489559874547013 9.180228538202936 8.004318412148507
3.489559874547013 9.180228538202936 6.540015840507683
3.489559874547013 10.20360974023637 7.1925354573373825
3.489559874547013 10.20360974023637 6.3935893063894795
3.489559874547013 10.20360974023637 6.068993834399764
3.489559874547013 9.401646438223693 4.585188103284424
3.489559874547013 9.401646438223693 4.119343452690015
3.489559874547013 9.401646438223693 4.112692157408009
5.710204692259975 9.401646438223693 3.3011185435668553
3.2000626089644375 6.410822262735927 4.036360844700194
0.7198256268776473 5.710204692259975 2.7796358206873912
0.7198256268776473 6.452832622474986 3.5013839255990407
0.7198256268776473 6.452832622474986 1.9739554200019622
0.7198256268776473 5.608160054147259 2.3964400678857465
0.7198256268776473 5.608160054147259 0.7917707796108764
5.088982348885672 2.2276194835425724 1.2665856878983215
0.7198256268776473 5.088982348885672 1.9724395084125157
0.7198256268776473 7.020168176439784 2.896326258273176
5.376465911878942 7.020168176439784 0.8233848763122392
5.376465911878942 3.390516284271716 2.2862331151566675
5.376465911878942 5.013553260612799 2.4047899599070903
5.376465911878942 6.382946671724053 3.9493775620885128
5.376465911878942 6.382946671724053 3.0165368052813117
5.376465911878942 6.300955946843189 1.6977830075751756
0.7198256268776473 5.427166694041805 1.8858297537596809
0.7198256268776473 5.427166694041805 0.830127208620997
0.7198256268776473 3.3560172992488018 1.4049678140843016
0.7198256268776473 3.3560172992488018 1.149751051134821
0.7198256268776473 5.603401109165148 2.3078140590958345
0.7198256268776473 3.371998101729798 2.0793845461120815
0.7198256268776473 3.993363938984601 2.5293028188588162
0.542159190245258 3.993363938984601 1.497101502001988
3.2659494174471644 5.871098664873372 2.6237297984428016
0.4978683529968646 5.871098664873372 1.679920174964603
2.726397293237483 3.2659494174471644 0.8442939950058787
2.726397293237483 2.327173952201161 1.2543711042582515
0.6861318500921318 5.4645824290583285 2.6597262456594915
0.6861318500921318 4.211172739416533 2.1529612504878695
0.6695472528481194 4.211172739416533 0.925540211618668
0.6695472528481194 2.7779553011779865 1.2963606006565536
0.6695472528481194 2.7779553011779865 0.7845515399917988
