4.742249957739638 7.768058083004965 5.355906404970991
4.742249957739638 6.6624365186718855 2.8626588241080757
4.742249957739638 6.676653041168752 3.9904899294751472
4.742249957739638 6.676653041168752 3.971271262509668
0.3622045697808258 6.676653041168752 3.9310390048347323
0.3622045697808258 6.151352785136144 2.2531050219269404
0.3622045697808258 6.048871231306581 3.383384535577709
0.3622045697808258 6.048871231306581 2.5399942630621193
0.3622045697808258 5.483947450432023 1.228786625779045
0.3622045697808258 2.2782292867435285 0.7182088200127121
5.565874476445995 3.0962324586744256 1.8495872888554943
6.475060938387415 4.481955535185822 1.7957684657144874
0.3622045697808258 6.475060938387415 2.3539210780237334
0.3622045697808258 3.200165434390691 1.2652378979116228
0.3622045697808258 5.452311770328425 1.7469595826713793
0.3622045697808258 5.598493589240654 2.7881669497702317
0.3622045697808258 5.598493589240654 0.48305254753483695
0.3622045697808258 3.114845059344852 1.2430495264413166
0.3622045697808258 3.114845059344852 1.0199817021157747
5.636535771010795 1.9784802731329205 0.8632500378199762
0.3622045697808258 5.636535771010795 1.684358371048152
2.696802787826041 5.520918286689664 2.1293432523302345
0.3483547196633556 2.696802787826041 1.0157805797977744
2.7232282077141368 6.292556099419546 3.2501682964102114
2.7232282077141368 5.510795991938746 2.492725871455883
2.7232282077141368 5.2563293134263525 2.7730924477932035
2.7232282077141368 6.039841794428025 3.295895720539912
2.7232282077141368 6.039841794428025 1.7722004068983588
2.7232282077141368 6.61707093023362 5.148143917808395
2.501931178062606 6.61707093023362 2.8014491512187067
4.972467825798567 5.953497942537226 2.735066802784221
5.595935465855451 5.953497942537226 1.9084294515582183
0.18674090519923725 5.595935465855451 2.5094868364186693
0.18674090519923725 5.595935465855451 0.3360916837578922
0.18674090519923725 5.164394180325267 1.6302603549857857
0.18674090519923725 3.227153819933364 1.1292689087668186
5.327064278789617 3.227153819933364 1.1587749693167284
0.18674090519923725 2.7888243244745934 0.8112409258253233
5.0195007845541575 5.078018685060229 1.5399467316759519
0.18674090519923725 6.333194356352351 1.4490299112279983
3.226206582119517 5.500538169246017 2.320666464918348
0.18674090519923725 5.0195007845541575 2.079767236006405
5.5886017444151825 4.943283215778738 1.8820033048624936
1.7158338328149587 5.668931611964435 1.7951148427997905
5.5886017444151825 5.668931611964435 3.28163680846224
5.498909713953655 5.5886017444151825 2.618412998631292
5.498909713953655 6.256701096390042 3.887258684249167
0.18674090519923725 5.498909713953655 2.646601345644517
0.18674090519923725 5.498909713953655 1.9437202255953525
0.18674090519923725 5.385316959477617 3.4135703200477905
