4.583866184123092 7.772305046638621 5.475378817796151
4.583866184123092 7.692042663524626 4.663995396596841
4.583866184123092 7.952275661766556 6.428344731911461
4.583866184123092 7.952275661766556 5.547716046802954
4.583866184123092 7.952275661766556 5.562508545491802
4.22396918637104 7.388025457575791 5.23179401294954
4.103718714363275 7.388025457575791 5.615552443966744
4.22396918637104 6.750938274478365 4.826849110316977
4.103718714363275 6.750938274478365 4.690967964190056
4.103718714363275 6.750938274478365 5.010068242741829
3.8235591873616497 6.750938274478365 4.417799176831365
3.8235591873616497 6.325623921707294 4.6191898112753345
3.6256233397468276 7.198245715365408 5.814016505302985
3.526816601256297 7.198245715365408 3.972202965508044
3.526816601256297 7.198245715365408 4.402027815491044
2.7562910776723446 6.220848439851089 3.803510982142734
2.7562910776723446 4.5539439313135865 3.2006320680373257
2.7562910776723446 5.260547511695108 4.099079338481901
2.7562910776723446 6.2134967501068274 4.208616243471425
2.7562910776723446 6.2134967501068274 4.799034086720961
2.7562910776723446 5.872476345050007 4.4725866881591525
2.7562910776723446 5.872476345050007 4.96926307061339
2.7562910776723446 5.684053716859136 4.569579725087474
2.7562910776723446 6.564946173167403 4.929255210693586
2.7562910776723446 6.564946173167403 4.837762174164009
2.7562910776723446 8.497491565183168 5.500573959793701
2.7562910776723446 8.497491565183168 3.8512660819729483
2.7562910776723446 6.675746072863749 4.3504132190122
2.7562910776723446 6.717819084780853 5.724088889653587
5.564810583270873 6.717819084780853 3.8858966232590393
2.7562910776723446 6.717819084780853 3.7229404792563456
2.7562910776723446 5.564810583270873 4.100854998193725
2.7562910776723446 5.564810583270873 3.7906171105221786
2.7562910776723446 5.564810583270873 3.716129085567197
2.7562910776723446 5.246778204798797 3.3833814151390103
2.7562910776723446 6.605219535042355 4.396245576151637
2.7562910776723446 6.605219535042355 4.059700781940081
2.7562910776723446 5.7652560244150415 3.8102755933369896
2.7562910776723446 6.64979445371436 4.907361404560093
2.7562910776723446 6.64979445371436 4.5940310718497805
2.7562910776723446 6.64979445371436 5.479771457194381
3.719807195988498 6.006362671142654 3.9690419714867677
2.3473105603676854 6.006362671142654 3.4004748313186584
2.3473105603676854 6.006362671142654 3.3729696677309176
3.719807195988498 6.400209556133845 4.400190112001016
3.719807195988498 9.935517416055763 5.843913622877903
3.719807195988498 9.935517416055763 3.770507162132016
3.719807195988498 6.275883864105641 4.857082045298818
4.27558626048749 8.453457364873763 5.510950715437763
3.44443237789157 8.453457364873763 5.192291009593141
