3.3799142143470644 7.72336594292754 5.55322562315253
3.3799142143470644 7.72336594292754 5.546096480864495
3.3799142143470644 6.634761798772551 3.5412686143723278
2.01312291565899 6.65531480324811 4.370159000227835
0.3990019562056948 6.65531480324811 2.5237969807492084
3.271870539503262 6.65531480324811 2.8179957701879568
3.271870539503262 7.5630587221824275 4.239750105077118
0.3990019562056948 7.5630587221824275 1.667874474980741
2.802422482999497 5.246641916036182 1.319354122427589
3.01198204120394 3.271870539503262 1.2641514988569502
0.3990019562056948 4.678635480986799 1.587916093666961
0.3990019562056948 4.678635480986799 1.281651761420484
0.3990019562056948 5.011060489202272 1.7569895742286965
5.395320854111574 3.2485494320401043 0.512954706720697
0.3990019562056948 5.395320854111574 1.1545329809167533
0.3990019562056948 5.456479401776832 3.54189923820693
5.65156969739699 5.456479401776832 2.6161043802837116
0.3990019562056948 5.18322520468308 2.1878150956755236
5.65156969739699 5.516314329469338 4.008319269033277
2.155688412152941 5.65156969739699 3.9927753686809773
2.155688412152941 8.139333942026655 4.104153998828623
0.3990019562056948 8.139333942026655 2.7851414151375167
0.3990019562056948 5.6668375348208855 0.644893584253778
5.540245914062236 2.155688412152941 0.4887674554919532
0.3990019562056948 5.4710335729009 1.9837271910492715
0.3990019562056948 5.41626893057472 2.370083797709201
0.3990019562056948 5.41626893057472 2.779144210581935
0.3990019562056948 5.540245914062236 1.929820062338413
3.4905088154194 5.646795324356365 2.4955372828923372
0.3990019562056948 5.971027901982541 4.51273947638702
0.3990019562056948 5.971027901982541 0.9928030904282761
0.3990019562056948 5.725855923266906 2.4868680610623137
0.3990019562056948 5.039547804815186 2.942972145767608
0.3990019562056948 5.039547804815186 1.601622905786311
0.3990019562056948 3.285895793446404 0.579503435327137
0.3990019562056948 3.122579913289027 0.962185360336146
0.3990019562056948 4.94554129569525 2.3403287870288345
0.3990019562056948 5.592220439017769 3.7977859522773243
0.3990019562056948 5.592220439017769 2.345476315982368
0.3990019562056948 5.592220439017769 2.8925097424729125
1.3077796097130236 4.986495388474726 2.760689192186768
0.28594609844888597 4.869417952118422 0.6521811668000503
3.1411600281804763 0.4643871269266495 0.2911221844663675
3.0428638634199143 3.1411600281804763 0.8166268370214438
0.28594609844888597 3.8883347734588622 1.567823512327669
2.8009530932339257 4.967537311752444 1.7456127626570654
0.28594609844888597 5.569517388653349 2.62139517176153
0.28594609844888597 6.237232699189018 2.0346506640262563
0.28594609844888597 6.237232699189018 1.9432803251787751
0.28594609844888597 8.12430997176233 3.7328264824538233
