0.7109641859874007 7.715197855652262 5.344059387142607
0.7109641859874007 6.978060524929356 5.131994405235159
0.7109641859874007 7.624099213901694 6.079107558423897
0.7109641859874007 9.994307257973604 6.480955929958887
0.7109641859874007 9.994307257973604 3.1102739303779607
0.7109641859874007 9.994307257973604 2.2149840201798354
0.7109641859874007 5.289914784290161 2.511160896056129
0.7109641859874007 5.688393350347901 3.1248559670970852
5.697655946563174 5.688393350347901 1.2399703841372656
5.697655946563174 5.497205744306715 2.738811833341754
0.7353676003639795 5.697655946563174 2.932021229855552
0.2680553591195225 5.697655946563174 3.1140421049978952
0.2680553591195225 7.359924135167088 4.14571953137735
0.2680553591195225 7.359924135167088 0.5126110969844224
0.2680553591195225 6.276079106473208 3.8853867657998302
0.1663698276201271 6.276079106473208 1.2628601302212883
0.2680553591195225 5.225212941912588 2.9445517185286456
0.1663698276201271 5.225212941912588 1.4967141264918171
0.1663698276201271 3.284740487432949 0.5115934078244385
0.1663698276201271 5.193921460395298 2.0460542545267613
3.170890292594678 5.193921460395298 0.25532053571710417
0.09651902140675306 4.901166168207062 2.9309533118799327
0.09651902140675306 4.901166168207062 1.7593639156350178
0.09651902140675306 2.767011668862328 0.20832542958051156
3.170890292594678 0.2534260493347955 0.15042654235153471
0.09651902140675306 5.381254402916337 1.7926430796161201
3.170890292594678 5.381254402916337 2.696042845500278
3.170890292594678 5.351134250242662 1.2867579607902988
3.170890292594678 5.190030148207899 1.8634159709513591
3.170890292594678 4.164144659764748 1.4344704391807142
6.23491124002679 4.164144659764748 0.9754771145686933
4.447870692281644 6.23491124002679 3.025944541846938
5.622245705847188 6.23491124002679 2.2549617659826406
0.11123146028803932 5.622245705847188 2.6547418319145946
4.903191048696261 5.622245705847188 0.19102468891971214
3.229509750836247 2.5892727053645825 0.8050830089094713
2.5637145132145815 5.672225263818696 2.4558097343613072
2.5637145132145815 5.672225263818696 1.701681346601378
4.9120359428636 2.7589451410075623 1.0139165706916835
0.11123146028803932 4.966343493167333 2.201759083070812
2.500849962550593 5.255866690178294 2.838768709156022
2.500849962550593 5.6290664401517745 3.038611374933822
6.0532259387961105 2.91438980204935 3.184940649949187
6.0532259387961105 5.900218443355644 3.4721697514008203
6.0532259387961105 6.451801852131808 3.5919209839721082
4.389663773748662 6.451801852131808 3.4016236255652283
2.0621726838903673 6.0532259387961105 4.362876447914221
2.0621726838903673 6.0532259387961105 4.913607674991267
2.0621726838903673 6.0532259387961105 4.619261003181049
2.0621726838903673 5.85834450299679 4.334673222700274
