5.559199865646448 7.749056722045427 5.256144743959507
5.559199865646448 8.745783740348168 5.312309984123176
5.559199865646448 8.745783740348168 4.867830114849382
2.61117533217805 8.745783740348168 4.851338860826749
2.61117533217805 6.296627747224729 4.71611236387933
2.61117533217805 6.296627747224729 5.142645491026781
2.61117533217805 6.760748443322619 5.499624005763929
2.61117533217805 6.760748443322619 5.633829453002354
2.61117533217805 6.760748443322619 6.010779979708259
3.395740740583524 10.620523068816647 7.361091750756637
3.395740740583524 10.620523068816647 5.48881914733458
3.395740740583524 10.620523068816647 4.805426072426965
2.61117533217805 5.757674808876693 4.272116534324088
3.395740740583524 6.230413458509354 5.502587633412564
3.395740740583524 7.080435071320787 5.959905674882878
3.395740740583524 6.574404130757859 4.98596736465497
3.395740740583524 6.526302089256319 4.261067088721022
2.61117533217805 6.505083863065675 4.676286354816063
3.395740740583524 6.275221798065523 5.549380892614826
2.61117533217805 6.2842518887811885 4.8871182883579465
3.395740740583524 7.517330551883148 4.117685527728278
3.395740740583524 6.275221798065523 4.413495609338301
3.395740740583524 6.495543210881166 4.446834649712848
3.395740740583524 6.757377963838396 5.428768319646828
3.395740740583524 9.743052995114308 6.712942129898176
3.395740740583524 9.743052995114308 5.205920521262588
3.395740740583524 9.743052995114308 4.749330967719119
3.395740740583524 6.306111761261484 4.683413154055792
3.395740740583524 6.306111761261484 4.686928064026883
3.243933930367835 6.220676221718335 4.6044744403901525
1.0658247361516584 6.122087123173529 2.9713563435221717
1.0658247361516584 4.5184742636369535 3.3622287673945443
6.583919648632566 4.466463499415344 2.02277524559348
1.638037951599014 6.583919648632566 3.6587197447714597
1.0658247361516584 7.966214320403589 5.461948178844592
5.4775954307930235 7.966214320403589 1.7273485168950915
1.0658247361516584 5.4775954307930235 2.5567177959723555
2.668121248074215 6.620008498354462 3.515793455603354
2.730551336810269 6.620008498354462 4.14333058305419
2.730551336810269 6.620008498354462 3.08252659461222
2.730551336810269 5.817911424286304 2.9452972287279793
2.730551336810269 7.0883870485507074 5.112734721975892
0.4295254106834183 7.0883870485507074 3.2003143626569868
0.4295254106834183 7.0883870485507074 2.4632937233989862
0.4295254106834183 5.430271716924555 2.2910031502894252
0.4295254106834183 4.831118261758341 2.3658162441982182
0.4295254106834183 3.942012628523209 1.5209333586554252
4.950331461493835 3.60218250978058 0.9610136399440832
4.950331461493835 6.376312779352798 3.047997401752741
0.4295254106834183 8.39964370766178 5.07225986048568
