4.539677544067331 7.7373818424377845 5.555211176588984
4.539677544067331 7.704497130869948 4.384091009353796
4.539677544067331 7.473555186243802 3.5381494326867045
4.539677544067331 7.473555186243802 5.2482325142325665
4.539677544067331 6.331038210388954 4.698895276865956
4.539677544067331 6.331038210388954 4.112250322244515
4.539677544067331 6.331038210388954 4.658566452999537
4.539677544067331 6.018469080174626 4.855519923386265
4.539677544067331 7.515980593359574 5.303789449990481
4.539677544067331 9.184023335545536 6.665479323597916
4.539677544067331 11.599677445154919 7.297623663956439
4.539677544067331 11.599677445154919 4.765392495000316
2.0627363473322267 9.184023335545536 3.4906782969959647
1.9630354754236028 9.184023335545536 3.2544289194439036
1.9630354754236028 4.539677544067331 2.3016983105563025
1.9630354754236028 5.891939374799765 3.221428345155258
3.7587335274929363 4.913392459381587 4.354890046428106
3.7587335274929363 7.323412721694343 5.446542870136011
2.0627363473322267 7.323412721694343 5.652654417560706
2.0627363473322267 7.323412721694343 6.0310850853440945
1.8984472777552956 6.9910912049369145 4.6182060827746865
1.8984472777552956 6.9910912049369145 3.6345684374101115
1.8984472777552956 6.025234161100688 3.631528764352517
1.8984472777552956 6.265383853564597 4.438842029306744
1.8984472777552956 6.265383853564597 3.6759414952095
1.8984472777552956 4.472565096826813 3.365032390865998
1.8984472777552956 5.019289209098883 3.8846036174396086
1.8984472777552956 5.8561101693449125 4.556690729590145
0.9166724651351434 5.8561101693449125 3.347137158756999
3.2186726716114156 5.3311305083003795 2.888674611874244
0.9166724651351434 5.3311305083003795 2.020055887747919
5.466734537549023 3.4360573940697425 1.4491378183944592
5.43359548043728 3.2186726716114156 2.1404070368875994
0.9166724651351434 5.466734537549023 2.4447709855905906
5.610887293789435 7.273610973777554 3.0595423692255923
4.322692584837309 6.33813540101179 3.8024761696434735
0.9166724651351434 5.610887293789435 1.2432086254610106
4.322692584837309 5.56970974019071 1.9811319946212769
4.322692584837309 3.2181193996927395 3.390149641559361
4.964010103862957 7.847123412347024 4.188410586603534
4.964010103862957 7.847123412347024 4.881514888839177
4.964010103862957 6.5651366114041 3.386704456582753
4.964010103862957 6.5732611999941675 4.005538080211905
4.964010103862957 8.808821687250262 4.645374189513016
4.964010103862957 6.5732611999941675 2.7981134708008124
4.964010103862957 4.043515379155227 2.8894628856728315
2.5317533780011563 6.284757223662169 5.346311116900113
2.5317533780011563 6.446545435843124 5.409979552521219
2.5317533780011563 6.446545435843124 5.7767768161623225
2.5317533780011563 6.446545435843124 5.300867747531425
