2.2858180905690557 7.779498666202132 5.281945869421776
2.2858180905690557 6.503928172893648 5.120052868332038
2.2858180905690557 7.516264805655078 6.917261547527615
2.2858180905690557 8.013422956397763 6.80759726230429
2.2858180905690557 5.830478303163581 4.758924441657447
2.2858180905690557 5.623501859224781 4.594943876131664
2.2858180905690557 7.268399195062777 6.36470153084712
2.2858180905690557 6.603803462762581 6.124363159668754
2.2858180905690557 4.575399103380892 4.4895529265639285
2.1257386363819966 6.839948434063807 4.484444329764767
2.1257386363819966 6.7443097594684485 6.286137653838489
2.1257386363819966 6.5321615487669575 5.557875682364121
2.1257386363819966 5.548660771040325 5.332942122771118
2.1257386363819966 5.76156378882045 5.615403059538758
2.1257386363819966 6.331253839602585 5.379964654307241
2.1257386363819966 6.59313652436586 6.53308857030866
2.1257386363819966 5.4953553159040105 4.164373529031591
2.1257386363819966 7.748293473109278 6.396052640903272
2.1257386363819966 6.4074967694493274 6.108823381610503
2.1257386363819966 4.480389433113899 4.353194039241797
2.1257386363819966 5.899442638594671 5.4035197411523175
2.1257386363819966 6.604449470362212 5.648208115967394
2.1257386363819966 6.483705702743876 6.406916107692625
2.1257386363819966 6.138383369783572 5.976255176517791
2.1257386363819966 6.9379310648884935 6.481314305755879
2.1257386363819966 6.349377249413145 6.047506673314216
2.1257386363819966 6.946496678889828 6.605700578021173
2.1257386363819966 5.101159312104787 4.765465548690583
2.1257386363819966 7.096019665107887 6.291910503126685
2.1257386363819966 7.053059483307175 6.4217349731928515
2.1257386363819966 4.567268498257693 4.4206278878394265
2.1257386363819966 6.795071124494617 6.540627186556244
2.1257386363819966 6.941659435384343 6.429132178142104
2.1257386363819966 5.757890404595759 4.25909719947469
2.1257386363819966 6.25805465304779 5.673296608810535
2.1257386363819966 7.7391181493149315 5.988844997130259
2.1257386363819966 7.699319684786632 7.460686630111074
2.1257386363819966 4.483662426735361 3.98118692222802
2.1257386363819966 5.509965708646185 4.962971796968125
2.1257386363819966 5.697670665450634 5.061044239064099
2.1257386363819966 6.24806530688166 5.646669482485233
2.1257386363819966 6.632134186949539 6.418120164668339
2.1257386363819966 6.740920388399434 6.681456101301297
2.1257386363819966 5.856813803247601 4.094442223270709
2.1257386363819966 3.4160796648137404 2.8632771724114234
2.1257386363819966 5.648187771761204 4.782648697988381
2.1257386363819966 5.302113611049027 4.129415453673761
2.1257386363819966 5.882316317847501 5.8329432531519565
2.104478060676627 5.371387051740818 3.7381451619657775
2.104478060676627 6.690203858823207 5.511693802566793
