1.551159311313136 7.762382392315786 5.719174033943492
1.551159311313136 5.658058885068204 5.445877385288351
1.551159311313136 5.42555031831488 4.664389948881057
1.551159311313136 3.549907652273618 3.3194775284062707
1.551159311313136 6.259597984305419 6.187086052498256
1.551159311313136 6.427543555212413 5.388837562330574
1.551159311313136 5.349646350809287 4.2324929076018165
1.551159311313136 7.618160254619008 5.973424391321677
1.551159311313136 5.80095095961758 5.112533475084477
1.551159311313136 6.371903449778664 5.923572108894317
1.551159311313136 5.394894611480755 5.317940523327803
1.551159311313136 6.654253324900694 5.791801895091877
1.551159311313136 7.33900320070037 6.1096660810834456
1.551159311313136 6.422947773615654 4.920777800274167
1.551159311313136 5.9658665581557315 5.040158071768335
1.551159311313136 6.209847790403284 5.228881645726362
1.551159311313136 5.204116273343299 4.538243436092132
1.551159311313136 3.9197422577701144 3.791923258089972
1.551159311313136 4.524854988628789 4.09168853201709
1.551159311313136 6.6668892549180505 5.099584286163368
1.551159311313136 6.3169813702882145 4.4098857007992045
1.551159311313136 6.529842599339116 5.079292878718039
0.22299901030637814 3.0041202338190343 1.5990300128376496
0.22299901030637814 5.678379746773285 2.9506893785398303
0.22299901030637814 6.104576128550708 5.541279570067086
0.22299901030637814 4.68387485817793 3.614971458494706
0.22299901030637814 3.8810158855328685 3.7632242426363836
0.22299901030637814 7.227209290570194 6.840748509203364
0.22299901030637814 5.783975422630121 5.627979170354953
0.22299901030637814 6.444525190798728 6.02797588136582
0.22299901030637814 6.4900689686108635 6.356632281739665
0.22299901030637814 6.146988808000465 5.30709216081382
0.22299901030637814 6.349481341564186 4.3737793769462705
0.22299901030637814 5.625050765856553 4.621853120740513
0.22299901030637814 2.997486508814934 2.4606524906293576
0.22299901030637814 5.573019477842482 4.8793542195004935
0.22299901030637814 7.243602260642431 7.045440774104142
0.22299901030637814 7.662926310651818 6.467927652831661
0.22299901030637814 6.893081616637 6.262194080340392
0.22299901030637814 4.61964122825519 4.292650475479293
0.22299901030637814 6.646639568280833 6.130405867087606
0.22299901030637814 6.319100153179267 5.512769147604875
0.22299901030637814 6.853394958657951 5.51767000545867
0.22299901030637814 7.608446173472769 5.520890229693936
0.22299901030637814 5.727799999917746 4.278816215958446
0.22299901030637814 6.662047537003911 5.627270178608955
0.22299901030637814 7.397923699047949 6.827242260116541
0.22299901030637814 6.256196510110854 5.6240096431895825
0.22299901030637814 6.386617461532385 5.615391762698357
0.22299901030637814 4.85190396289029 4.589528122771283
