0.8510266100058073 7.720746630270931 5.605154744550605
0.8510266100058073 5.161404236749156 2.9631116471100496
0.8510266100058073 7.710545787031531 5.594855178140123
0.8510266100058073 6.529936002071359 6.3499107339761895
0.8510266100058073 7.959268521516261 6.605803565349918
0.8510266100058073 5.615910211755359 5.566806514919582
0.8510266100058073 5.30132382241473 4.302675072260498
0.8510266100058073 3.3994650307496213 3.2942281756861784
0.8510266100058073 7.289821688679689 6.6667556685376095
0.8510266100058073 6.5919343030944155 6.50708149904801
0.8510266100058073 6.486760031529656 6.342802733272453
0.8510266100058073 7.536428562418218 5.450508944474163
0.8510266100058073 9.012065382834153 7.560916888112239
0.8510266100058073 7.069851444332214 5.777154658999263
0.8510266100058073 6.642399727321209 5.218709403126846
0.8510266100058073 6.240477817347344 5.885294513474375
0.8510266100058073 7.7297351061869755 6.761428914132498
0.8510266100058073 7.643399832148349 7.047110286115368
0.8510266100058073 5.968572394677789 5.706476257490769
0.8510266100058073 6.046454336536684 3.556007673015489
0.8510266100058073 5.862842703829802 5.581446469737976
0.8510266100058073 5.840597271657046 5.237955337192409
0.8510266100058073 7.666548702962647 5.580393064814886
0.8510266100058073 7.402486140750296 7.308013166204853
0.8510266100058073 6.501107759624837 6.337571474908739
0.8510266100058073 6.21007002489711 6.127693811319577
0.8510266100058073 5.543478518561166 5.453648851095692
0.8510266100058073 7.740316564123807 7.19589439823633
0.8510266100058073 5.70265680273749 4.954425632198241
0.8510266100058073 6.108100334399197 3.7749268290761875
0.8510266100058073 6.236660748954815 4.317752541666812
0.8510266100058073 6.425583696818418 5.437174942729944
0.8510266100058073 2.892001217986952 2.4584119286082218
0.8510266100058073 5.589589004147147 4.561070608172644
0.8510266100058073 6.4597723014147235 4.921763628722239
0.8510266100058073 5.779691449844009 5.061417655144596
0.8510266100058073 6.355301901077883 6.067938580753929
0.8510266100058073 7.661239578055202 6.354388636640777
0.8510266100058073 6.618952890904563 5.527429979641256
0.8510266100058073 6.401078845373593 6.313945893739843
0.8510266100058073 6.940449134432583 5.693102631566939
0.8510266100058073 5.302666888112306 4.878160918530446
0.8510266100058073 6.89740619879983 6.7503502786885985
0.8510266100058073 7.549987512735177 7.4049062565003805
0.8510266100058073 6.680470410505482 6.188656777916533
0.8510266100058073 4.86137153723778 3.77887535216112
0.8510266100058073 6.417781446403165 5.229102493636585
0.8510266100058073 4.094009337156024 3.8894593928918915
0.8510266100058073 6.542334735866799 4.765666986998556
0.8510266100058073 4.696214122185083 4.559424318671962
