1.6479825924411888 7.774335720095889 5.8566066939076915
1.6479825924411888 7.780572386072286 7.700257783099761
1.6479825924411888 7.737245187783294 6.924623101978455
1.6479825924411888 4.349632944060335 4.237407537529098
1.6479825924411888 4.076865858646421 2.883348310855014
1.6479825924411888 6.777023273356884 6.644038073188259
1.6479825924411888 5.673888875831246 4.8234387436751005
1.6479825924411888 6.387201766187079 6.015876723918492
1.6479825924411888 6.633216143933595 6.2391608977511455
1.6479825924411888 6.155035238939295 4.417815919736121
1.6479825924411888 5.905485095923456 4.293040848228195
1.6479825924411888 6.310757557815755 4.846893016489417
1.6479825924411888 6.513413672457045 6.0479946280683565
1.6479825924411888 6.6477415433472125 6.589984890071939
1.6479825924411888 7.090536446873719 6.2125673781785045
1.6479825924411888 6.322995771536753 5.392060921088364
1.6479825924411888 6.298108141206793 6.078285779322474
1.6479825924411888 5.874795320280857 5.603513666110681
1.6479825924411888 4.357424428231663 4.135001629830423
1.6479825924411888 6.143221380436099 5.59460856644846
1.6479825924411888 7.3932027501564725 6.958865808928599
1.6479825924411888 4.368383208291046 3.4370743739107805
1.6479825924411888 5.5848215708754445 4.75326409449999
1.6479825924411888 5.42279804399336 4.915027545903098
1.6479825924411888 6.214565606735345 5.485386283443196
1.6479825924411888 7.623275278445501 5.671823711144956
1.6479825924411888 5.241166556793001 4.873208237098894
1.6479825924411888 6.148457776606165 6.086558113846797
1.6479825924411888 6.9181168765770185 6.566021734143354
1.6479825924411888 7.702481383623475 6.072720677906322
1.6479825924411888 4.8712369022954505 4.6884827515984195
1.6479825924411888 7.204669841149885 6.876702988175474
1.6479825924411888 5.79495965496368 4.528224334896648
1.6479825924411888 6.920770841980282 6.071587290541105
1.6479825924411888 7.544527063431907 6.771807065833635
1.6479825924411888 4.4087978762507305 4.0922610650575235
1.6479825924411888 7.275617284263943 5.820612705163186
1.6479825924411888 7.503443843350784 6.309129061828039
1.6479825924411888 4.548817630548733 4.249080874274456
1.2743288081473385 5.609209140098795 3.445505511966008
1.2743288081473385 7.675392424650582 5.577578759525954
1.2743288081473385 8.338986605679736 6.7375362497267055
1.2743288081473385 3.681168056709169 3.518801463912977
1.2743288081473385 6.427780559994581 5.961898563038513
1.2743288081473385 5.441188064882443 5.164846671095321
1.2743288081473385 5.240897047487394 4.838814276127427
1.2743288081473385 6.105379628623986 4.30663248125184
1.2743288081473385 7.5631849898080805 6.632480994985387
1.2743288081473385 7.0659490941861485 6.639003437415114
1.2743288081473385 5.779072939953107 4.553744733840933
