0.7494617585685615 7.735097392288829 5.4278606213854745
0.7494617585685615 7.018495293385417 6.843556295326887
0.7494617585685615 6.167706806322062 5.29405473555687
0.7494617585685615 4.597363348760517 4.3383716619586075
0.7494617585685615 5.89852920423678 4.347195036108093
0.7494617585685615 6.471691863451216 4.768975707231766
0.7494617585685615 4.47188236664741 4.1898510791588315
0.7494617585685615 5.518377901959479 4.692616995472019
0.7494617585685615 8.130896418998253 4.849599991663361
0.7494617585685615 6.305202867038165 6.08600684738028
0.7494617585685615 6.322014972429457 6.141291577961888
0.7494617585685615 5.977978098794633 4.061677986538545
0.7494617585685615 7.6197070818484285 6.956677625606349
0.7494617585685615 6.759664785731317 6.2603595551242055
0.7494617585685615 6.366204300190798 4.843035910115798
0.7494617585685615 5.182832344578927 4.556253185313201
0.7494617585685615 8.048014986756593 6.267708356911742
0.7494617585685615 6.633719281839635 5.058773883990623
0.7494617585685615 6.528105669013932 4.877406557554446
0.7494617585685615 4.699995536460943 4.550118296513669
0.7494617585685615 6.958942631074702 5.690921915748603
0.7494617585685615 6.46125464530456 5.393611293127533
0.7494617585685615 6.076291388316324 5.259938058218953
0.7494617585685615 7.0874018712871685 6.819859057878634
0.7494617585685615 7.74662136056334 6.657799695732982
0.7494617585685615 6.767218764748625 5.625986425415643
0.7494617585685615 6.726418262979989 5.72882376786358
0.7494617585685615 4.242072474350913 3.827416013826446
0.7494617585685615 5.687838001893418 5.525913689065252
0.7494617585685615 5.494429512792955 5.443722947598279
0.7494617585685615 5.5751562118198805 4.8114343606200976
0.7494617585685615 4.147615892826078 2.499185447382606
0.7494617585685615 5.119489022742577 4.7422537584821365
0.7494617585685615 3.896770543371446 3.3124014756410376
0.7494617585685615 6.618444942862798 4.909871061142411
0.15042837990498414 4.611963115037835 2.3425707339067166
0.15042837990498414 3.2501040522256663 2.9064503310419694
0.15042837990498414 6.39944610060925 5.8061471022972295
0.15042837990498414 6.556610340361232 5.641384092497382
0.15042837990498414 6.1875733004705715 5.326637557872501
0.15042837990498414 7.048697627466439 6.4913639851474
0.15042837990498414 6.179996563222911 5.085872646057548
0.15042837990498414 6.330729574693567 6.258451914159038
0.15042837990498414 6.365133776399979 5.272310051066099
0.15042837990498414 6.570098537323158 6.403376846871569
0.15042837990498414 6.240001473727446 5.328651419738107
0.15042837990498414 4.879398780347454 4.229313143976906
0.15042837990498414 5.635856852645961 5.3803890783659005
0.15042837990498414 5.240616480657483 4.9255903558110266
0.15042837990498414 7.679602711332983 6.811152619563103
