0.8315045150736649 7.740081841453078 5.223695698005617
0.8315045150736649 7.334555786090757 5.85123620504518
0.8315045150736649 6.615184682211726 5.069580895139663
0.8315045150736649 4.376721375220566 4.272016582182402
0.8315045150736649 5.0871388132263675 4.891720375015072
0.8315045150736649 6.222712160602338 5.469551073154636
0.8315045150736649 5.293673696417134 4.011216103891273
0.8315045150736649 5.581139693635361 4.519659245226018
0.8315045150736649 6.663083072055581 5.814024217014671
0.8315045150736649 6.720612129335889 5.33490129686901
0.8315045150736649 3.515135034073776 2.5621630579436765
0.8315045150736649 3.169192790913471 3.031844761616097
0.8315045150736649 5.666911136669693 5.296899167364237
0.8315045150736649 4.429997431908603 3.8780070213316695
0.8315045150736649 4.81532789669134 4.7010822496499705
0.8315045150736649 6.462220180717065 5.924321022833336
0.8315045150736649 6.476902726681061 6.148682835122555
0.8315045150736649 4.83070674467319 3.2462585169656513
0.8315045150736649 4.509462581928439 3.6868816611248274
0.8315045150736649 6.055546757855442 5.921460629887795
0.8315045150736649 5.977143492903835 5.09872127418624
0.8315045150736649 6.660558558162865 6.4991183400807815
0.8315045150736649 4.315265476618368 4.2150890981711076
0.8315045150736649 5.1580784518432985 3.21442343074392
0.8315045150736649 7.597374314511001 5.959576277725214
0.8315045150736649 7.631703763333968 5.998387008913779
0.8315045150736649 6.631884131006757 5.963355136084346
0.8315045150736649 6.655933339028007 6.278915693220953
0.8315045150736649 6.0353012144524385 5.834069572615743
0.8315045150736649 5.28570244536818 5.113293512479393
0.8315045150736649 6.422264054726842 4.581743793058992
0.8315045150736649 5.724982623970426 4.324604130439859
0.8315045150736649 4.528381153961913 2.8835352668399263
0.8315045150736649 4.253764241907014 3.8223586288650053
0.8315045150736649 7.717393449964735 6.553027969472777
0.8315045150736649 5.541416251032544 4.059297113847169
0.8315045150736649 5.1569607705923595 4.556519668878495
0.8315045150736649 6.461105906187335 5.988451722333771
0.8315045150736649 5.747680413831699 5.6917037704062965
0.8315045150736649 5.5083386561598005 4.507108350377573
0.8315045150736649 5.5083386561598005 4.1285881125449
0.8315045150736649 6.385011406957364 5.995511604423692
0.8315045150736649 7.571475786026182 6.2065843383105594
0.8315045150736649 6.578898099818904 6.0852950047976355
0.8315045150736649 6.566992303368586 5.629521845001271
0.8315045150736649 5.659987503745818 4.276209721148884
0.8315045150736649 6.278091484749165 5.919203204135576
0.8315045150736649 5.6714452904331765 4.811947966832972
0.8315045150736649 5.552209523919039 5.06573761398659
0.8315045150736649 6.636236190430317 5.059553868629108
