2.731683678936904 7.782754973603534 5.536673955184194
2.731683678936904 6.547270981770641 5.434408332769433
2.731683678936904 5.284612173226023 4.330382921844009
2.731683678936904 5.467132773923307 5.36742902071492
2.731683678936904 6.371163908111988 6.295376657740802
2.731683678936904 9.09507142621355 7.712613279103079
2.731683678936904 6.37646325820878 6.256469643426225
2.731683678936904 6.366589049119845 6.1514369652738505
2.731683678936904 6.103580277432776 5.940379826520458
2.731683678936904 5.343296491789122 4.448255430647668
2.731683678936904 6.381005434808994 5.471154104412429
2.731683678936904 7.7658248445929186 6.782267384424668
2.731683678936904 6.889022703761352 6.367104329775972
2.731683678936904 5.940936827003959 5.245047879892419
2.731683678936904 6.256086276696866 5.203269867967618
2.731683678936904 5.871520419577667 4.772209607580727
2.731683678936904 6.632539203087948 5.01432407094617
1.7735692808916892 5.703282550598512 3.7480070597255506
1.7735692808916892 7.393652311017565 4.527409965653368
1.7735692808916892 3.4972578934951675 3.2684355592773424
0.689779267738889 6.056117007134144 3.330122660174094
0.689779267738889 0.689779267738889 0.68977926773889
0.689779267738889 5.653216200782218 3.1218633649301215
0.689779267738889 6.383072062771873 4.598631963052914
0.689779267738889 6.357873488852743 6.2979732591305195
0.689779267738889 7.757896838313407 7.021885908472589
0.689779267738889 6.1366331082014405 5.7521376342882515
0.689779267738889 4.000348342001843 3.8000822771473155
0.689779267738889 6.664506783177448 6.592043310328815
0.689779267738889 4.381555618449159 3.0425867327527722
0.689779267738889 7.256360955718334 5.219919826868835
0.689779267738889 4.1803697756974785 3.2736819882515875
0.689779267738889 7.43569382828964 7.156681304765332
0.689779267738889 9.12845283575145 6.067437238561
0.689779267738889 6.391404525200553 5.03844335635109
0.689779267738889 7.245867480159543 5.706036791204891
0.689779267738889 6.645389935125184 5.3445609601125135
0.689779267738889 6.947418590024471 6.351167257557392
0.689779267738889 6.249430032853635 5.015659402025014
0.689779267738889 6.6562853361071355 5.390547048882061
0.689779267738889 7.489536392835946 6.400462009625504
0.689779267738889 5.635370321334769 4.916274722712409
0.689779267738889 7.581964353594767 5.997898193121221
0.689779267738889 6.209697042449697 5.654586384376896
0.689779267738889 7.62842187189732 7.440464208563278
0.689779267738889 7.62842187189732 6.964368409945466
0.689779267738889 6.766239086086697 6.336331151380827
0.689779267738889 6.711611595385268 6.028226245825135
0.689779267738889 6.37102749177609 4.99696114051302
0.5003934733549085 6.156388932277416 3.330285060760003
