1.795385000182979 7.780326283227737 5.37516134930829
1.795385000182979 7.659481820887603 5.835229775715111
1.795385000182979 6.100818164820712 5.916249757054593
1.795385000182979 4.582055808379966 4.4472120610171455
1.795385000182979 4.199327591495301 3.9315779421413533
1.795385000182979 6.955872797755248 5.9359719972449
1.795385000182979 5.773721969617746 4.88747026248469
1.795385000182979 6.609109427321513 5.358281706150336
1.795385000182979 6.446998030232262 6.35944738050745
1.795385000182979 7.506028290424325 5.96598145770802
1.795385000182979 6.218226521185002 5.130149693979388
1.795385000182979 6.467638596212428 5.892837780837834
1.795385000182979 5.64837169388554 3.9082118074764054
1.795385000182979 4.675663930407875 3.91947256603879
1.795385000182979 5.849943397512785 5.239529917896431
1.795385000182979 4.306092965181961 3.6527584781972853
1.795385000182979 6.627969074011421 5.249322298808809
1.795385000182979 4.967291796540287 4.038005112556591
1.795385000182979 5.572628627213646 4.689246515653105
1.795385000182979 6.095302974449499 5.737717318994133
1.795385000182979 6.582740775931228 5.1884585223063615
1.795385000182979 3.5633930643248353 3.4222600225932878
1.795385000182979 7.625120878331588 6.353067334183752
1.795385000182979 7.758730948868951 6.362573038673856
1.795385000182979 6.478248116436344 6.209545996904378
1.795385000182979 6.090311731290736 5.684184927853564
1.795385000182979 6.641190537478618 4.643245772136294
1.795385000182979 5.9372223607452135 5.212853705445042
1.795385000182979 6.638315793558483 5.568996175085962
0.3430324811683474 7.047235244775116 3.7096573881618724
0.3430324811683474 4.803495873997502 4.627151972067498
0.3430324811683474 7.745822986835847 6.966527756574862
0.3430324811683474 7.745822986835847 5.425025241225102
0.3430324811683474 4.469504560691679 4.210095151937867
0.3430324811683474 7.1538276932743265 5.378264235138733
0.3430324811683474 5.27531709386891 5.055497515308449
0.3430324811683474 6.433528809990971 5.752309814580042
0.3430324811683474 6.263853747681161 6.05453311126612
0.3430324811683474 3.4847593934270376 3.3895266014128236
0.3430324811683474 6.634118084387964 6.487691815406895
0.3430324811683474 6.176210829180711 4.39185655023672
0.3430324811683474 6.350989950907593 5.417746378716323
0.3430324811683474 6.665934094509634 5.323886478687708
0.3430324811683474 8.553550520596511 7.393006420706692
0.3430324811683474 5.897755782792569 4.93553938658367
0.3430324811683474 7.59951274397098 5.883802616499571
0.3430324811683474 5.92319615600357 5.7307134062055125
0.3430324811683474 5.736167589666682 4.717217173770914
0.3430324811683474 7.836879488703399 7.593458201968283
0.3430324811683474 6.789194031541065 6.577499427640773
