2.2058730282236785 7.7259295409549615 5.504861833800732
2.2058730282236785 6.377971098413525 4.668832981280741
2.2058730282236785 5.022451512481187 4.847321605913587
2.2058730282236785 4.279681056792306 3.703884208267987
2.2058730282236785 6.331411577753759 4.455025937939146
2.2058730282236785 6.287225586166485 5.53954037427049
2.2058730282236785 6.479831187128504 4.795139475477069
2.2058730282236785 8.890086176515508 6.298681044887688
2.2058730282236785 7.51735828417473 5.903841166093449
2.2058730282236785 6.08648800707094 5.933472308200092
2.2058730282236785 4.3545781262705425 4.13439800014336
2.2058730282236785 4.957884048928502 4.704676928366223
2.2058730282236785 7.265364540506038 5.871439901649035
2.2058730282236785 6.575710266808954 5.243173006918477
2.2058730282236785 8.082445517644812 7.745429502499575
2.2058730282236785 6.74435242476728 4.945578096860617
2.2058730282236785 5.837228173806913 5.264614894352638
2.2058730282236785 4.110930558970555 3.441390748678282
2.2058730282236785 3.890353658083353 3.3311022982346827
2.2058730282236785 6.156571176157225 5.920588106991285
2.2058730282236785 7.287874798177333 6.782063357164523
2.2058730282236785 5.70274157620765 5.26778194128082
2.2058730282236785 6.254749606989023 5.931731695685527
2.2058730282236785 6.129368334676457 6.0210458923272645
0.7311923481920961 4.575574174517275 2.6296862498917513
0.7311923481920961 6.170326284887867 5.750912544469787
0.7311923481920961 5.334894712084523 4.908121642081376
0.7311923481920961 6.34962609697223 5.087423225689287
0.7311923481920961 5.955687860402051 5.81941724838338
0.7311923481920961 6.515539893561119 6.213392956525017
0.7311923481920961 6.449686164566678 6.0801013494264255
0.7311923481920961 5.722338097750956 4.71990149204409
0.7311923481920961 7.382625578323061 6.606370383310357
0.7311923481920961 6.749611417880407 6.636747843787686
0.7311923481920961 6.528445269549199 5.500323747441664
0.7311923481920961 6.472765647274986 4.764184991032297
0.1572927719089816 1.937251011410773 1.0352113050276928
0.1572927719089816 6.5574698975881915 6.096031789757078
0.1572927719089816 5.098891233939835 4.386727395807074
0.1572927719089816 8.615994681692207 6.731562100031759
0.1572927719089816 4.93895535442994 4.7290860716409675
0.1572927719089816 6.625938941610908 6.420615366881771
0.1572927719089816 6.041902655817999 5.930169971157971
0.1572927719089816 6.290186016072223 5.068029449884194
0.1572927719089816 6.125421149774624 5.287138689037887
0.1572927719089816 6.423337140687142 4.827458294347491
0.1572927719089816 6.187765269731372 4.98375807308885
0.1572927719089816 6.636667350149768 5.503325441293042
0.1572927719089816 5.276665544531852 4.563901665311056
0.1572927719089816 5.80236917339198 5.120798067318351
