0.9312245659205662 7.723616744330567 5.263192552855782
0.9312245659205662 6.569261710727162 4.825994224611006
0.9312245659205662 6.249290276019799 5.906851290395086
0.9312245659205662 7.549955045923852 5.730314223475784
0.9312245659205662 7.547933446231248 5.721846805638145
0.9312245659205662 6.21601216220882 5.314680314160272
0.9312245659205662 4.9046502492589745 4.091557416452996
0.9312245659205662 4.488219744332753 4.401952031810989
0.9312245659205662 7.0610294185462035 6.562405155935157
0.9312245659205662 4.980158443547605 4.687076180699271
0.9312245659205662 5.808409128211238 5.629192050511547
0.9312245659205662 4.507583064170397 3.9539209216549773
0.9312245659205662 5.878301642740023 5.14060722327486
0.9312245659205662 5.684851477535936 5.029064105284516
0.9312245659205662 5.521454756289849 4.987074898833599
0.9312245659205662 6.936286264296685 6.33928914982355
0.9312245659205662 4.014135772630571 3.717371690903647
0.9312245659205662 7.779562019197028 5.469965973234666
0.9312245659205662 4.547429902725078 4.4530450002004525
0.9312245659205662 5.355299802537832 4.2758360294563085
0.9312245659205662 5.2345641696784995 3.093645449391658
0.8652379453137979 3.62828658718496 2.247422132455445
0.8652379453137979 5.500885016299886 4.642004080768806
0.8652379453137979 5.490424486007903 4.5210741185164105
0.8652379453137979 4.775121115539864 4.587520787033646
0.8652379453137979 6.267063914426032 5.102805912347984
0.8652379453137979 5.903078219194779 4.8566600183724775
0.8652379453137979 5.571712018153573 4.087838503616687
0.8652379453137979 6.0885681051803076 5.259369657266708
0.8652379453137979 4.1283360235038735 4.090644659751912
0.8652379453137979 6.381928860744093 6.036521810409282
0.8652379453137979 7.277140886358829 6.268450467068799
0.8652379453137979 5.954705036533323 5.4835177616939506
0.8652379453137979 6.583651254999417 6.373112840558545
0.8652379453137979 3.312333490054922 3.1352795196610863
0.8652379453137979 6.214061425790053 5.293346503226656
0.8652379453137979 7.304217723310863 6.050437228473766
0.8652379453137979 9.979219130678063 8.066669477905515
0.8652379453137979 6.158114945194992 5.580388651214687
0.8652379453137979 7.615866892200366 6.618484519269778
0.8652379453137979 6.010734534056297 5.121291378999919
0.8652379453137979 7.119734032238405 4.921132658966823
0.8652379453137979 6.50574095190899 5.870201123022189
0.8652379453137979 10.583685882033674 7.026932511500622
0.8652379453137979 6.6633800287734495 5.318897303266433
0.8652379453137979 6.318472772797001 6.201697887391817
0.8652379453137979 7.326891532105794 6.198517230332596
0.8652379453137979 5.326478826298118 5.218315004486829
0.8652379453137979 7.639148141953472 5.9258304206076176
0.8652379453137979 4.34799090319456 3.8364845269045356
