0.9364157229073347 7.755983942116217 5.473835825672787
0.9364157229073347 7.124041199662807 6.727775123468888
0.9364157229073347 6.009681380579558 5.498492144912978
0.9364157229073347 6.830802165640847 6.672059759921037
0.9364157229073347 10.138095864631458 7.887226122486892
0.9364157229073347 5.5705586648541825 4.858022523828201
0.9364157229073347 7.5708270686658 6.5787874963963295
0.9364157229073347 6.494075871993562 6.154828473945961
0.9364157229073347 5.514251682458561 4.578941300138501
0.9364157229073347 4.037021670596236 3.4913240372995347
0.9364157229073347 4.1651116045717735 3.8386860022377687
0.9364157229073347 6.251951776000492 5.649004863820727
0.9364157229073347 7.682791065978757 4.859258324817421
0.9364157229073347 6.405601522121774 4.711409986362364
0.9364157229073347 4.153486967038592 3.947674783725388
0.9364157229073347 4.264179413798168 3.94771230088104
0.9364157229073347 5.992059832801214 4.877903831377314
0.9364157229073347 6.526774478418339 6.258047835564367
0.9364157229073347 6.841800076966081 5.580529459674048
0.9364157229073347 6.237989481388773 5.815609637042161
0.9364157229073347 7.5059982378468995 6.869962080597273
0.9364157229073347 8.599778235226928 8.302042512608143
0.9364157229073347 8.806525827810237 7.551359286365397
0.9364157229073347 4.025311491104013 2.817986409033192
0.9364157229073347 5.687162844814733 4.229973037523526
0.9364157229073347 6.27219037860365 5.968292549499863
0.9364157229073347 7.542332951727936 5.9722473871888155
0.9364157229073347 6.523592100393262 5.679841121070267
0.9364157229073347 6.5240267631534365 5.216658731964589
0.9364157229073347 5.269322587614251 4.430841645582955
0.9364157229073347 3.3474214929567734 3.3155701674960403
0.9364157229073347 4.898774451746544 4.0156763637553485
0.9364157229073347 6.538033792464688 5.306728083090579
0.9364157229073347 3.994612502855301 3.3449576257888465
0.9364157229073347 5.919104142319764 5.276260285539813
0.9364157229073347 7.310535342624306 5.644744743557688
0.9364157229073347 5.31016620678967 4.816534648329949
0.9364157229073347 6.266134301212087 5.80540847897031
0.9364157229073347 6.356502871289969 4.984192640697291
0.9364157229073347 5.568630098024446 5.020112487607374
0.9364157229073347 7.780607853659857 7.612564989486382
0.9364157229073347 6.287745058028104 4.206037823760149
0.9364157229073347 4.406819755278942 3.27402415524298
0.9364157229073347 6.5345009744240485 6.1340370868044145
0.9364157229073347 7.453331921691483 5.784626536599367
0.9364157229073347 7.453331921691483 6.65801366842177
0.9364157229073347 6.638831081901557 6.570503364956686
0.9364157229073347 6.136863603183251 4.892966066712345
0.9364157229073347 7.166770088631948 6.667915149981298
0.9364157229073347 7.544807217367882 7.034280283623668
