5.746232374017552 7.753999229078584 5.257669005004998
5.746232374017552 7.753999229078584 4.942079551009378
5.786765967939484 7.277732986313833 3.2084819943152483
5.746232374017552 7.277732986313833 4.705388270646493
5.746232374017552 6.135358919063105 4.584565769846188
5.746232374017552 6.135358919063105 5.813837788548418
5.746232374017552 6.135358919063105 5.772446445001097
5.746232374017552 6.456760647616633 5.045223194641158
5.746232374017552 7.462652343038515 4.877352016670836
5.746232374017552 6.560663796942137 5.140874667462535
3.0933673125055994 6.560663796942137 5.254460961552264
6.338959918064667 6.560663796942137 5.176769524656996
6.338959918064667 6.98525691433376 6.168856456084038
6.338959918064667 6.98525691433376 6.180490296046234
6.338959918064667 6.98525691433376 6.270477892417931
6.338959918064667 8.41879075287315 6.763961266320541
6.338959918064667 9.078029843427323 7.528687121274934
6.338959918064667 9.078029843427323 6.20235334965458
3.2937087213250007 9.078029843427323 4.0402191169027395
6.338959918064667 9.876321537291163 6.9754331303171675
2.5306870647694244 9.876321537291163 4.625775189179013
7.333865048154626 8.714662475682148 4.161248068659729
3.5099404697335754 7.333865048154626 5.733699206751994
3.5099404697335754 7.333865048154626 6.125184351365204
3.4253929758968487 7.333865048154626 5.054756297340293
