2.4652648389110614 7.782301535826466 5.597031403682644
2.4652648389110614 6.135117133769356 5.476851430151335
3.5532942409911574 6.648915258954677 4.31353348518498
2.24555858713784 6.648915258954677 3.237873969226716
2.24555858713784 5.969887232523838 4.135690811197985
2.24555858713784 5.969887232523838 3.544168198911816
5.523398948683745 7.406270884039452 4.178231871462653
2.269613314448581 7.406270884039452 3.47826321279192
0.8631173246650836 5.802977813915554 2.4881067620754065
0.8631173246650836 7.72769788078033 1.253578213948418
0.8631173246650836 4.165047279353232 2.277602863485947
6.216939396390607 5.541109438905558 2.461053080053631
5.489930235510311 6.216939396390607 3.776426645512932
5.489930235510311 6.216939396390607 4.1854002950487015
5.489930235510311 6.507805922145053 4.0325489656862334
1.0121647045831854 6.369135729399304 5.165708105045853
1.0121647045831854 6.369135729399304 5.128623471111519
1.0121647045831854 6.369135729399304 4.9961505115275795
1.0121647045831854 7.696079171968977 5.5446595970991925
1.0121647045831854 5.708695824517587 3.52520115067287
1.0121647045831854 5.708695824517587 2.800786619482187
1.0121647045831854 6.069292456064023 3.4792087225471233
1.0121647045831854 4.518023677180917 3.2364045557010908
0.7993899268986628 4.518023677180917 1.1888793185332516
0.7993899268986628 5.6369973813851715 3.2614299457995997
