3.230640656223667 7.775555321625397 5.303200030788179
3.230640656223667 8.150520658370045 6.038410109256856
3.230640656223667 8.150520658370045 5.1852125567950464
3.230640656223667 9.280930835511823 5.792845846175598
3.230640656223667 9.280930835511823 5.439952200925554
3.230640656223667 6.533479642089947 4.417587077379769
3.230640656223667 6.533479642089947 4.659341361026181
2.2661500297046833 7.318700761399054 3.329040975611045
2.2661500297046833 4.437113572840548 3.0578526396520984
2.2661500297046833 4.49318419640424 3.498689168235217
4.3260797138619616 6.539627925168549 4.563725796874905
4.3260797138619616 6.551591288032203 4.603359480549306
4.3260797138619616 6.551591288032203 4.822987086157067
4.3260797138619616 6.464319268674789 5.243213728021625
7.636939118549371 6.534604775729637 4.343498804411713
6.0756761009419336 6.534604775729637 4.3097523990296445
6.0756761009419336 7.636939118549371 4.44970082295941
3.5104138624176966 7.762362010094815 5.772604462240688
4.4818699087722855 8.215364295444934 6.353517234327785
3.5104138624176966 6.5158641941764905 5.173602862635546
3.5104138624176966 6.5158641941764905 5.014802779703961
3.5104138624176966 7.007338487305621 5.812740131776715
3.5104138624176966 7.007338487305621 4.8791580139188655
3.5104138624176966 7.007338487305621 4.417009857625064
3.5104138624176966 7.817125664046889 5.77428728726903
