6.436115688618383 7.643818117465477 5.6744418916212895
6.436115688618383 7.503343269895005 5.829044810427949
5.0639564986026 7.503343269895005 3.6972490410706365
6.436115688618383 7.503343269895005 4.170621553517471
5.315225515069855 7.751872574019215 5.710786857355595
5.315225515069855 7.751872574019215 4.539153813068226
5.315225515069855 7.751872574019215 3.384125079373584
5.315225515069855 7.163048741187129 5.075340958100243
5.315225515069855 7.464340817546946 4.461147908314279
5.315225515069855 6.476170955094307 5.2679473112120725
5.315225515069855 6.476170955094307 4.847153682737255
5.315225515069855 6.476170955094307 5.222640944037193
5.096546129400458 7.227552039190233 4.710487386476115
5.096546129400458 7.428849734631287 5.3969779325714455
5.096546129400458 7.428849734631287 5.829686037760154
5.096546129400458 9.903001795804036 6.090608906633625
5.096546129400458 9.903001795804036 4.495180885167376
2.9259444912053145 5.315225515069855 3.3167085752425645
5.41158864732299 5.559583345975753 3.3862534584675315
5.295903705757173 6.02781653052158 5.44926746283981
5.295903705757173 6.649465758856184 5.694284447839427
4.0667725406223205 7.252037004362643 5.570849643663393
4.0667725406223205 6.649465758856184 5.264521803277907
4.0667725406223205 6.8445354966748475 5.879195593829247
4.0667725406223205 7.6481021644150875 6.317172083862206
