2.751899958624677 7.761592227834573 5.590733404709698
2.751899958624677 7.761592227834573 5.6972903675921085
2.751899958624677 7.5448305880500435 6.308252173316508
2.751899958624677 7.099589873755843 5.089422039939321
2.751899958624677 6.832149491892549 5.989270205978573
2.751899958624677 6.832149491892549 5.103615690975625
2.751899958624677 7.414939718141774 5.177010323663462
2.751899958624677 7.414939718141774 4.427141825339349
2.751899958624677 6.655954409592184 4.941583440450228
2.751899958624677 6.655954409592184 3.753730504132867
2.751899958624677 6.655954409592184 4.0035838773435275
2.751899958624677 6.8406656631157965 5.624609896668915
2.751899958624677 7.999260355137984 6.201893379080409
2.751899958624677 7.999260355137984 5.352741104319949
2.751899958624677 7.999260355137984 4.010425962993928
2.751899958624677 7.463385530422803 6.098708762671631
2.751899958624677 7.463385530422803 4.196396180365729
2.751899958624677 6.33257130902782 4.238227662111521
2.751899958624677 5.946815418011539 4.365038021034479
2.751899958624677 5.946815418011539 3.7855876455699256
1.6844457224225455 4.597998551336836 3.121051272950136
5.826922840091381 4.597998551336836 2.6020596167569487
1.6844457224225455 7.636677857334313 5.059794528356236
1.6844457224225455 7.636677857334313 3.778386290695026
1.6844457224225455 7.636677857334313 4.189655356603488
