2.5195788667381405 7.7377831293774815 5.6040386478634545
2.5195788667381405 7.5473544063140405 4.5701926215255115
2.5195788667381405 6.662865299631974 3.2313663212066905
1.9924510435000689 6.662865299631974 3.732906033093926
6.111886087049214 5.897276644724709 4.772748891373399
6.111886087049214 9.35948047593093 5.36404144381214
6.111886087049214 6.17194904102514 5.837288306219643
6.111886087049214 7.517911359612306 5.148547628181746
2.778175133429713 6.40001140897926 4.31475215979534
2.778175133429713 6.17194904102514 4.227500821233701
2.778175133429713 3.489206427611983 4.473584104493304
2.0147140381056734 9.288773795476484 4.57420341597706
2.0147140381056734 9.288773795476484 5.403194077892638
2.0147140381056734 8.368097068068009 4.247376564826592
2.0147140381056734 6.243075698304345 3.5864176236994583
2.0147140381056734 4.09975025855249 3.29746510974949
2.0147140381056734 5.4371755935662485 3.1513038873469212
2.0147140381056734 6.089825616510456 3.3131632429666356
1.9372661642516005 6.089825616510456 2.4039096487698033
6.110957507083384 6.4829605675519915 4.948384386284797
6.110957507083384 6.4829605675519915 4.702370192022399
6.110957507083384 6.6413904601833025 4.885315531602849
1.9372661642516005 6.6413904601833025 4.3762087459399
1.9372661642516005 7.418275328414355 6.227192604336438
1.9372661642516005 7.455500235767893 6.096175910467026
