2.801960062151555 7.763281924728444 5.326184031389513
4.820801185741196 6.575504321874945 2.840790040750282
5.842427903888279 5.695577882578949 3.6835051366925513
1.0006751576315307 5.90484740523377 3.466428538131587
1.0006751576315307 6.313066639995839 2.0677768499288844
1.0006751576315307 5.033347944574832 3.4159830013351717
2.6611414516210954 5.0607059659157265 2.0504978837357832
4.738756036119991 5.0607059659157265 2.343261272229231
4.738756036119991 6.637069754986939 3.8835976804674215
4.69072858556229 9.091545416426083 6.436624562298664
4.5937679535528275 9.091545416426083 3.721643517809399
4.800821339025138 6.637069754986939 3.1355619315002654
3.2133039308456266 4.800821339025138 1.7910149081053333
5.665464742199784 3.2133039308456266 1.4465477209769781
3.193055363719392 5.665464742199784 2.5671119246373153
3.109561093892737 5.581239187592242 3.820210906321766
3.109561093892737 5.581239187592242 4.116134124277596
0.21748786286530875 5.581239187592242 3.217175508911743
4.110341802017288 4.555293796250865 1.3741079036939547
7.472279378415648 5.038105973462642 2.34583172166296
0.6926522130536488 5.038105973462642 1.2221234629265032
7.472279378415648 4.979161666878223 2.5791256513412026
5.2958329676294476 7.472279378415648 5.059700565162979
2.627469750960153 7.472279378415648 4.013611655759422
0.6926522130536488 6.043430718722863 4.512080170636385
