3.0782692407214474 7.58727854659481 5.192974135323359
3.0782692407214474 7.669750918161906 5.588275101786486
3.0782692407214474 6.663039316672595 4.5482447475461125
3.0782692407214474 6.441779364593554 2.280904616978308
2.996074811036412 6.441779364593554 2.1968773202717187
3.0782692407214474 5.815959354188308 3.158166889399859
0.49144349014812194 2.7039291994746226 0.9781903461999518
3.0782692407214474 6.462950115109454 3.6192344774450196
0.49144349014812194 5.521115984807789 2.5802134026404775
3.3113753685181995 5.521115984807789 0.7932238398277016
2.743906738953076 5.690551758902966 2.418818381783351
3.776330095038635 6.204071824848775 2.616282377061742
5.1561507891654905 6.204071824848775 1.7662250936863564
3.1851735480225014 5.1561507891654905 2.0855856609015073
2.618993407293573 3.776330095038635 3.0999875884771955
2.618993407293573 5.221730340832995 3.5632040974508095
5.711351311788626 5.221730340832995 1.4003982671968134
5.599740074930491 5.711351311788626 3.410223028170373
5.028888877264034 5.599740074930491 3.236192407341984
3.143292146588522 5.692698862537515 4.326230105315096
2.9551421964133557 7.082353049546612 4.973121568676143
2.9551421964133557 7.082353049546612 6.006098900893412
2.9551421964133557 7.082353049546612 4.217017578838091
2.9551421964133557 6.59529788700403 5.220284707292803
2.9551421964133557 6.59529788700403 5.064591690173457
