5.536204953316712 7.698967155654886 5.681364789651548
5.536204953316712 7.614352046211364 4.891452499269181
5.536204953316712 5.807435048723626 4.0929449411360315
5.536204953316712 5.499188532850539 3.4796759551097693
3.1653941215183505 4.7036115113954295 2.312247117912786
5.536204953316712 3.3828837636603173 2.84396381037095
5.536204953316712 4.571827859291314 3.1759539459369455
5.536204953316712 6.24521631072896 4.8612902261023
5.536204953316712 7.6777461581147275 5.86230494103992
3.8515234740908793 7.6777461581147275 5.7737535396897055
2.376278507531229 6.325708808948988 5.353539596537798
6.017187875890546 6.988276447779224 4.9162899565593765
6.017187875890546 6.988276447779224 4.427248611372048
6.017187875890546 6.988276447779224 4.697465003458999
6.572630888485527 6.6454949331991 5.6754599892727
3.7197841341373814 6.545866360330585 5.946784210195938
6.572630888485527 6.570815033814302 5.485556131215142
3.7197841341373814 6.570815033814302 4.973906531087974
4.977824205413981 6.570815033814302 4.513181180659044
4.977824205413981 6.572630888485527 4.154973731128299
4.4978915475944135 6.572630888485527 5.202463903175304
4.4978915475944135 7.091042958246575 6.170974520672495
4.4978915475944135 10.357986279361283 8.374534266840826
4.4978915475944135 9.561837821239939 7.364920723685771
4.4978915475944135 9.561837821239939 8.125872871445896
