5.828191397237482 7.779483336753467 5.4183351153748704
5.828191397237482 7.779483336753467 5.202786532596352
5.828191397237482 6.522919173993312 4.866450796665966
5.828191397237482 5.792674656624094 4.2310390773573126
5.828191397237482 6.299515998825822 4.85271804440233
5.828191397237482 6.299515998825822 4.115912967709106
5.828191397237482 6.299515998825822 4.076634933875846
2.7283110919831235 5.990812113839571 3.6198659754934943
2.7283110919831235 5.730417464501816 4.168211715288856
2.7283110919831235 5.730417464501816 3.9233671855378027
2.7283110919831235 5.828191397237482 3.652871851334774
2.7283110919831235 5.828191397237482 3.878287108030086
2.709347179844873 4.415291333888245 3.179970855612031
4.222449634119652 6.4656345317845805 5.019055077399239
4.222449634119652 3.7443794075798746 4.90343378583168
4.222449634119652 5.886008513259128 3.9254961698424644
2.6596218750211986 6.520800117486864 4.573297131246841
5.6099669486793395 6.527496846935037 4.345791286916929
0.7263950105461778 6.527496846935037 4.693469859678599
5.6099669486793395 7.6053832968818025 5.111956961009561
6.394755317934493 7.6053832968818025 5.824485950470948
5.60704928768525 11.413588741679593 7.538587280393649
5.60704928768525 11.413588741679593 5.883286397737898
4.3551509981618715 11.413588741679593 5.606436905316376
4.3551509981618715 7.617367474924187 5.281159213422902
