4.427726995872167 7.774532987524568 5.390556504370283
4.427726995872167 7.43048350719476 5.992856177573599
4.427726995872167 8.571979012105619 6.10445337374407
4.427726995872167 8.571979012105619 6.590144702230076
4.427726995872167 8.571979012105619 6.7410155045100035
7.6646081623300955 8.079441220491377 5.489643648549256
7.6646081623300955 8.406272455037554 7.231383515154497
7.6646081623300955 8.406272455037554 7.689053195546627
6.966678681966581 8.479455748588444 6.0135420467633365
5.724095373727845 8.494642416877133 7.231669743670681
3.287822889389958 9.233594761475947 6.921526632389265
3.287822889389958 9.233594761475947 6.755404533645575
3.287822889389958 9.233594761475947 4.838330441298462
2.9893492265497987 5.032193442612417 4.059156458798062
4.565805888036014 6.400719071423847 4.3331860429805875
2.9893492265497987 7.411775397590276 5.862714448393533
2.9893492265497987 6.238259481044764 4.434374591741329
2.9893492265497987 6.71402004230718 5.392314746023995
2.9893492265497987 6.447718600983787 4.9683177413728865
2.9893492265497987 6.6588979322951225 5.6854764520278955
2.9893492265497987 6.6588979322951225 4.681891681534743
5.878745787709807 6.6588979322951225 4.086315129534367
2.9893492265497987 5.878745787709807 4.946811375324655
2.9893492265497987 5.841280175151795 5.123514022976807
2.9893492265497987 6.627933097355335 5.127871142793075
