3.1084036189543345 7.777956084859028 5.184282780622443
3.1084036189543345 7.49106389607854 5.7156473671372705
3.1084036189543345 7.352191768584223 6.198844618139653
4.2318691149119765 9.016014578903366 5.982250612083225
3.1084036189543345 8.220216622453664 6.37469216143286
3.1084036189543345 8.220216622453664 6.255769541875175
3.1084036189543345 8.220216622453664 4.221071501485778
2.7876851178470408 6.119151054260403 3.8760095987678524
4.355168324866067 6.885897425048919 4.063711782062161
3.513656842879094 6.885897425048919 4.537140863384296
6.026907756968733 5.185395070370205 4.001262510222296
6.026907756968733 5.344546303392505 4.095115549454339
3.484913241614582 6.837167051988894 4.366195133114024
3.484913241614582 7.98907951559525 6.088684916207394
2.920151517646613 7.98907951559525 5.4504721000136644
2.920151517646613 7.98907951559525 5.085039205753908
2.920151517646613 6.644218502440673 4.9972693319217605
2.920151517646613 6.977310548736961 4.786105205852774
4.95298775337967 6.56663763293523 3.5367677367474335
4.95298775337967 4.5164189587598855 2.789829954461723
6.2714757789178535 4.95298775337967 3.2591702547416217
0.051214384662185086 6.0245136358636024 3.8418560894853524
6.2714757789178535 5.218561917253599 3.8721408982937016
3.197253731585143 6.2714757789178535 3.758546826430143
3.197253731585143 9.508358565340282 7.188680651613435
