0.13894233403248224 7.215686264059173 5.422134586575908
0.13894233403248224 7.215686264059173 4.7092346697113605
0.13894233403248224 5.318747412073879 1.77996954067986
0.13894233403248224 0.13894233403248224 0.13894233403248205
0.13894233403248224 0.13894233403248224 0.13894233403248205
0.13894233403248224 5.604728018183117 0.9041523298135717
0.13894233403248224 5.465642710901573 1.7369524470932092
0.13894233403248224 2.991934696836005 0.8807203483613982
0.13894233403248224 0.13894233403248224 0.13894233403248205
0.13894233403248224 0.13894233403248224 0.13894233403248205
3.090503556212003 3.249135671369047 1.6176134698513736
0.13894233403248224 5.668274295996653 2.212710969419741
0.13894233403248224 0.13894233403248224 0.13894233403248205
0.13894233403248224 3.2306960590525162 1.1901386005392953
0.13894233403248224 5.591700730609887 1.665714685074156
0.13894233403248224 3.187276475067922 1.79079164218046
0.13894233403248224 2.9900700078112483 1.9599402220922755
0.13894233403248224 5.357065468914893 2.2393856189262906
0.13894233403248224 5.486161746214261 2.37993373870392
0.13894233403248224 4.929660079087991 1.1053308737067873
0.13894233403248224 5.46659626338397 3.538750844230531
0.13894233403248224 6.354919026328613 0.36981494646543434
0.13894233403248224 5.6813265989311645 3.9815752896035175
0.13894233403248224 5.189825561841502 0.6419507520762666
0.13894233403248224 4.9236622937164505 1.8833135423166418
