5.672307501144264 7.771456939276842 5.3915839513468
5.672307501144264 7.771456939276842 4.464613866658342
5.672307501144264 6.394617810473875 5.231493325751168
5.672307501144264 6.532107945004238 5.1817951129560775
5.672307501144264 6.657753799156929 5.7516769545592545
5.672307501144264 6.657753799156929 5.835147874628123
5.672307501144264 6.7529862322638525 5.707841795897589
5.672307501144264 8.760178981452347 5.959997219623984
5.672307501144264 8.760178981452347 6.891965081073558
4.528164026528007 5.527053764451317 8.115295552513535
3.593354643100622 9.180504412868912 6.8230850752528465
3.346641535180716 11.739942457397829 6.669147445393528
3.2295390025983797 11.739942457397829 3.711729143136413
3.2295390025983797 3.593354643100622 3.4508740734476206
3.9738151168748677 3.593354643100622 3.519849511717484
3.5564051778630064 5.683912625150839 3.7447801498160165
3.5564051778630064 5.683912625150839 4.089831416709977
6.3686162924772205 5.27789345344263 3.925091793682568
3.3772593435283977 6.3686162924772205 4.261973008292379
3.3772593435283977 6.3686162924772205 3.9035058199340167
3.3772593435283977 4.770289579687756 3.988957515135372
3.3772593435283977 4.770289579687756 3.9894387699155853
1.2756795732179076 5.609731280057112 3.251699611950159
1.2756795732179076 5.609731280057112 1.9217262388533758
1.2756795732179076 5.651005667073811 2.915118471388212
