2.482196886193791 7.65780729815906 5.563787530877441
2.482196886193791 7.009554441413796 5.472252793274595
2.482196886193791 7.615262731548301 6.32955597742838
2.482196886193791 7.615262731548301 3.7319099662432684
2.482196886193791 6.655442624297269 3.9018398792190605
4.41410225620697 5.844931640175819 5.105129994299771
6.37116950242217 6.382469993315183 5.253643018384006
4.41410225620697 7.0947141492547985 5.777121919768409
4.41410225620697 7.0947141492547985 4.897813847704132
4.074457407045799 7.0947141492547985 4.431851630647885
3.4191539822024635 5.9120714680978566 4.038491162276518
3.2091734520645905 4.0904368296097395 3.6538055017520374
2.8694037159770045 4.055886245739718 3.2220070949750577
2.8694037159770045 4.055886245739718 2.9625693280637835
4.560011024642268 6.527356600010904 3.8241085499052136
2.8694037159770045 6.527356600010904 3.6816948985465605
2.8694037159770045 6.121250191388157 4.9037298183089035
2.8694037159770045 6.121250191388157 4.757655466993724
2.8694037159770045 6.121250191388157 4.810347423913478
2.8694037159770045 5.173535555180198 4.487883152432016
2.8694037159770045 5.173535555180198 4.489978198628182
2.8694037159770045 5.865356322629054 4.885284583773867
2.8694037159770045 6.386225706029343 5.099985215360744
2.8694037159770045 6.386225706029343 4.533522030324212
2.8694037159770045 6.386225706029343 4.555538924719384
