3.0284275348366596 7.732928322199568 5.800908645014765
3.0284275348366596 7.732928322199568 5.673444210954367
3.0284275348366596 6.586966856292587 5.197331917397409
3.0284275348366596 5.712137370679294 5.005172541231031
3.0284275348366596 6.582764678538599 5.2628077609163855
3.0284275348366596 6.582764678538599 5.699180452422759
3.0284275348366596 6.582764678538599 4.610999889432582
3.0284275348366596 6.582764678538599 5.44585334029284
3.0284275348366596 6.582764678538599 5.085771112565754
3.0284275348366596 5.394221766837511 4.9011952404249035
3.0284275348366596 5.394221766837511 5.109028918105692
3.0284275348366596 5.394221766837511 5.215515102491108
3.0284275348366596 5.394221766837511 5.18657872306427
3.0284275348366596 7.795112653424958 5.576655788130519
3.0284275348366596 7.795112653424958 5.558442244571143
3.0284275348366596 7.795112653424958 5.444781565118202
2.5413652451915927 6.657739331265425 4.488830764512541
2.5413652451915927 7.24073441246475 5.335683079195443
2.5413652451915927 7.24073441246475 4.125862329401878
2.5413652451915927 6.507955337275469 5.128076224731796
2.5413652451915927 7.45960156897287 5.788657239783569
2.5413652451915927 7.45960156897287 4.385726792013525
2.5413652451915927 6.6218963585800275 5.265902435481593
2.5413652451915927 6.405323407921063 5.722961525997872
2.5413652451915927 6.405323407921063 4.9151902479398055
