2.4998730626509738 7.737425508603749 5.263496660029998
2.4998730626509738 6.374767961888509 5.688167357460781
6.300164308262662 6.434445960387901 4.0125423391136055
1.7048630129683677 6.434445960387901 3.638694678981659
1.7048630129683677 8.874198762578622 5.465917175436735
1.7048630129683677 8.874198762578622 5.250521765078466
4.305189259548115 8.21532161038827 3.620825552523151
1.7048630129683677 8.21532161038827 3.641373981495499
4.305189259548115 4.496630988294257 3.50515683668302
4.305189259548115 4.496630988294257 3.1901360331563025
2.7049434869489954 4.49309434534586 3.6584085035425784
2.7049434869489954 4.49309434534586 3.69231137275446
2.7049434869489954 5.349703718526428 3.833910276855063
2.7049434869489954 5.349703718526428 3.5615174365254862
2.7049434869489954 3.9102189138033556 3.3813545218851
2.7049434869489954 4.349758356465109 3.5269288834146333
2.7049434869489954 4.4335335287375734 3.7948357441800904
1.0216610608363443 4.3978269297326165 3.554321250079158
1.0216610608363443 4.131725303794482 3.7056514267999923
1.0216610608363443 4.421429475015014 3.1307698374350035
2.7597295691316543 4.421429475015014 1.7548940435503833
1.0216610608363443 4.229171217190071 1.8182329068262602
1.0216610608363443 4.024625005838001 3.016104292789467
1.0216610608363443 4.024625005838001 1.6832720461925827
1.0216610608363443 4.024625005838001 1.0817203397363773
