3.5098896133926947 7.67612865031786 5.339768583659712
3.5098896133926947 9.107068305081963 5.829727133111347
3.5098896133926947 9.107068305081963 4.838883357757623
3.5098896133926947 9.107068305081963 4.560436137595434
3.5098896133926947 6.07273213091257 4.623224234105192
3.5098896133926947 6.07273213091257 3.910537445158605
3.322343174181999 6.013767219770802 4.485872582668066
3.322343174181999 5.770530558172773 4.37347728032917
3.322343174181999 5.770530558172773 3.8079498453113887
3.322343174181999 5.865869129139163 4.614121638184565
3.322343174181999 7.338044656486417 5.3994586493396755
5.399086747284155 7.338044656486417 4.190972504693142
3.0905670810761774 7.338044656486417 3.778301191653084
3.0905670810761774 7.338044656486417 3.632152879990827
3.0905670810761774 7.338044656486417 3.9898705111413704
2.9459133212081103 4.687358883782178 3.7798379979952244
2.9459133212081103 5.842792691695504 4.135458186508721
2.9459133212081103 6.398807648521295 5.767817217405807
2.9459133212081103 6.635697161489318 6.197252488959731
2.9459133212081103 6.635697161489318 6.218997149491303
2.9459133212081103 6.635697161489318 5.722131294370895
2.9459133212081103 6.494046156390798 6.0632990247776295
2.9459133212081103 6.510051953293555 4.979044817144184
2.9459133212081103 7.2620465350915655 5.765628278776328
2.9459133212081103 7.2620465350915655 6.204946517484592
