5.682629417862557 7.687444210640354 5.01192880795111
5.682629417862557 7.3585547535063665 5.848079732579065
2.555462578978649 6.562261551000766 5.03563994637082
2.555462578978649 7.546849746658946 5.426424596645296
2.555462578978649 7.55465389067653 6.113043136725651
2.555462578978649 8.305160324843788 6.419962117565896
2.555462578978649 8.305160324843788 5.519978947980524
2.555462578978649 8.305160324843788 4.655243309694421
2.555462578978649 6.451880997576531 5.269077772659431
2.555462578978649 6.451880997576531 3.399882935912863
2.555462578978649 5.9417433856721225 2.9848303554021736
2.555462578978649 5.9417433856721225 3.1169940092492308
2.555462578978649 5.600948217285726 4.1425936470900435
1.5549501987090548 5.600948217285726 3.4673877352457994
5.287581721670723 5.600948217285726 2.799888054837675
5.287581721670723 3.9582915780666323 3.1438116364275106
1.3569960504535357 4.116571991112625 2.4345024539848596
1.3569960504535357 5.287581721670723 1.824989135730509
1.3569960504535357 3.4278240274453293 2.0812669367662338
1.3569960504535357 2.4039300468515425 1.6268332866139357
1.3569960504535357 5.707324521223228 2.2746004971333784
1.3569960504535357 5.707324521223228 1.7600570027925178
1.3569960504535357 5.835881449988481 2.9990061559741408
1.3569960504535357 5.835881449988481 3.0230558217203445
1.3569960504535357 7.141308191567919 5.115024386945809
