2.629888285881727 7.7639090335936185 5.504995514897385
2.629888285881727 6.597365836249555 4.516425973965982
2.629888285881727 5.6097396479364185 3.9557589528207187
2.629888285881727 5.285054882280093 4.010621079941545
2.629888285881727 6.10900593677032 4.040110873269192
2.629888285881727 6.10900593677032 3.92285035504584
2.629888285881727 6.10900593677032 3.8346214094361324
2.629888285881727 6.10900593677032 4.9634378878609615
2.629888285881727 5.661862245337485 4.854789856274139
2.629888285881727 7.2206110774286465 5.367669149431488
2.629888285881727 7.188842968828526 4.648793450741827
2.629888285881727 6.202324986881418 3.688410803324854
2.629888285881727 8.06028010870136 5.355797417677192
2.629888285881727 8.06028010870136 3.2274326026302407
2.629888285881727 8.06028010870136 4.2707641332810145
0.30064533696515783 7.79914483673087 3.770409175324979
2.6896371555959537 4.209392177821709 0.37882027378228855
0.30064533696515783 2.6896371555959537 0.8074828611616883
3.7595754160353114 2.6896371555959537 0.5066105971322417
4.962668437955145 5.458726626225104 3.2892625845988714
4.962668437955145 6.279186501778835 3.0179057474291984
0.6203878448857698 6.279186501778835 2.275641038293319
0.6203878448857698 5.665210681869585 3.39509334770382
0.6203878448857698 3.791516045057208 0.7562014429896405
0.6203878448857698 5.2129155049299705 0.8125054909804668
