2.6555309927248563 7.662665189637883 5.421669889668778
2.6555309927248563 7.4796453217629715 6.167740960727818
2.6555309927248563 7.4796453217629715 5.416340300415052
2.6555309927248563 6.439882657977442 4.192260879102313
2.6555309927248563 7.1098019387513585 3.993992729647232
2.6555309927248563 7.1098019387513585 5.677324157729033
2.6555309927248563 6.975011786363625 6.383707262289381
2.6555309927248563 6.975011786363625 4.490164745902929
2.6555309927248563 6.975011786363625 5.31338460845479
2.6555309927248563 7.383493623746581 4.931412616301689
6.786516992787817 5.812297323494118 2.5373654200177085
6.6511408946621415 6.786516992787817 4.586549979507459
6.263677639798448 6.786516992787817 4.170011998118586
5.862859879880801 6.6511408946621415 2.7807475803535904
1.8951885723403774 7.117764634837876 5.993924539595439
1.8951885723403774 7.003032116878623 6.232014223907611
6.375632018356576 7.772675589204944 3.719997738574672
5.065220259288324 6.375632018356576 5.963118824146932
4.6525871302533055 7.008776852523395 5.859196966704577
2.8594323027305255 7.008776852523395 4.977088894224466
2.8594323027305255 6.703968815529461 4.689206815590425
2.8763849424583054 6.703968815529461 4.716695221941194
2.8763849424583054 6.703968815529461 5.075159901747648
2.8763849424583054 6.868870910626486 5.183584728232125
2.8763849424583054 6.868870910626486 4.638677984791904
2.8763849424583054 6.868870910626486 5.100397873095119
2.8763849424583054 7.7312062965561985 6.224655749697893
2.8763849424583054 7.7312062965561985 5.570080561538457
2.8763849424583054 7.746393708681325 7.4306045607415285
2.8763849424583054 7.746393708681325 5.461886465013841
2.8763849424583054 7.746393708681325 5.86352471543148
2.8763849424583054 7.746393708681325 5.037906122332641
4.432523998352625 6.850385899476223 3.807002110008437
5.886466045836112 6.479956938236427 4.837701046839946
3.664833076919767 6.479956938236427 5.415777340853338
6.453677474027931 7.698015007132431 6.421165441569851
6.453677474027931 7.698015007132431 5.12861315542575
6.090090538014913 7.1706615191565675 6.598928326592278
5.092767440324309 7.1706615191565675 6.199837980309876
3.58214885130537 7.235380799014585 6.598839189546319
3.0134014852296542 6.631269756115486 5.863841684402653
3.0134014852296542 6.631269756115486 5.695467561003698
3.0134014852296542 6.248039542401646 5.172598235579241
3.0134014852296542 7.556877088278307 6.5286497660317515
6.109507738716253 6.626863965014888 4.24787276724955
3.5763368534824385 7.433588178748101 5.844163906222449
3.5763368534824385 7.547262882190699 6.686565364722912
3.5763368534824385 8.094345181023332 6.393335823849631
5.378700692050256 7.63804880725157 4.829696335090031
4.106961793618222 6.569318372478623 6.109967096929887
