5.581028651849994 7.656926189927301 5.6728651290024406
5.581028651849994 7.5687870601592415 4.68777679538258
5.581028651849994 7.5687870601592415 6.118850897158496
5.581028651849994 7.45871272268276 4.843902438812389
5.581028651849994 7.845961566015495 6.520235376393348
5.581028651849994 8.396510002644835 5.2573584023669495
3.8319931484513536 6.339674391601257 4.52123366376725
3.8319931484513536 6.492407512432223 5.027840382940401
3.8319931484513536 6.64602241635518 6.434891426607252
3.472253083314588 7.668752027821103 6.711819767772478
3.472253083314588 7.668752027821103 5.228027078855482
3.472253083314588 7.617884412192366 5.520304189216481
3.472253083314588 7.582440560633676 6.061360625749919
3.653292398234886 6.58870880399191 4.548044938170489
3.5736893120890376 7.024664657659919 5.245139096609848
3.4858285735140915 6.462292506864699 4.742640921155814
3.4858285735140915 6.279988980234034 7.0913058513221054
3.4858285735140915 7.602546713103818 6.236444997466802
4.41977416630602 7.279701422069298 6.050448588704621
6.1222929224370155 6.246349342564745 4.945890723924321
4.41977416630602 6.1222929224370155 5.88372337561731
3.0780808693589887 6.74693352158781 5.446123117553854
4.534115654950369 6.74693352158781 6.155272410308445
6.90108440003006 7.637078483024737 7.213314960427489
6.197071736170972 7.637078483024737 5.668075580239734
6.397634991250733 7.637078483024737 6.322406300150602
6.197071736170972 7.637078483024737 6.663831375894979
4.7060085809563965 7.399462648310113 5.674223803139025
4.7060085809563965 4.88256216710305 7.143815464624754
4.7060085809563965 8.769030513085736 7.115771188460604
2.9320177359837136 8.096358887165087 3.7255939553805684
2.9320177359837136 8.096358887165087 4.904025359985638
2.9320177359837136 6.331568481461346 4.83335504723561
5.69234619315522 6.331568481461346 5.087069132838837
5.69234619315522 6.34421978858925 5.599757223964239
5.69234619315522 6.819892418611435 5.493042014375893
5.69234619315522 7.761500750029796 5.504067507582476
5.69234619315522 7.412426933426657 4.997656671786143
5.69234619315522 6.3990000162883085 4.180075681213657
5.69234619315522 7.717961112144026 5.0268014807942345
5.69234619315522 6.4970616990790795 6.239841108363079
5.69234619315522 7.114939790282314 6.48636785095109
5.69234619315522 7.513158956180405 5.958205718673163
5.69234619315522 7.513158956180405 5.758931007777285
5.69234619315522 6.864316658222826 6.3153573793494475
4.278022528543797 6.864316658222826 5.017304270352691
3.969837398784826 6.602532772669701 4.475252309430866
3.2997880236450823 6.602532772669701 3.4973673805033987
2.7918048108106395 5.732031050402007 4.3199296616394465
2.197986085157457 5.732031050402007 3.7688295061309076
