2.0984025890175535 7.764935688501128 5.363939399730734
5.346277791186324 7.580657745684858 5.7468720930874895
5.346277791186324 7.580657745684858 6.288219934785211
5.346277791186324 7.580657745684858 7.2684365633293915
5.346277791186324 7.6861127126326245 6.6286970469508955
5.346277791186324 7.6861127126326245 6.5090889462436845
5.183100178192483 7.738593759251273 5.778154562270718
3.4523357592936184 7.497169233605867 3.6501115918464855
2.58920666274155 6.4733443180721615 3.940928881750028
3.1997135979867832 6.644446027220294 6.205747791845844
3.132466489520152 7.324904660829073 4.134807151915767
2.0198858589326467 6.150261667298384 5.82884303039642
2.0198858589326467 5.982319526783527 3.729811282969958
2.0198858589326467 5.746311151883546 5.543522100276629
2.0198858589326467 6.382444277593027 5.74380780064299
2.0198858589326467 6.670432049583972 6.337224590462479
2.0198858589326467 6.670432049583972 3.842521167711346
2.0198858589326467 6.382444277593027 4.753860856677999
2.0198858589326467 7.403228425495996 5.476839922015162
2.0198858589326467 7.403228425495996 4.158950437576993
2.0198858589326467 7.403228425495996 5.311240716955841
2.0198858589326467 7.361203295930942 4.916550200808348
2.0198858589326467 7.361203295930942 6.348716061472824
2.0198858589326467 6.35184635786543 5.8394432539711865
2.0198858589326467 6.398082237826049 4.514389133062362
2.0198858589326467 6.398082237826049 4.774919889969021
2.0198858589326467 6.937353765777777 3.9069078675380418
2.0198858589326467 6.937353765777777 5.271345962988038
2.0198858589326467 7.63220215105215 5.6992136898881895
2.00764794368266 7.63220215105215 2.7722577939568196
2.00764794368266 7.63220215105215 3.555973371748939
2.00764794368266 6.307750884088126 5.599058136371326
6.064085110770403 6.021080535692242 3.4673815614565
2.659251330801791 6.554495250517828 5.832086337874632
2.2527943405505906 6.554495250517828 5.816507718581433
2.659251330801791 6.554495250517828 3.8853814521010515
2.2527943405505906 7.42865554826502 6.393970858427067
2.659251330801791 7.42865554826502 4.242310541926708
2.659251330801791 7.42865554826502 3.4479220671144013
2.659251330801791 6.611893369193215 4.786545093536701
2.659251330801791 6.29194015225621 6.668561468392571
2.659251330801791 6.961449051105641 3.8524936748105505
2.659251330801791 6.961449051105641 5.173309953216808
2.659251330801791 7.622632924336509 4.827565907124687
2.659251330801791 6.938839247651629 5.744798702375126
5.750722904047237 6.453528129627383 3.479674937837976
3.263194468040567 6.565217892737014 4.8072876697975575
2.230850256255256 7.43635179787549 5.609706037815836
2.230850256255256 7.43635179787549 5.4474379896561205
2.230850256255256 8.545933820586088 6.929315145987979
