5.6420475997270785 7.733636993870483 5.610207701162323
5.6420475997270785 7.733636993870483 5.7528255680893485
5.6420475997270785 7.508382194895638 5.1202757546428925
5.6420475997270785 7.768284200075707 6.085615340116903
5.6420475997270785 7.768284200075707 5.096289822102545
5.6420475997270785 7.768284200075707 5.154366376199814
5.6420475997270785 5.844477597086069 4.86551099909435
5.6420475997270785 6.339450710884034 4.749469269756548
5.6420475997270785 7.4539981901804175 4.778845613065203
5.6420475997270785 7.4539981901804175 4.968361584395516
5.6420475997270785 7.4539981901804175 4.3425859388683
2.8239364579050457 7.383126428188033 6.006110099010604
2.8239364579050457 7.383126428188033 6.244530554390013
2.8239364579050457 7.383126428188033 6.505898804300459
2.8239364579050457 6.5167443021254705 5.432288333573111
2.8239364579050457 6.5167443021254705 3.760589282990618
2.8239364579050457 6.55668707342339 5.464717581662061
2.8239364579050457 6.667707294630738 5.889335165511417
2.8239364579050457 6.866639130932008 6.432343160559985
2.8239364579050457 10.890982227865099 8.017090446636052
6.302384624598165 10.890982227865099 4.41501477251727
6.302384624598165 6.3057280078775015 5.576322813089133
5.620346369499753 7.414979115575417 6.887073108107295
6.137148723346275 7.414979115575417 4.848029686766131
5.087716594435854 7.666966202725847 6.194702554456419
5.087569539507978 6.445929938048181 3.859248019116818
3.6013704669840334 5.85377672844875 5.677507540536237
3.6013704669840334 5.85377672844875 5.233929706475933
6.841328837718484 7.665673368170896 4.337255845222208
3.7490670309390848 7.665673368170896 5.328017525164801
3.3011006207425244 6.841328837718484 4.780673198201651
3.3011006207425244 6.841328837718484 5.595769526166777
3.3011006207425244 5.728780504484849 6.306490093525493
3.3011006207425244 6.913231629624217 6.537176807006092
3.3011006207425244 6.81600499272081 5.322560161919252
3.005718899597959 7.115560104880309 6.149810659195374
3.005718899597959 6.576735857418939 5.505931288782872
2.665820892211571 7.037249264511596 4.547510702625879
2.4743731461251532 7.037249264511596 3.1304250674173453
2.4743731461251532 5.6513572024779855 4.5406371923570505
3.2826152786801477 6.955633465617723 6.064251800138961
3.264531648459933 6.967463369237354 5.336821026431993
3.264531648459933 7.37398193755968 6.232988304770291
3.264531648459933 7.37398193755968 5.802340367217544
3.264531648459933 7.37398193755968 5.695736420621132
3.264531648459933 5.734904875365441 5.498107168280549
3.264531648459933 6.457597617455221 4.190169983250081
3.264531648459933 7.174067804053751 5.513656868647119
3.264531648459933 6.289697871861577 5.4915361640343
1.2090623157840423 6.660229457080337 4.660397427496713
