1.9311688782780192 7.768599778887745 5.324159399665818
5.981667252622152 6.667548137278622 3.745236626205425
5.7800557037638 6.009034189449139 5.102621634093306
4.496021812099514 6.009034189449139 4.850033999287033
2.5619241975851854 6.561937368106804 3.9725872826556894
4.53847460004528 5.299748548319034 4.109804265866055
3.4646434624303635 6.83233073694146 5.793133979295594
2.140327137169756 6.2349076402182035 4.007022150403364
2.140327137169756 6.176681604878485 5.6683166628954
2.140327137169756 6.6349009217760155 4.933023230283891
2.8900849473440826 6.6349009217760155 5.375755055360314
2.8900849473440826 6.527313544587962 4.580486162340958
2.8900849473440826 6.527313544587962 5.510439376502977
2.8900849473440826 6.95241384983977 5.921197711370618
2.8900849473440826 6.95241384983977 4.58246072018205
2.8900849473440826 7.768127147737735 4.819671095372039
2.495370139219951 7.768127147737735 4.385170855153683
2.495370139219951 7.768127147737735 5.43493909744755
2.495370139219951 7.768127147737735 6.556396662087878
2.495370139219951 7.126859933553957 4.505715814453264
7.5674940832001845 7.126859933553957 4.010129675459389
7.5674940832001845 7.126859933553957 6.001319075289976
7.5674940832001845 7.3256799661244045 6.175955260014291
7.5674940832001845 7.523448053021877 6.6128540064367645
7.5674940832001845 7.3256799661244045 6.172270429214212
7.5674940832001845 6.915663139724138 4.801410998378741
7.5674940832001845 6.6636699269734905 5.403178690767401
3.9885478938548578 6.6636699269734905 5.156188899315724
3.9885478938548578 7.383577060630131 6.42677924846752
3.4174235134610282 7.5674940832001845 4.842913731360027
5.9441256826785 7.5674940832001845 4.865350876185146
3.5831527146193562 7.666425778012403 5.2904744902811025
3.5831527146193562 7.666425778012403 5.626273531113944
3.5831527146193562 6.209711737667622 4.835291024841681
2.80592368508739 6.621683912835103 5.43886514336188
2.80592368508739 6.621683912835103 5.137519438110903
2.80592368508739 7.739634477314935 6.0157229482516446
2.80592368508739 7.739634477314935 4.562403843481132
2.80592368508739 7.739634477314935 5.782526098237494
6.072946573274049 7.640317344719374 4.928709579855448
3.726215892183728 6.6593220473167385 5.781783961825266
3.077406721295745 7.728387634024898 4.609741073914911
3.077406721295745 5.293195498945082 4.21081970749894
3.077406721295745 6.98057418856259 5.741824464108378
3.077406721295745 7.5423526252521995 5.632335372713901
3.077406721295745 6.625619437301211 4.124665758782161
3.077406721295745 7.345996554700296 6.58290467725498
3.077406721295745 7.345996554700296 5.541732583815298
3.077406721295745 6.61429032988131 5.781903876569979
3.077406721295745 6.387930644832121 5.162488058633118
