3.023950628333442 7.704560530232218 5.363334032444909
5.352474720583665 7.620902703422599 6.522446952213947
3.023950628333442 7.620902703422599 6.347682264343156
3.0068443542567 7.620902703422599 4.034312396091403
3.0068443542567 7.759744230400388 5.514850885196297
3.0068443542567 7.6583969225166815 5.2609424183511155
3.0068443542567 6.666155116265081 4.24389184029998
3.0068443542567 6.666155116265081 5.265203439319834
3.0068443542567 5.967780349027517 5.092693218559313
7.47034890597361 7.152696938704805 5.154517106986439
3.7866127118641804 7.47034890597361 6.080605538673764
2.4939453878019298 7.47034890597361 3.726924427492461
2.4939453878019298 5.8980124074088955 4.840213201395799
2.4939453878019298 7.670384298065894 5.640623061918251
2.4939453878019298 7.7460748623391975 6.433657042260978
0.34942719637862796 7.670384298065894 3.2271646095120485
5.214495877665335 6.558560115051968 3.9278998028490135
6.363388249589466 7.006786359153502 6.234167301182912
5.7273479840981345 7.605980420415648 6.6079768707917586
3.771798910300998 6.785587702285532 3.738422748572207
3.1147853622994366 6.785587702285532 4.451938135681405
4.371772031566042 5.7273479840981345 3.6043507246929716
5.02287195165292 6.940143657656474 4.942220973188885
4.15045941499427 6.961882743707616 5.6523889751172
3.9891819871289695 6.764667657940301 5.322484725319702
3.9891819871289695 6.834715606033882 6.218900165655291
3.9891819871289695 7.413931972002988 7.030363659037936
5.768027749914864 7.521052921833919 5.376818023045438
5.333104635663364 6.55181725764416 6.346304899106992
5.333104635663364 7.242764886349459 5.20308348829403
5.333104635663364 6.4905603000990375 6.034230703694104
5.333104635663364 6.197016569414885 4.757688224549009
5.333104635663364 5.83996880090476 4.6320066389375185
5.333104635663364 5.83996880090476 3.459889338577034
5.333104635663364 6.367475266965748 5.372450671218859
5.333104635663364 6.278129812627107 4.480016708537883
5.333104635663364 7.651955016182711 6.638649326778924
5.333104635663364 7.651955016182711 5.493431386895077
5.333104635663364 7.651955016182711 5.178800640815348
5.333104635663364 7.347250788294229 6.290132407356765
3.8986334464302783 6.88534726164559 4.712288386563717
6.663179805748335 7.703513882369517 5.290871284214705
4.806413328698444 7.569945296643722 6.071952449627978
3.4883067001764343 7.569945296643722 6.149912344425043
6.250226544531831 7.765891225604694 5.167054857982498
5.627621200229012 7.51635017898993 5.224242128048941
4.576455001426734 7.51635017898993 5.127650026956494
3.1029889168891462 5.905562961595734 4.60101657971337
4.199602933883295 5.905562961595734 4.851152227337266
2.772853939789869 6.451777614064831 4.494409165881342
