6.410520963924171 7.783660267604779 5.372743664263779
6.410520963924171 7.5914478975030555 6.091021716645836
6.410520963924171 7.717073701365248 5.924881790903303
6.410520963924171 7.717073701365248 2.8767368083397624
6.410520963924171 5.8108448899864555 4.811768649240807
6.410520963924171 7.391075763924354 6.008589252178397
3.7808386066271216 7.75485086561981 6.336240463254533
3.7808386066271216 7.75485086561981 6.732744488410966
3.7808386066271216 6.96740101886942 5.908158538685783
3.7808386066271216 6.96740101886942 5.7006905059916475
2.923709599789515 6.824880470984414 4.425535101528832
6.038255731507249 6.824880470984414 4.189457517601436
1.5329878826450387 6.049242328237995 2.9153035213656655
3.151761974090786 6.637109987556407 4.908558844513358
3.102272638658555 6.865874550008048 5.302882845735085
5.66953955760075 6.865874550008048 5.3438983404294245
5.66953955760075 6.790696246896811 5.49878412708253
5.66953955760075 7.6474017571317265 5.572102164798601
5.66953955760075 6.579491254352082 4.491596663544621
5.66953955760075 6.619263500246145 4.668281079703566
5.66953955760075 6.619263500246145 4.306440143970737
5.66953955760075 5.826535917346799 4.763033451473831
5.66953955760075 5.960447966153929 5.011660133434271
2.4937611676974005 6.746138190281366 4.174472670798632
2.4937611676974005 6.489691348171171 4.884696179574944
6.437787238856618 7.458402777140558 5.454379671295043
6.437787238856618 7.7229364263498805 4.71053196403297
6.437787238856618 3.770245691474415 5.713251822190622
6.437787238856618 6.366653998579636 5.209271556020769
6.437787238856618 6.366653998579636 5.667748382889149
6.437787238856618 7.280740065702091 5.133701644387993
6.437787238856618 7.280740065702091 4.900509989321226
6.437787238856618 6.439165627321689 5.865430993828237
6.437787238856618 7.697166731163572 6.7356711939314495
6.437787238856618 7.697166731163572 5.156485611938391
6.437787238856618 6.797921125485152 4.540666286395477
6.437787238856618 5.89210193811774 3.6488804796253027
6.437787238856618 5.710765030572098 4.971894870873765
6.437787238856618 7.596678423723635 6.601651085324766
6.437787238856618 7.596678423723635 5.290193768925617
6.437787238856618 7.432584950473675 5.813984460673246
6.437787238856618 7.642711224790061 6.044666129752836
6.437787238856618 7.642711224790061 5.600915498123677
6.437787238856618 6.471149899833829 6.066361450008863
6.437787238856618 6.495431567954775 5.816815157285918
6.437787238856618 6.098811456958295 5.3059570668951475
6.437787238856618 7.286355957520662 5.308511735139158
5.314649375053229 6.637247884401006 6.181522985605252
3.281908601484336 6.506243138503326 4.685206475508869
3.281908601484336 6.506243138503326 5.554160742875528
