2.9181430208777894 7.782863382261281 5.638267763306594
2.9181430208777894 7.782863382261281 4.037447083691234
2.9181430208777894 7.782863382261281 6.148314953795826
2.9181430208777894 7.751690468215218 6.287231690808385
2.7689992425898464 5.933697377919071 4.256910790019885
2.7689992425898464 6.281636180837733 5.176124036132852
2.7689992425898464 6.281636180837733 5.092762939111221
2.7689992425898464 5.933697377919071 5.266175230218365
2.7689992425898464 7.072486590464884 5.937189651767023
2.7689992425898464 7.069110086629301 5.811620853549374
2.7689992425898464 7.654883329098951 7.151926920885337
2.7689992425898464 7.751167995359243 6.91652867016815
2.7689992425898464 7.751167995359243 6.004174267486501
6.17376935686276 7.751167995359243 5.243661969235004
6.17376935686276 7.751167995359243 5.098311588125563
2.7689992425898464 7.751167995359243 4.04766864485718
2.5797703082970895 5.849070172029169 5.213353377564105
2.5797703082970895 7.640196409576973 6.4678959238344325
2.5797703082970895 7.640196409576973 5.827906193629299
2.5797703082970895 7.640196409576973 5.680228054448517
2.5797703082970895 6.638809657188467 6.193447143013146
2.5797703082970895 6.638809657188467 5.208939965723008
2.5797703082970895 6.7500568855792675 4.658913905513134
2.5797703082970895 7.243489532064878 5.366099358567665
2.5797703082970895 7.243489532064878 6.224095197204281
2.5797703082970895 7.159262209690501 5.282490478187267
2.5797703082970895 7.762053508126298 5.979726759331544
2.5797703082970895 7.762053508126298 4.980476542514507
1.7982417879297299 6.573795093442058 4.729301438616319
1.7982417879297299 6.298907646442956 3.5684586240729486
5.65062229221158 4.9426861377659925 3.2615530038055955
2.7712308498536093 4.93464771000065 5.014535449363118
2.7712308498536093 7.366708138403952 4.810391380238054
2.7712308498536093 7.450144166432409 4.949716169989468
2.7334632798029976 6.558830241267174 4.394796921755706
2.7334632798029976 6.558830241267174 5.4761273163686175
2.7334632798029976 6.558830241267174 3.982305187205991
2.7334632798029976 7.441109841865572 5.450077520244622
6.538769394548648 7.575010569118227 2.96154402666222
6.538769394548648 7.575010569118227 5.708245216511821
2.7334632798029976 6.538769394548648 4.908556264756073
5.863224504235777 6.648500144163759 5.748607385540517
6.340130398881627 7.76470863982944 5.186983045297618
6.340130398881627 7.023374988936757 6.47816148370152
3.0302616308900707 6.576959390871089 4.5031483141071105
5.54625583285204 7.118890849179852 5.654717018649039
7.78062907038081 7.343700578214488 5.653106251729977
3.8313442312524093 7.78062907038081 5.015680813266823
3.8313442312524093 7.78062907038081 6.223550705633986
3.8313442312524093 6.6423087069679205 5.885803565836418
