0.927677712922137 7.749681391101442 5.424181353797608
4.51848126655025 7.69802780525437 3.5085013094424586
4.51848126655025 6.155328085197144 5.018196973217628
4.51848126655025 5.836932385756452 5.78197659529742
3.9886681883702164 3.6754326185704405 5.731452077189143
3.6754326185704405 7.652434565201762 5.335566262011522
4.552075314382321 6.277904570325848 4.2984974288834135
6.133665321871362 6.277904570325848 5.091664684640191
2.8035390923016235 7.532970616344089 4.0306348529036065
2.8035390923016235 6.3695334195799695 5.085037420052867
2.8035390923016235 6.386029222947748 4.526794889843827
2.071583330524789 7.293787940936301 6.106325204231122
2.071583330524789 6.02046944318143 4.789958118934776
3.8205313076153904 6.395285283664503 4.9368089161222
3.8205313076153904 6.501734141493031 5.643933747745239
3.8205313076153904 6.5769212949386855 4.168591727222702
3.8205313076153904 6.824053831296657 5.3895871718793735
3.8205313076153904 6.824053831296657 5.631459869282663
3.8205313076153904 6.212011421110766 4.960139670323303
3.8205313076153904 7.043971689185312 4.738429390937036
3.8205313076153904 7.043971689185312 5.697744137223214
3.8205313076153904 7.483219663363236 5.930992082532843
3.8205313076153904 7.483219663363236 5.612628232103111
3.8205313076153904 5.996861353862709 5.457434201934625
5.446034765545846 5.996861353862709 3.4269482780092426
3.5696480734317473 5.996861353862709 4.925194939622727
5.750260684320192 5.996861353862709 4.651115055828862
3.219342363918216 6.966945409525502 4.634856371391686
2.918632608943281 6.439761302128293 4.51580091969584
2.918632608943281 5.694288369708286 5.221770507554046
2.918632608943281 6.593834152748503 6.062766962604514
2.918632608943281 6.646117359943524 5.607659393109843
2.918632608943281 7.248651105456808 5.011309046083152
3.171295226804727 7.248651105456808 5.1158660984985564
3.171295226804727 6.662752610614987 6.065140342620902
3.1536644523239166 7.61846728671842 5.1984985573705895
5.674604702607816 7.61846728671842 6.20653704940245
5.674604702607816 7.9938053151839465 4.877878175625299
5.674604702607816 7.9938053151839465 4.933206865060915
5.674604702607816 6.638014149132282 5.684986915226675
5.674604702607816 7.001527855512684 4.852224068715492
5.674604702607816 7.001527855512684 5.880810112491248
5.674604702607816 7.386228538644563 6.443174620723388
5.674604702607816 7.532510596957724 6.111829940274179
5.674604702607816 7.532510596957724 5.758735740237125
5.674604702607816 7.532510596957724 6.619179624163362
5.674604702607816 7.532510596957724 4.196881060951001
5.674604702607816 7.480940711778201 6.1080957231426325
3.374117155638278 7.192516368593479 5.945395269986031
3.374117155638278 7.544305317457969 5.765398214528709
