3.2225288157052465 7.734566746595643 5.480656324104574
3.2225288157052465 7.123971279714578 5.287257797162991
3.2225288157052465 5.694227422076235 4.593881274177955
3.2225288157052465 5.694227422076235 5.150705772853329
3.2225288157052465 7.701167376083564 6.660370237455083
3.2225288157052465 7.749752470806712 6.265792239757702
3.2225288157052465 7.2301605670323426 5.532299450940022
3.2225288157052465 7.2301605670323426 4.273449163340989
3.2225288157052465 6.633108843707316 5.550958364130748
3.071489472471758 6.340730005874509 3.6435749675729725
3.071489472471758 7.295732525807841 4.350498845824846
3.071489472471758 6.26248260301281 5.689019206103951
3.071489472471758 6.976151712892504 5.233132714087635
3.071489472471758 6.474347706754745 4.748542443790402
3.071489472471758 6.301554376152929 5.100275790202854
3.071489472471758 7.7362589551194425 5.3401422761069295
4.523045929278624 7.7362589551194425 2.723480024413229
7.586619463508002 5.312281006572228 4.624396211430941
4.010570152480028 7.586619463508002 4.741992062654302
4.010570152480028 7.649501301355768 7.002480553519949
4.010570152480028 7.649501301355768 6.039338565114825
6.270980600626768 7.649501301355768 4.050344191806761
4.699059017811557 6.447806380904897 5.511629658704575
4.171164744580079 6.815250284063056 5.490207098816137
3.782312213863858 6.815250284063056 5.623563013750278
3.782312213863858 6.815250284063056 4.934934399317482
5.685386172945318 6.354226668103067 4.793812169224565
3.93714880511649 6.354226668103067 4.777892636914614
3.93714880511649 6.60475515985193 5.620697182584023
3.93714880511649 6.60475515985193 5.428166555040247
3.93714880511649 6.60475515985193 5.94474954265063
3.93714880511649 6.297600894558009 5.307007360521002
3.5869002739158806 6.297600894558009 4.8657422233629175
2.925449814688417 6.297600894558009 3.8215188019460378
6.5850470416015945 7.655606718607784 5.642425663984157
6.5850470416015945 6.255659640829673 4.719843897311325
6.5850470416015945 6.255659640829673 4.646389813069692
6.5850470416015945 7.744290220680549 5.505041657066576
6.5850470416015945 7.744290220680549 6.560284812103297
6.5850470416015945 7.526195251426394 5.1523542957695625
6.5850470416015945 7.526195251426394 5.289896402257059
6.5850470416015945 6.3019529046671785 5.353973816534712
6.5850470416015945 6.5514310361386485 5.020565856398366
5.466404647197166 6.5850470416015945 5.329669630139103
5.381790742677335 6.550378924672717 5.856770153750518
5.381790742677335 6.86250063015402 6.082610359055857
5.381790742677335 7.653835066536592 6.841426390854681
5.381790742677335 7.653835066536592 6.376291941592854
5.278082253473496 7.751420883561073 5.205018701416367
4.405226664606541 7.52030819226456 6.121462208473646
