2.685893047840214 7.743120509860354 5.5306989628941015
2.0989677046865016 6.591465100316711 4.452245328325647
2.0989677046865016 6.365846905536959 4.4095207355227934
2.0989677046865016 6.446659252279016 5.584723186806214
2.0989677046865016 8.217962825464035 5.159013092390719
2.0989677046865016 8.217962825464035 5.5613942057651
2.0989677046865016 7.458723011268663 6.465691497053051
2.0989677046865016 7.458723011268663 5.7301527829998955
2.0989677046865016 7.449306191510194 5.7824387418822925
2.0989677046865016 7.449306191510194 4.482893390787667
2.0989677046865016 6.661467364901007 5.6956483236824225
2.0989677046865016 6.661467364901007 5.417431519999958
2.0989677046865016 6.661467364901007 5.640048198149298
2.0989677046865016 6.422107752186122 5.219841030896367
2.0989677046865016 7.693164001209306 5.041448482773103
2.0989677046865016 5.458426257495777 5.751766082479336
2.0989677046865016 6.659332914703807 4.8517308007602065
2.0989677046865016 8.292330261769933 5.924154903800591
2.0989677046865016 8.292330261769933 5.203410018439337
2.0989677046865016 6.411072435537317 5.331876950791029
2.0989677046865016 8.330868487143004 6.175622044016633
2.0989677046865016 8.330868487143004 4.78115499955998
2.0989677046865016 8.330868487143004 5.510054585131042
2.0989677046865016 7.474358984251634 5.778089000192235
2.0989677046865016 6.705206068233853 5.4052198661579265
2.0989677046865016 6.5769017047392495 4.441897564104662
2.0989677046865016 5.925164952927457 5.127815320256206
4.843164270543536 5.925164952927457 4.472678931311215
4.843164270543536 6.602270477830054 5.1559642464133875
6.4904596286170815 6.602270477830054 4.844011791657834
4.430678894008299 6.514975934360518 5.572830367378193
4.430678894008299 6.623931383976249 5.966182675390195
4.430678894008299 6.623931383976249 6.107225692610499
4.430678894008299 7.753503172122905 6.707015286330367
4.430678894008299 7.753503172122905 6.430439089233501
6.191055739115804 7.753503172122905 4.279779948544168
2.9389460766949225 7.320583597229687 5.485330281965254
4.26803064233032 7.929022844558723 6.803142729026445
4.26803064233032 7.929022844558723 4.888268328048837
3.7774175695047245 7.022952630639827 5.6301950118758155
3.2817192540172546 7.022952630639827 5.184324205083155
3.2817192540172546 5.049310213682968 5.901652842701426
3.876436320340439 8.110469643643054 5.550623030609683
3.2690182727447916 9.16205368147699 4.781451214292611
3.0293872360482053 8.436067872593114 6.401088844930472
3.0293872360482053 7.541671568832953 5.072554943010836
3.0293872360482053 7.541671568832953 5.1781293264306045
3.0293872360482053 6.590877622687621 4.885512786056835
3.0293872360482053 7.440444731900444 6.651844698228555
3.0293872360482053 7.440444731900444 5.037965234201065
