2.5866431062855644 7.768083656467516 5.434990374964216
2.5866431062855644 7.137372958291872 5.5087029176585975
2.5866431062855644 7.137372958291872 4.471541808205417
6.521521751189624 5.964307064326707 4.229181530655825
6.521521751189624 6.59280667951688 5.960192571970529
6.521521751189624 6.59280667951688 5.9259597993958355
6.521521751189624 7.515469017114215 6.526780965016387
6.521521751189624 8.107385370745385 6.984584125074121
6.521521751189624 8.107385370745385 5.437985831943844
6.521521751189624 8.107385370745385 6.378333276058753
6.521521751189624 7.508480640147338 5.271004635504109
6.521521751189624 6.615953651550054 5.277231629913931
6.521521751189624 6.532261046336245 6.286908657492771
6.521521751189624 7.5662621253786675 6.361621294168863
6.521521751189624 7.745829550520957 5.5474014276918036
6.521521751189624 7.745829550520957 4.926513173916727
6.521521751189624 7.860655894842186 6.757203360742463
6.521521751189624 7.860655894842186 5.773128660888835
6.521521751189624 5.702489256522028 4.3688198426683105
6.3490516487634565 6.521521751189624 3.9041224108725054
3.9961961368346057 6.3490516487634565 4.44608992727322
3.5577951472937994 6.3490516487634565 4.648192447079232
3.5577951472937994 7.322331384410299 5.2813199022748165
3.5577951472937994 7.322331384410299 5.348689448425232
5.70124759044398 6.717534973250849 4.767395544558007
4.285157141655034 6.1716266375240245 5.988412672194259
4.285157141655034 7.528093983542487 6.708076099943401
2.8416008131238795 7.528093983542487 5.996120083142339
2.8416008131238795 7.528093983542487 5.050475481966701
2.8416008131238795 6.578663916891593 5.320088784972844
2.8416008131238795 7.53845331185088 6.111636946591556
2.8416008131238795 7.6400692011405305 5.53764919257828
2.8416008131238795 7.6400692011405305 5.467139570152641
2.8416008131238795 6.948901202718835 5.780651600476315
2.4793180643921464 6.948901202718835 3.873782462214937
4.09079067755761 6.0507886813024605 4.811693926827322
2.7635680791148833 6.672890024083419 4.99889852269236
2.7635680791148833 6.672890024083419 4.709491623363093
2.7635680791148833 7.680003108233592 5.493231176340679
5.446344816349395 7.680003108233592 5.363048727457816
5.446344816349395 7.680003108233592 6.584161846372408
4.4202645976871615 7.6966664474257644 6.326666832109611
4.4202645976871615 7.6966664474257644 4.987181027184086
4.4202645976871615 7.6966664474257644 5.262326747080111
4.4202645976871615 5.992714313531607 5.598303109167977
4.144129024483799 6.231692442086608 5.2564964089641695
4.144129024483799 6.980649072935446 6.3308154565745705
4.144129024483799 6.145262418256081 5.2741804305224855
4.2322917915089455 6.32851415608182 5.944879667663584
3.8682666670490353 6.648805533502582 4.611950159671501
