2.594753296563621 7.642011709574234 5.17812319183869
2.594753296563621 7.053952282161632 4.654968953623835
2.594753296563621 5.777288500616844 5.130590886295524
2.594753296563621 5.435178157495326 4.740584449806642
2.1900665147265 5.038878978630677 3.6300376229030933
2.1900665147265 6.291767011070451 5.327834536652846
2.1900665147265 6.9677600819511 6.460894296976407
2.1900665147265 6.321543401788222 5.283915897463119
2.1900665147265 6.245405375840832 5.941330095630426
2.1900665147265 6.834015251856773 5.854569365684229
2.1900665147265 6.05327406896982 5.863073145061062
2.1900665147265 7.168112280014924 6.1391862836769935
2.1900665147265 6.577898897007778 6.277260662031906
2.1900665147265 7.165007741860478 6.548267394486562
2.1900665147265 5.56783016682132 4.993439969954521
2.1900665147265 4.829780932007846 4.178659505292435
2.1900665147265 6.074647155434999 5.23695598869413
2.1900665147265 7.603085982864835 5.745779500516511
2.1900665147265 6.655937275519694 4.615096064702131
2.1900665147265 2.917783373945586 2.828352133201336
2.1900665147265 5.069033713140673 3.9039773027988782
2.1900665147265 7.758726627947173 5.393751046625809
2.1900665147265 7.654500960539401 6.359476905391632
2.1900665147265 5.645648541349072 5.042599079318456
2.1900665147265 7.64023479819673 5.873302982753486
2.1900665147265 5.809162864251931 5.262026448383186
2.1900665147265 4.693512166871141 4.427040819439418
0.5158371562180233 4.486904064463378 2.5657640472064105
0.5158371562180233 4.587898243836516 4.109020935317327
0.5158371562180233 6.233564945988512 4.708078266585292
0.5158371562180233 5.660211008521802 4.850063778682199
0.5158371562180233 6.011791564022765 5.611649731033184
0.5158371562180233 8.1894503593706 5.299450659012814
0.5158371562180233 10.812790592852545 7.993571717850528
0.5158371562180233 13.056142272222594 9.566816628660503
0.5158371562180233 5.905009317259445 3.210423236738734
0.5158371562180233 6.133287076498032 5.393718709950338
0.5158371562180233 6.701449324014579 6.4183628513021675
0.5158371562180233 5.7603422310075665 5.285243677670825
0.5158371562180233 6.0233841137961335 4.4449444814983305
0.5158371562180233 4.320051483185072 2.471451511171576
0.5158371562180233 6.579786162290507 5.520364328344959
0.5158371562180233 5.693587600567412 5.140818357177234
0.5158371562180233 7.169092571070308 6.056764411273928
0.5158371562180233 4.535590119916996 4.331924252300403
0.5158371562180233 5.807685149797226 4.968105019719449
0.5158371562180233 8.284814065025063 6.9552820455321545
0.5158371562180233 2.8002836421656565 2.5050534467006336
0.5158371562180233 7.5879896816157135 4.914857764047385
0.5158371562180233 6.3511962130214705 4.143936171711007
