2.04933958266415 7.757149768924457 5.440714527746788
2.04933958266415 5.668983914996087 5.016803844180595
2.04933958266415 4.5639183758121575 4.321376400555147
2.04933958266415 4.649942092390564 3.6333255725861244
2.04933958266415 4.92424290209518 4.33822176913873
2.04933958266415 5.43363651223919 4.241736178959763
2.04933958266415 5.5989586654502155 4.763490128965174
2.04933958266415 4.015929623637994 3.224872961116768
2.04933958266415 6.485017407125483 5.032802458564932
2.04933958266415 4.9900608390484145 4.531511837049807
2.04933958266415 6.00052634937126 5.343324872413408
2.04933958266415 6.66169428149616 6.206847444267944
2.04933958266415 6.547651175978697 6.350180963579309
2.04933958266415 6.533708247707189 6.248451347888174
2.04933958266415 7.871529731021752 7.110456463945486
2.04933958266415 6.607235008574083 6.247970277570602
2.04933958266415 6.607235008574083 6.300207348508353
2.04933958266415 8.032428683922197 7.0328640296746805
1.9839167185643345 4.40948523152413 3.1059261423957714
1.9839167185643345 6.956472244368303 6.201544166366753
0.9159942866121082 7.105478166859408 3.8137530941090247
0.9159942866121082 6.225280279428702 5.933686250469126
0.9159942866121082 7.133488033791792 6.8574079201805
0.9159942866121082 4.813836463393116 3.040158864788175
0.9159942866121082 4.692057597683515 3.635052447346488
0.9159942866121082 3.593483593472279 3.3000818028081134
0.41145691681645546 2.4876569490497507 1.468962216386782
0.41145691681645546 3.878414311218631 3.6034888156387903
0.41145691681645546 4.666758649467617 3.970085735345092
0.41145691681645546 6.228315618061707 4.715550978661986
0.41145691681645546 6.073872779155149 4.488704253692631
0.41145691681645546 6.665020100977102 5.577946691109523
0.41145691681645546 5.81154469195738 4.436599138981212
0.41145691681645546 5.5511709365875355 4.255962449691128
0.41145691681645546 3.239401219465503 2.9978726597239547
0.41145691681645546 6.456961347153914 4.7462966243932225
0.41145691681645546 5.682418574314717 4.342401567862509
0.41145691681645546 2.761759098707938 1.4962117699971398
0.41145691681645546 4.901203158128169 2.483647489729554
0.41145691681645546 5.6710465786248925 4.813506572118503
0.41145691681645546 7.048872513507732 5.82080073146893
0.41145691681645546 5.09052670861762 3.99796056969291
0.41145691681645546 4.909917607601102 4.248139653483715
0.41145691681645546 5.651436552245997 5.048294511934977
0.41145691681645546 6.115371165538914 5.34551896198189
0.41145691681645546 6.808401711266008 6.263027875996583
0.41145691681645546 6.209726717223269 5.762505422624164
0.41145691681645546 6.095757358572879 4.712092156698303
0.41145691681645546 7.234548018330333 6.402726107624151
0.41145691681645546 5.555789755728895 3.0150259743725534
