2.974482538312778 7.690024310363439 4.992257059339168
2.974482538312778 6.0445786662226695 5.695901541712129
2.974482538312778 6.2662708204302895 5.18368660113307
2.974482538312778 6.641958020918288 5.589185050153792
2.974482538312778 4.471968249170086 4.163709646054899
2.974482538312778 6.4742623533459565 5.0803783535613345
2.974482538312778 7.88440294074525 5.968316958501406
2.974482538312778 6.198937070024641 5.161995308227208
2.974482538312778 6.583635151789267 5.301665731968429
2.974482538312778 8.338692593820014 5.858408870538686
1.9093450303145443 3.790756689988687 2.8910176873823183
1.9093450303145443 6.61769304050177 5.25066530966836
1.9093450303145443 6.662346684011265 5.3054622272568315
1.9093450303145443 6.257405706318941 5.310687359245986
1.9093450303145443 5.914708464693387 5.657635526528432
1.9093450303145443 7.442985207349702 6.180988341405803
1.9093450303145443 6.1660015434488 4.643448262641825
1.9093450303145443 7.718032543213095 5.523989587340088
1.9093450303145443 5.0786867370824 4.141610659703487
1.9093450303145443 7.4901115007216 6.855937534037461
1.9093450303145443 7.3415285356487985 6.649240498874485
1.9093450303145443 6.374812731741269 4.689638666858432
1.9093450303145443 6.5997026212391425 6.154007729157919
1.9093450303145443 6.56253130861262 5.164569568614453
1.9093450303145443 6.267092209028821 4.902730705935314
1.9093450303145443 7.124658155846774 5.659530487477109
1.9093450303145443 6.341928814607176 5.358668633258092
0.31583607916934087 3.6835058072733102 1.931433990261374
0.31583607916934087 6.1046190230362605 4.301657361601371
0.31583607916934087 6.0487579206166835 4.048010402398795
0.31583607916934087 6.953729917391485 6.281331114618767
0.31583607916934087 4.014570888077827 2.2685643629976107
0.31583607916934087 6.1941542924405795 4.296981222345992
0.31583607916934087 6.728170659072791 4.188835153634743
0.31583607916934087 2.6584131952862085 1.4871246372277749
0.31583607916934087 3.2680718125127624 1.7919539458410525
0.31583607916934087 4.971885457915331 2.6438607685423374
0.31583607916934087 6.5325708325262575 4.541385357905254
0.31583607916934087 5.465487344037527 4.257110787682327
0.31583607916934087 5.690164667756495 3.966317025378082
0.31583607916934087 6.596663543361309 5.524924402991207
0.31583607916934087 6.029793575685748 4.992557419255734
0.31583607916934087 6.353445700887775 5.03987770834179
0.31583607916934087 4.947194826704347 3.7178963816808164
0.31583607916934087 4.9605916180018745 3.089205692230001
0.31583607916934087 4.6478869839022 3.8042762094552005
0.31583607916934087 6.208860355280393 3.575096007908818
0.31583607916934087 4.509510699688672 3.788020396234909
0.31583607916934087 5.298946414885098 4.73946487972198
0.31583607916934087 4.518007474091188 3.440574196860944
