4.196693284757256 7.701983664009186 6.024179125894258
4.196693284757256 7.02065806052277 6.607579199237143
4.196693284757256 7.02065806052277 6.294335357085332
3.595958849827522 6.434779045769179 4.929288726220969
3.595958849827522 6.2807570495629506 5.97238518557443
3.595958849827522 6.7260750270498235 6.383026954567067
3.595958849827522 6.620199985924639 6.049732377960273
2.914012209356685 4.557396833541734 3.6987261374602003
2.914012209356685 4.200270590295155 4.073120942546123
2.5899471506952136 6.244669981562705 4.429772606846708
2.5899471506952136 7.089582372443797 5.2447013492773555
2.5899471506952136 4.053093005112149 3.726456665611529
2.5899471506952136 6.2315255403674215 5.912499352000828
2.5899471506952136 6.2515367038985055 5.084401935068902
2.5899471506952136 6.722811038579305 5.510697189932931
2.5899471506952136 4.820402097277462 4.232942879426374
2.5899471506952136 5.577422702655188 5.0363487054112905
2.5899471506952136 6.656675107155252 5.003048321603104
2.5899471506952136 5.8269690555596725 4.596850744586609
2.5899471506952136 6.106605092841466 5.831530999502636
1.7116086825790835 6.092148015796155 3.767178315914506
1.7116086825790835 6.338427868575646 5.732190812434414
1.7116086825790835 7.084590033459312 5.322732845380732
1.7116086825790835 9.039951262111966 6.540014915050654
1.7116086825790835 7.750394821545436 6.695053428348536
1.7116086825790835 7.750394821545436 7.471101815421859
1.7116086825790835 7.7644008892751355 7.007819669274918
1.7116086825790835 7.429113901341395 5.852661463598903
1.7116086825790835 5.697784781070901 4.3376825734974025
1.7116086825790835 6.243050711241157 5.423113921568346
1.7116086825790835 4.969207007689743 4.835186058390773
1.7116086825790835 5.572752181857979 5.4040187681655185
1.7116086825790835 5.276316315768241 4.011041501254986
1.7116086825790835 5.787329371706104 4.246893680918615
1.7116086825790835 5.761276943406646 5.001248898569913
1.7116086825790835 6.322194933109849 5.636416151148785
1.7116086825790835 6.358104306485263 5.230899989654294
1.7116086825790835 5.225796404930932 5.089783494985017
1.7116086825790835 6.636247746858487 6.2236451952574185
1.7116086825790835 6.474198842982272 6.142620743319312
1.7116086825790835 5.20053313861526 4.504982588108446
1.7116086825790835 7.328544569881291 4.8198555335949305
1.7116086825790835 5.601028859826819 4.594741949047208
1.7116086825790835 5.036518329631711 4.5336227564173
1.7116086825790835 4.019283428550171 3.826768913988393
1.7116086825790835 4.019283428550171 3.6153955906636983
1.7116086825790835 6.387274972950959 4.790597193861016
1.7116086825790835 3.8531088337744035 3.4951048099182285
1.7116086825790835 3.2558917946856316 3.196496290373843
1.7116086825790835 5.477657334407969 4.877800522286908
