3.517068263652654 7.347824427716709 5.458818610703917
3.517068263652654 6.539958797603919 6.039003873088727
3.517068263652654 6.388761053389032 5.116477037557488
3.517068263652654 6.057991693277231 5.742229815280071
3.517068263652654 4.569058431353724 4.075821627248931
3.517068263652654 4.569058431353724 4.456184963430652
3.517068263652654 4.417471792413462 4.3459325781397435
3.517068263652654 6.016466739149148 5.875590159860423
3.517068263652654 6.960864942814716 6.6256805030073105
3.517068263652654 6.617775540604654 6.378019982677956
3.517068263652654 4.8770565508928705 4.309494885350801
3.517068263652654 4.30908657968946 3.9927496160311944
3.2241151114072903 5.337132581578675 4.291891275425496
3.2241151114072903 5.766186705909007 4.397378924254236
3.2241151114072903 5.048430091828898 4.690012977464703
3.2241151114072903 6.532005145271054 5.311244599396432
3.2241151114072903 6.899456957451386 6.519783365554472
3.2241151114072903 7.183814108309036 6.343645703858501
3.2241151114072903 5.8205300562780735 5.250888592979881
3.2241151114072903 4.567210019718626 4.134406894134616
3.2241151114072903 6.6228623685209485 6.060707900171376
3.2241151114072903 5.478506712432569 4.731323098400375
3.2241151114072903 6.646219178181433 5.365985196256497
3.2241151114072903 6.46289528849956 5.185656287354369
3.2241151114072903 4.8088796082780725 4.422264434944454
3.2241151114072903 5.747863790058055 5.07906944547329
3.2241151114072903 5.860586971899924 5.707158124107806
3.2241151114072903 7.400743778992361 5.44520662317175
3.2241151114072903 6.493129338248934 4.981941832820896
3.2241151114072903 7.303006849790776 6.764527737974366
3.2241151114072903 7.303006849790776 6.653087712473411
2.932516784977516 4.618096955672609 3.721692184007167
1.4965894916694258 5.796521910819106 3.536401657942667
1.4965894916694258 3.1870245406448174 2.2767902835042224
1.4965894916694258 4.910541276210896 3.9289026350208363
1.4965894916694258 6.512234346142893 6.070026344383894
1.4965894916694258 6.119446237737517 5.521229937966016
1.4965894916694258 3.430820852468671 3.173975852547299
1.4965894916694258 4.542968828447123 3.973479378829625
1.4965894916694258 6.698286631515728 5.503459293951513
1.4965894916694258 4.542968828447123 3.7832960909849738
1.4965894916694258 3.10629428568117 2.8387929960155107
1.4965894916694258 2.8620103537880834 2.6790835307543666
1.4965894916694258 6.4093948705891854 4.664050303923722
1.4965894916694258 3.545217527025788 3.342122299202155
1.4965894916694258 6.660739765637121 4.367807151895328
1.4965894916694258 7.137938634741177 6.2884334991718935
1.4965894916694258 6.590744158504261 5.532727793754048
1.4965894916694258 7.709407144199474 6.91112112625456
1.4965894916694258 6.4967989281918435 5.870002960787842
