2.0136691150069876 7.097488663912168 5.065529832811007
2.0136691150069876 6.4564972188364 4.6578253876555715
2.0136691150069876 6.312518756356226 5.2383240887506455
2.0136691150069876 7.8698008331920235 7.63140509150902
2.0136691150069876 8.479319570257262 8.178238350238017
2.0136691150069876 4.661609108390984 4.416311239940861
2.0136691150069876 6.615749423634988 5.378786943106712
2.0136691150069876 5.094530516332675 4.526462477228112
2.0136691150069876 6.6624379294009515 5.6996854223132
2.0136691150069876 8.575105837772066 7.347905587133645
2.0136691150069876 6.190364574671278 4.5948557339630645
2.0136691150069876 7.1892004600133355 5.830888150190049
2.0136691150069876 4.997909936209226 4.279420893424106
2.0136691150069876 4.550336556210137 4.072848564193758
2.0136691150069876 4.541971511022986 4.433073835043841
2.0136691150069876 6.552366473836663 4.732063877279682
2.0136691150069876 6.393760973871142 5.259416187242944
2.0136691150069876 6.338959589559309 4.418381681298868
2.0136691150069876 6.322403485980221 5.116656516789975
2.0136691150069876 4.452664671701417 4.167031272930613
2.0136691150069876 6.260964489781649 5.278576672957863
2.0136691150069876 4.914208709586205 4.382177449709116
2.0136691150069876 4.9703612398628785 4.7343711047885755
2.0136691150069876 6.3258648563010915 6.010539725732381
2.0136691150069876 4.011688279099555 3.589502638476434
2.0136691150069876 7.202057933976381 6.143663042012329
2.0136691150069876 7.291435921381527 7.0300151752809805
2.0136691150069876 8.344995218378976 6.865662216750524
2.0136691150069876 6.7862040582504175 5.356838588886676
2.0136691150069876 6.791969898766876 6.544551837362376
2.0136691150069876 6.3999913321683195 5.4034884944168295
2.0136691150069876 6.571303843005072 5.817180734773749
2.0136691150069876 9.794617885774187 6.483980027029586
2.0136691150069876 5.633486283776872 5.266956555445721
2.0136691150069876 10.354501111520568 7.900470034151398
2.0136691150069876 4.231041003662046 3.7099683707296305
2.0136691150069876 4.495785677378709 3.8223823182867753
2.0136691150069876 4.541142367030925 4.395584646397139
2.0136691150069876 6.259018407176821 5.2367977220204205
2.0136691150069876 6.259018407176821 5.12635929308732
2.0136691150069876 5.659021763364336 5.410291218154979
2.0136691150069876 7.673776538057213 5.7332409893696195
2.0136691150069876 6.935378393366161 6.101898321612536
2.0136691150069876 6.441754049999215 5.904638731548101
2.0136691150069876 7.761820682971766 6.525440969171062
2.0136691150069876 6.468868891160966 6.172230927526036
2.0136691150069876 8.053763686579389 5.936451057068997
2.0136691150069876 8.659921173736723 7.152680257325762
2.0136691150069876 9.226577929340959 7.462067950851802
2.0136691150069876 6.3576592986102405 6.120300153293045
