3.9291858216954556 7.693758878867657 5.844017515960227
3.9291858216954556 8.47647135279364 6.908695415726641
3.9291858216954556 4.984309557842042 4.8053282460194175
3.9291858216954556 7.639081607713969 6.0535151626676935
3.9291858216954556 4.512845625615249 4.439900562690524
3.9291858216954556 6.559056086224288 5.494098714244585
3.9291858216954556 6.7382000061765766 5.520296586077851
3.9291858216954556 6.7382000061765766 5.590694032440563
2.953238741559382 3.9291858216954556 3.3147870168907447
2.953238741559382 6.52116548093937 5.929327236135664
2.953238741559382 4.999821532067056 4.703688892719682
2.953238741559382 6.321325155556067 5.3150112294598735
2.953238741559382 5.342186359127034 4.704778913467445
1.3042937193617807 3.0476138691352728 2.2393747566407427
1.3042937193617807 5.227199975468466 3.114865837564866
1.3042937193617807 5.5547331113277565 5.159907015812427
1.3042937193617807 5.113485972399705 3.707539402562936
1.3042937193617807 5.6236732101795575 4.774346475119957
1.3042937193617807 5.376666913365071 5.174455748610584
0.29946197793094287 5.592061480421897 2.984409103846837
0.29946197793094287 4.592470731724195 3.513013815458962
0.29946197793094287 7.7762952658088125 5.6905301822585335
0.29946197793094287 5.640706438477878 5.392339472204175
0.29946197793094287 8.974649068789944 5.292936179654929
0.29946197793094287 5.675584597604054 4.043164932088542
0.29946197793094287 6.5831990859920495 4.7889716579475285
0.29946197793094287 3.9758794404443916 3.7834420193499314
0.29946197793094287 4.537616250200649 4.089329868955242
0.29946197793094287 6.998450258539448 5.22784200638604
0.21215319284488432 4.5023456566575994 2.3606074549468605
0.21215319284488432 6.311789524667272 4.855566770057672
0.21215319284488432 8.46947453132405 5.752816075505928
0.21215319284488432 8.215549276518106 6.901043760267789
0.21215319284488432 7.513538443327185 6.506531153523081
0.21215319284488432 10.3647285544194 7.043810714173697
0.21215319284488432 5.318270442720305 4.736712470754602
0.21215319284488432 6.088005036975449 4.724734857957968
0.21215319284488432 3.4561995808240735 3.2360543676249716
0.21215319284488432 2.8424983041643768 2.194436508180269
0.21215319284488432 3.28563652535814 3.1253833895039094
0.21215319284488432 2.77408869371109 1.9173897081554983
0.21215319284488432 5.264106603265297 3.963864296118227
0.21215319284488432 2.704466022246326 1.3624514217993964
0.21215319284488432 3.2629349510726837 2.9370960244010074
0.21215319284488432 5.348305429682529 4.071728845504506
0.21215319284488432 2.0399612838924424 1.8271204851864669
0.21215319284488432 6.653437872771114 3.192577168326786
0.21215319284488432 5.913960291070207 5.437572750011087
0.21215319284488432 1.7562569154800198 0.9842050541624517
0.21215319284488432 5.9597676632502505 5.2981029717290475
