2.7891086914788557 7.650137429218045 5.865863204146153
2.7891086914788557 7.7219010783695925 6.909245736429589
2.7891086914788557 7.4525168468718945 5.750629206004628
2.7891086914788557 6.266058075532904 5.003774221462338
2.7891086914788557 6.077875998953015 4.9422187426644175
2.7891086914788557 6.547268359987999 5.644906653581669
2.7891086914788557 6.547268359987999 6.402723757353032
2.7891086914788557 6.735180591173247 6.41489811613396
2.7891086914788557 5.368984753032496 5.0950142396015545
2.7891086914788557 7.87104253070634 6.290142323749706
2.7891086914788557 5.5507926867321515 5.142326990088857
2.7891086914788557 6.2162687081867745 4.9077373346474396
2.7891086914788557 8.801147577497044 6.983005472685127
2.7891086914788557 8.801147577497044 7.935559421669622
2.7891086914788557 8.344695419258601 7.836859996705096
2.7891086914788557 7.707350897707656 6.71609583011943
2.7891086914788557 6.418926690435754 5.410706773697658
2.7891086914788557 5.143680618171775 4.681282917215512
2.7891086914788557 6.345338170136429 5.897404272960392
2.7891086914788557 6.570345878693008 5.51052323036317
2.7891086914788557 4.508032374463717 4.427435122287902
2.7891086914788557 4.479062768803232 4.413635891731557
2.7891086914788557 6.663540754496921 5.4178544506051525
2.7891086914788557 6.574415352082539 5.661622914957983
2.7891086914788557 6.689301579256973 5.986824092873515
2.7891086914788557 6.657900054354506 5.338600720547036
2.7891086914788557 6.651126440021386 5.335213913380473
2.7891086914788557 6.396633509089835 5.107497698989527
2.7891086914788557 6.539104517004247 4.792195913072644
2.7891086914788557 7.601115217332737 6.772483143691638
2.7891086914788557 5.325776160033232 4.795282928532038
2.7891086914788557 5.189969103889695 4.797801476042566
2.7891086914788557 6.521313524583853 6.274901042971389
2.7891086914788557 6.594907403992416 6.126311227074451
2.7891086914788557 6.095871313196611 5.967876540409663
2.7891086914788557 6.54076141619819 5.852689498859349
2.7891086914788557 7.408852570419201 6.453021413143476
0.38830269927130745 5.0785239108678475 2.6453588735546156
0.38830269927130745 4.5200347387992466 2.454168719035277
0.38830269927130745 1.4531226855875308 0.8797580775711025
0.38830269927130745 2.7494227661645003 1.4780504224527808
0.38830269927130745 6.223995584180514 4.567047841786704
0.38830269927130745 4.301824970773733 3.9344109705454082
0.38830269927130745 4.5684358705764865 4.039387662331185
0.38830269927130745 6.5543779360175485 6.246237938779908
0.38830269927130745 7.110798546679824 6.177195174766812
0.38830269927130745 5.507778570799747 4.6893059773709345
0.38830269927130745 6.852518515148251 4.917852696588425
0.38830269927130745 6.638575948646796 6.091885772916326
0.38830269927130745 8.20430602720097 6.923885572197411
