3.372626389194757 7.000460773938045 5.742594548483007
3.372626389194757 5.2400164517193915 4.639059489112679
3.372626389194757 5.740947704966185 4.837105134186677
3.372626389194757 5.885310408961558 5.722039775588048
3.372626389194757 6.010604657032779 5.276958081473767
3.372626389194757 6.623286969014519 5.471634710889403
3.372626389194757 7.459796684163491 7.021674872280351
3.372626389194757 7.767587621934444 6.9449284132046865
2.7216492342073093 5.610344626673349 4.07993084438346
2.7216492342073093 6.054109079084281 5.24232395886157
2.7216492342073093 6.2053437510126805 5.564467052290478
2.7216492342073093 6.325846846255814 4.739012596054111
2.7216492342073093 3.188055771822832 3.1701170588376195
2.7216492342073093 5.559181224744261 4.908814336487629
2.7216492342073093 6.5722604866222945 6.307478771375229
2.7216492342073093 6.522330903736101 6.145258763938418
2.7216492342073093 6.539162115075769 6.38456644519329
2.7216492342073093 5.852461014641982 4.971961881383755
2.7216492342073093 7.1241786891450705 5.650517112816699
2.7216492342073093 6.089150803301003 5.147210469081685
2.7216492342073093 5.931504793354858 5.006749018591771
2.7216492342073093 4.328905209916957 4.258077912210159
2.7216492342073093 6.217571649923734 5.202229107867749
2.7216492342073093 6.071977023703198 4.937988414311925
2.7216492342073093 5.013574416754587 4.550930091814896
2.7216492342073093 4.264587703994227 4.1296240649918925
2.7216492342073093 5.789778342049068 4.5250870083329096
2.7216492342073093 5.8169843822091 5.0593510753449085
2.7216492342073093 7.774350198071382 5.939804830195432
2.7216492342073093 3.754683065114048 3.5933573095242743
2.7216492342073093 5.626952613539242 4.979883929270193
2.7216492342073093 6.511168709630997 5.463170919362411
2.7216492342073093 5.433114256145597 5.139575236766693
2.7216492342073093 6.2928570251411 5.919281085424843
2.7216492342073093 5.998956177381849 5.723415959354811
2.7216492342073093 7.718119814278387 5.887588529407016
2.7216492342073093 6.058856304552677 4.533234764434932
2.7216492342073093 4.690784220569974 4.241351705738927
2.7216492342073093 5.28915923875774 4.678204935997986
2.7216492342073093 6.4389839795409 5.735386748603305
2.7216492342073093 7.035375612951068 6.427689542047887
2.7216492342073093 6.646600769545088 5.863189399706505
2.7216492342073093 6.003059064617602 4.548496873444627
2.6199196808957876 4.405110830215232 3.44776673263213
2.6199196808957876 6.184104673103658 5.576408152286685
2.6199196808957876 5.74032997628667 4.509356571747426
2.6199196808957876 7.041822239615202 5.506177489775933
2.6199196808957876 5.908746157717747 4.898469114163182
2.6199196808957876 3.691738065833331 3.5214974798348546
2.6199196808957876 6.123920980602119 4.732462342027246
