3.3974021561313923 7.669195370546454 5.214856424309358
3.3974021561313923 5.660516672897007 5.550894274673969
2.7661558177373853 4.440436754701139 3.6275749915421085
2.7661558177373853 5.902293896185075 5.078967487634118
2.7661558177373853 6.657836862656811 6.313598167141949
2.7661558177373853 4.970276627193357 4.827102603238812
2.7661558177373853 6.419992484357795 5.973734054844657
2.7661558177373853 6.692086317370542 6.350171382919616
2.7661558177373853 7.578354799268279 6.246969391434771
2.7661558177373853 7.578354799268279 5.968639107498164
2.7661558177373853 6.229257531427141 5.620859449947696
2.7661558177373853 6.63585052079236 5.768917597588132
2.7661558177373853 4.884588146912119 4.4427902136318025
2.7661558177373853 5.987088716672925 5.219311460129036
2.7661558177373853 6.9739945041143 6.356659575819171
2.7661558177373853 7.546911040583147 6.917191407952895
2.7661558177373853 7.447874857550495 7.098321937035787
2.7661558177373853 7.623527922718479 7.309427808289419
2.7661558177373853 8.136384706783643 6.074297603847499
2.7661558177373853 7.575563457169441 6.946996372931019
2.7661558177373853 6.259714998005467 5.842197107687062
2.7661558177373853 6.59808837854867 5.843490976147501
2.7661558177373853 5.892601903485534 5.004194489984185
2.7661558177373853 8.791266953756018 7.427179108863212
2.7661558177373853 6.511169317161269 5.095257364081093
2.7661558177373853 8.445279701249149 6.762996782055288
2.7661558177373853 6.635650285078597 6.323814338913618
2.7661558177373853 6.6238503853962065 6.245230556060798
2.7661558177373853 6.163356462699145 6.032694899431383
2.7661558177373853 7.04796390033345 5.82131795858672
2.7661558177373853 8.057451308033231 6.312975732641028
1.8902504012209715 6.500541464764101 4.051765715799201
1.8902504012209715 5.133199260908842 4.762543652714178
1.8902504012209715 4.575957706009014 3.85791479247823
1.8902504012209715 6.898524336195628 4.904800324474008
1.8902504012209715 6.1832328787215225 5.0413983369047894
1.8902504012209715 7.178718599049059 6.326477777336786
1.8902504012209715 6.2804688359411 5.857831113701407
1.8902504012209715 5.772902501824806 4.926033118863596
1.8902504012209715 6.111832337778356 4.219365927108755
1.8902504012209715 3.864796666920548 3.2675781565236477
1.8902504012209715 3.300757437759455 3.2142991649969797
1.8902504012209715 4.778942352389642 3.991641140946027
1.8902504012209715 6.345754051821572 4.819755048571529
1.8902504012209715 6.71855978449722 4.7505551815113884
1.8902504012209715 6.263750001922553 4.830384671463038
1.8902504012209715 3.7334423872113374 3.662550387750171
1.8902504012209715 6.589489423931926 5.336620271001779
1.8902504012209715 4.508182299559522 4.2275216285159445
1.8902504012209715 6.481261110085072 4.766407171796071
