4.068135719044289 7.672550259903801 5.745155553236497
4.068135719044289 5.362239536363859 5.299352658438486
4.068135719044289 7.456376464400863 6.361524754496803
4.068135719044289 7.33944521055756 5.954538861256257
3.115034743106453 4.068135719044289 3.41876253122917
2.913200907450165 5.790035250844856 4.248733444234494
2.913200907450165 5.37568230732812 5.196833832861122
2.6907218705578697 9.032019720473704 5.626031610399496
2.6907218705578697 4.434372193652365 3.629546648347985
2.6907218705578697 7.643289400741708 7.399030204704747
2.6907218705578697 7.640485819621622 6.218611891559645
2.6907218705578697 11.641917205635494 8.525829099042019
2.6907218705578697 6.187495921656193 5.693723977882545
2.6907218705578697 7.654487330715176 5.418511193163221
2.6907218705578697 9.283032726008994 6.859221486931393
2.6907218705578697 6.65323368936253 5.464613016938902
2.6907218705578697 6.500427988725107 5.368788765334047
2.6907218705578697 5.5929841316868405 5.395720183538884
2.6907218705578697 7.008032175479281 6.041682740960017
2.6907218705578697 7.653752921017764 6.395704643018361
2.6907218705578697 8.55786319325459 5.900610359662148
2.6907218705578697 5.0331046722130495 4.415378472946741
2.6907218705578697 6.22259339258742 5.218121313584086
2.6907218705578697 6.425116167575066 5.5707671630287585
2.6907218705578697 6.081199461282107 5.453479460240819
2.6907218705578697 6.081199461282107 5.205793024940446
2.6907218705578697 5.390531039376992 4.860458813987888
2.6907218705578697 7.044189374955906 6.29027222896457
2.6907218705578697 8.578890354841377 7.099082333878477
2.6907218705578697 6.315922584432634 5.965945069471092
2.6907218705578697 6.052022472720317 5.844145017911566
2.6907218705578697 4.422056285473126 4.049597078393185
2.6907218705578697 7.642125963054605 5.706246018681834
2.6907218705578697 7.63063148980031 6.891239596259505
2.6907218705578697 9.186461077815615 8.454451670305565
2.6907218705578697 5.569446386389355 4.858483047385399
2.6907218705578697 6.22554511349351 5.2507615468710505
2.6907218705578697 6.22554511349351 6.005908303309094
2.6907218705578697 6.424999731530619 6.1120726946408395
2.6907218705578697 7.382725675466865 6.5909356666089645
2.6907218705578697 7.584894912887949 5.474368507729044
2.6907218705578697 7.402202336529353 6.820354022158623
2.6907218705578697 7.669326833463533 5.3051051410257735
2.6907218705578697 6.600785955972249 5.381088936325042
2.6907218705578697 4.733467391540664 4.534571310066522
2.6907218705578697 6.578402745496138 5.376052522798073
2.6907218705578697 6.632960198153029 5.078786095153276
2.6907218705578697 4.286755714543062 4.208959662735433
2.6907218705578697 5.334537231071522 4.692551131902414
2.6907218705578697 6.578602177446225 5.492812395738657
