3.1252562224692224 7.773839601924388 5.263994665741574
3.1252562224692224 6.63257529567435 5.37390000600432
3.0842201088549293 6.446186184836815 4.766781458907962
3.0842201088549293 6.122088259177676 5.935259894545954
3.0842201088549293 5.970449148335842 4.693505868918324
3.0842201088549293 4.719361360269918 4.11608073596482
3.0842201088549293 7.511222619161833 6.366551788168544
3.0842201088549293 4.304487360473978 3.9616193510929207
3.0842201088549293 5.2030631061845085 4.6722812718934925
3.0842201088549293 5.707451522174129 5.017651333237537
3.0842201088549293 4.431487063921445 4.19568055141245
3.0842201088549293 3.331120148850815 3.2349046935725805
3.0842201088549293 6.611512357434549 5.07049579126953
3.0842201088549293 4.231110540708137 3.7940383884171345
2.7513347670016874 6.6310801988420245 4.5547897871531235
1.019427404664413 2.7513347670016874 1.8327529561289966
1.019427404664413 3.260666535391547 2.0538454650000135
0.09275118167852314 1.019427404664413 0.3707133330770048
0.09275118167852314 3.251787743497815 1.6722694625881689
0.09275118167852314 3.755682602469943 1.9242168920742333
0.09275118167852314 2.6068834935612526 1.3498173376198879
0.09275118167852314 6.156563675852222 5.349642589581206
0.09275118167852314 0.09275118167852314 0.09275118167852314
0.09275118167852314 5.054659642049479 2.5737054118640006
0.09275118167852314 0.09275118167852314 0.09275118167852314
0.09275118167852314 3.257984717813749 1.5536281983563194
0.09275118167852314 5.314115527402723 4.071385145841491
0.09275118167852314 5.5606549519177655 4.8138710480740325
0.09275118167852314 3.8969283494448175 2.6858468098016735
0.09275118167852314 4.906177665987926 3.7202237808207212
0.09275118167852314 3.8152524280603974 2.19863848985576
0.09275118167852314 3.367675858438304 1.908330965373194
0.09275118167852314 6.0653525126673955 3.206172878692018
0.09275118167852314 2.9863477255072657 2.873501243282959
0.09275118167852314 5.246503000675901 4.754288227315281
0.09275118167852314 9.332675030936464 7.2116709641844245
0.09275118167852314 5.907129033187029 5.547019746686317
0.09275118167852314 6.097289891887101 3.0298250624561542
0.09275118167852314 3.8164989740028052 2.7472423368804373
0.09275118167852314 6.556498929386027 5.894608311548468
0.09275118167852314 5.633345202827229 2.863048192252876
0.09275118167852314 3.236522686657335 3.0842636433523065
0.09275118167852314 3.1781808632993465 2.566940725650394
0.09275118167852314 4.153348881583909 3.430206929660055
0.09275118167852314 5.6005504194800295 5.112637848345112
0.09275118167852314 6.285148788020972 3.4673034476784745
0.09275118167852314 7.588466664514042 6.923415369034601
0.09275118167852314 4.126859253866719 2.764611549321401
0.09275118167852314 5.9423252604198 5.4908894426306505
0.09275118167852314 5.007134819507787 4.231127651461102
