1.552541480791675 7.7264462851528855 4.964230423155219
1.552541480791675 7.0188428065079815 6.2084152262800325
1.552541480791675 6.4973403692826395 4.852655032754084
1.1510626333986314 3.353434865587737 2.2676902436236857
1.1510626333986314 5.515062577751756 4.266402569963858
1.1510626333986314 6.463496351834653 4.82375898439623
1.1510626333986314 6.386522514739944 4.785272065848878
1.1510626333986314 3.184109868673478 2.597899134931011
1.1510626333986314 5.550018181775076 4.226120702800331
1.1510626333986314 6.342661453372067 4.72330687455316
0.9276154660480782 6.177107046958973 3.5609553783247025
0.9276154660480782 3.347028607149945 2.044267685018171
0.9276154660480782 4.156771287807214 3.535062609572283
0.9276154660480782 4.781699401885987 4.328487562776682
0.9276154660480782 4.574220473225285 4.428825124325889
0.9276154660480782 5.851434419261118 5.072573407505614
0.9276154660480782 6.532436303295285 5.0667003214326565
0.9276154660480782 8.004290762464173 6.175095685895182
0.9276154660480782 6.028890917642833 5.089661406677248
0.9276154660480782 6.202234481849423 5.2007699175957685
0.9276154660480782 6.219530169258164 5.905313944081329
0.7701428468028166 4.340909338398188 2.4242455590485754
0.7701428468028166 6.039014476016998 5.061368205200993
0.7701428468028166 2.926840060078075 1.7655415606221676
0.7701428468028166 2.728047251440128 1.6737910335584993
0.7701428468028166 6.369360978196912 5.914388000587632
0.7701428468028166 7.306107619637604 5.036758181485675
0.7701428468028166 2.933847568044659 2.7649037886235472
0.7701428468028166 6.732390591840785 4.7278416193102935
0.7701428468028166 3.963736780948278 3.2738047949317255
0.7701428468028166 7.378922421238517 6.137134782030101
0.7701428468028166 7.63361912395213 6.751398780651515
0.7701428468028166 3.818334657706789 3.1647569151030193
0.7701428468028166 4.097453650882002 3.248886099463393
0.7701428468028166 3.4620217508736 3.2786924731027645
0.7701428468028166 6.639425192862966 5.8480493787833066
0.7701428468028166 6.4986141511126725 4.697368393953554
0.7701428468028166 6.825156800029303 5.487179233356708
0.7701428468028166 6.430676951856146 5.19055939937122
0.7701428468028166 6.520310932300706 5.927747809896106
0.7701428468028166 6.4837957988670425 6.172706737733056
0.7701428468028166 6.544298059517281 6.088261271338879
0.7701428468028166 6.657706630246466 5.397045250348446
0.7701428468028166 6.661520130546098 6.426397043427809
0.7701428468028166 7.562108172879896 6.468267151168318
0.7701428468028166 7.972191608655301 7.393700408009598
0.7701428468028166 6.461853101681655 4.899408917021085
0.7701428468028166 6.548976736083407 6.254037637423597
0.7701428468028166 6.403624222554601 6.159111237631732
0.7701428468028166 4.5461160930480915 3.918944381691184
