2.8971945257175062 7.738182431837691 5.60890684387132
2.8971945257175062 6.307437176461779 5.334387934255452
2.8971945257175062 4.408259851666163 4.192903866620404
2.8971945257175062 6.346421326623865 5.175563960984702
2.8971945257175062 5.355183135375725 4.123857585290674
2.8971945257175062 3.9107772508542635 3.7043421996465864
2.8971945257175062 5.778896866704866 4.4456914844999496
2.8971945257175062 6.309761729365068 6.159021045133216
2.8971945257175062 5.625459335647257 5.028759585599937
2.8142165844306217 6.285858674391388 4.553229088691272
2.5930556931312663 3.800093305701353 3.158656163982821
2.5930556931312663 4.067065739457647 3.8241267044599487
2.5930556931312663 6.225228587373589 4.885050264639349
2.5930556931312663 5.7906681667249025 4.862812159744877
2.5930556931312663 9.162782243849838 6.60458678925374
2.5930556931312663 4.7674089780179045 4.577481334091944
2.5930556931312663 5.687674666436987 4.5021488781107
2.5930556931312663 6.299794956080117 4.9710154855546405
2.5930556931312663 6.5122114904586645 4.957314226201987
1.3153496474039632 5.6863279859259634 3.3818668054036296
1.3153496474039632 6.25542551480914 6.0332317933031465
1.3153496474039632 6.24622982726731 5.855022176654018
1.3153496474039632 4.754010877355334 4.618288195736894
1.3153496474039632 7.19950103054086 5.746975958745596
1.134155128773458 3.4058523575649713 2.276972763116542
1.134155128773458 7.5769784402691 5.411940045370452
1.134155128773458 6.102742550693968 5.196239369799702
1.134155128773458 6.559990557812114 5.6293911679288975
1.134155128773458 6.176970281911018 5.135554556683137
1.134155128773458 6.512641329910561 5.367080880591303
1.134155128773458 5.591385960306454 5.055641169857911
1.134155128773458 6.6592969127566555 6.308387338167516
1.134155128773458 7.625981335526308 7.298941303632779
1.134155128773458 8.013055899474635 6.854053523683335
1.134155128773458 6.242634468300338 5.821846192205887
1.134155128773458 5.8097696166021855 5.369607871081593
1.134155128773458 3.1526881702327896 2.7960624284789293
1.134155128773458 7.424667403026984 6.2840153763914275
1.134155128773458 6.725062956335046 6.220018254232726
1.134155128773458 9.311159622065725 6.035931769609873
1.134155128773458 8.71024850292185 7.46495638201336
1.134155128773458 7.433981467740631 6.223473179528981
1.134155128773458 7.832508392570794 6.62202667912814
1.134155128773458 6.771366924104818 4.89562426700308
1.134155128773458 6.033261552480351 4.949151013489855
1.134155128773458 6.8859619399944325 5.698198576048768
1.134155128773458 4.749986774313797 3.981430170114255
1.134155128773458 4.959772898265921 4.809665237056893
1.134155128773458 7.549774081784378 5.32909126240539
1.134155128773458 6.6546179109825445 4.915942260496852
