2.635301801500177 7.684993696851398 5.617461616817516
2.635301801500177 5.74245012264786 4.434555799690515
2.635301801500177 6.3428435458417916 5.399559019733293
2.635301801500177 6.632382276549066 5.1781903102573414
2.635301801500177 4.5087626692257 3.8910233209426677
2.635301801500177 4.522981302765256 3.8300031284512954
2.635301801500177 4.696098540158392 4.387152133501234
2.635301801500177 6.630484957360647 5.544016721029813
2.635301801500177 6.147294604302356 5.876196742575168
2.635301801500177 5.893604034196496 5.542255726470597
2.635301801500177 5.5450204326540025 4.722916873501566
2.635301801500177 5.6709014490024 4.514129317638028
2.635301801500177 9.187007417894408 8.324537810003461
2.635301801500177 4.849676052627764 4.032273019037553
1.300363377982539 3.239018659778474 2.29638978735086
1.300363377982539 4.3253952133177265 3.6638891087983025
1.300363377982539 5.885926788144616 4.34969746456986
1.300363377982539 3.172546981195705 3.002669583391156
1.300363377982539 4.187373599328328 3.772223418938338
1.300363377982539 6.180282981521227 5.875168887124691
1.300363377982539 3.430066767778204 2.9333044976608216
1.300363377982539 5.459350067954553 5.157581082266725
1.300363377982539 6.94821533174197 6.786534518690807
1.300363377982539 8.93724398922819 6.3611380258598835
1.300363377982539 6.200553422086944 6.059479336364961
1.300363377982539 6.6956492707481665 5.49751799047076
1.300363377982539 6.668422501572056 5.201325306490929
1.300363377982539 6.919669008332226 4.838297466400823
1.300363377982539 7.437415058404058 5.836646541025475
1.300363377982539 4.576531373498266 3.832021470239976
1.300363377982539 7.337286631278152 6.423956413044218
1.300363377982539 8.326740487659027 6.242091545747777
1.300363377982539 8.19692826185023 7.0507424633945615
1.300363377982539 8.817925436093756 7.619778338408992
1.300363377982539 6.1412846710758195 5.26874239548299
1.300363377982539 6.005822030933686 4.554327766254091
1.300363377982539 5.897217614148744 5.118311086163005
1.300363377982539 6.2518342746769235 6.056091089148044
1.300363377982539 6.179141725841799 5.38087647770809
1.300363377982539 7.523679896480743 6.935944829596414
1.300363377982539 10.65025797382367 9.204288113968527
1.300363377982539 9.215582091279412 7.520671213318703
1.300363377982539 6.6591964653855875 6.09654028578507
1.300363377982539 4.551484798218713 4.029822980087393
1.300363377982539 6.514439351441357 5.31509167339285
1.300363377982539 7.38394235322316 6.4448490064957085
1.300363377982539 7.02696957994546 6.811721208560487
1.300363377982539 7.948306669862063 5.261544479402204
1.300363377982539 7.176491437376349 5.380054868711888
1.300363377982539 6.2359372759439395 4.993365750483547
