1.3098408372502353 7.735871147562451 5.521160627287171
1.3098408372502353 7.197247770361509 6.871117256199519
1.3098408372502353 7.492779813481389 5.914634687666587
1.3098408372502353 6.334938286882426 5.8398891319578805
1.3098408372502353 7.725786386514743 5.82554868315336
1.3098408372502353 6.903935572503 6.563683698387913
1.3098408372502353 7.363498945780732 5.142446676259126
1.3098408372502353 5.036228098514645 4.417176288941183
1.3098408372502353 6.53595269160202 6.3433663165829115
1.3098408372502353 4.426928328134565 4.313475336431706
1.3098408372502353 5.29553159096497 5.065015896562473
1.3098408372502353 6.7234263390123115 6.520270076854046
1.3098408372502353 5.236204678284398 4.275284596148563
1.3098408372502353 7.31287526148277 5.6420672260068265
1.3098408372502353 8.551348760782503 7.189825961174778
1.3098408372502353 4.491434705985981 3.737486160455283
1.3098408372502353 5.516706637795796 5.175041153866803
1.1990831758283638 4.520680473811332 2.862096978048287
1.1990831758283638 6.6082717699702265 6.41372433680711
1.1990831758283638 6.566352804447508 5.680163870056889
1.1990831758283638 5.780808980231267 3.700890985629134
0.8170799469328682 6.610531660039161 3.7214458680639226
0.8170799469328682 4.990578700021128 3.983886418625957
0.8170799469328682 5.243500740263517 4.778365476210466
0.8170799469328682 7.573789472371944 6.655347562836498
0.8170799469328682 4.51687205170381 4.416778095455129
0.8170799469328682 7.137574196983033 6.432830058675229
0.8170799469328682 6.58401225645072 5.0635775814957
0.8170799469328682 7.277202633642162 6.324199511707963
0.8170799469328682 5.5844911139725575 4.248346043289385
0.8170799469328682 6.2683214562011536 4.5356171061039525
0.8170799469328682 6.625768624341951 5.2562311361095295
0.8170799469328682 6.611266833482631 6.016387362319709
0.8170799469328682 5.0318560944163835 4.16439671092762
0.8170799469328682 6.367922809314489 5.463057806033421
0.8170799469328682 4.423662683142403 4.016900817708141
0.8170799469328682 6.160116861111138 5.28317823076202
0.8170799469328682 4.60032158855352 4.2277939312054835
0.8170799469328682 6.553715045440146 5.478383273421269
0.8170799469328682 6.059432013577297 4.401038799004738
0.8170799469328682 3.3320938245099367 3.2220645474116423
0.8170799469328682 4.351595401942781 4.195351204592464
0.8170799469328682 6.65674953509086 5.439863894326869
0.8170799469328682 4.364890683005804 4.250884294455966
0.8170799469328682 5.795621394982568 4.9319374491715555
0.8170799469328682 6.83030296830081 5.453333565521129
0.8170799469328682 6.229593660766742 5.707951298763128
0.8170799469328682 6.3874864810078655 6.257397294057365
0.8170799469328682 7.3953291975248465 6.456637038910952
0.8170799469328682 5.832125140643605 5.242017193628891
