2.322107771671267 7.717928499691533 5.863483594775529
2.322107771671267 6.43820120675316 5.10721425225397
2.322107771671267 7.478651922320488 6.786394173815783
2.322107771671267 5.562247915455934 5.319265220119627
2.322107771671267 6.083196663346925 4.78282914956631
2.322107771671267 5.017615845874136 4.741456061904638
2.322107771671267 9.24626750133128 7.603771926258304
2.322107771671267 5.4925750605715 4.1971706375680995
2.322107771671267 4.564327093989473 4.400930600358185
2.322107771671267 6.318692711791144 5.674961838930647
2.322107771671267 7.49633449570155 5.938152761043449
2.322107771671267 6.352409750074266 5.280110202516392
2.322107771671267 6.357730310753155 6.25106114654625
2.322107771671267 4.508074156196269 4.29338169875866
2.322107771671267 7.735590510191152 5.865975608161541
2.322107771671267 7.714418701952546 6.517509223235595
1.0791224818077656 3.3565838071687044 2.242712850285506
1.0791224818077656 6.0269774929471325 5.119901334606157
1.0791224818077656 4.221847485242453 3.9707674509825583
1.0791224818077656 6.541947529976607 6.166725388123125
1.0791224818077656 6.264441592965312 6.145114265865223
1.0791224818077656 6.519120261153908 6.052282251649392
1.0791224818077656 9.06103995565843 6.762172851326614
1.0791224818077656 6.6158082004682015 5.6523956874428825
1.0791224818077656 6.9033174558142765 6.5831917315351065
1.0791224818077656 5.251609594079277 3.5779953647690865
1.0791224818077656 7.542325445559301 5.621146560798435
1.0791224818077656 6.19764410102167 5.152904180553346
1.0791224818077656 6.355678343425925 4.710925034351207
1.0791224818077656 4.053057926290315 3.3142821925224837
1.0791224818077656 4.177643421116027 3.4055924465098997
1.0791224818077656 6.130873229526983 4.380896319447635
1.0791224818077656 5.070844901686403 4.4221216076189505
1.0791224818077656 6.307259615682391 6.022511200852156
1.0791224818077656 7.711001173694701 6.865673121237685
1.0791224818077656 5.999780261835745 5.862041139041252
1.0791224818077656 6.653197701072404 5.2747261396358525
1.0791224818077656 4.267706479843294 3.6543477317196893
1.0791224818077656 7.478348462791221 6.92113640932887
1.0791224818077656 5.54153872785545 4.3054566082860575
1.0791224818077656 7.744168538760107 5.635863620815708
1.0791224818077656 6.5767435394426315 4.37400071412272
1.0791224818077656 3.3200485438880816 3.174765681701383
1.0791224818077656 6.407968991724015 4.928988814269703
1.0791224818077656 8.377050191474387 5.593273439094133
1.0791224818077656 6.166088619280028 4.856240037592042
1.0791224818077656 6.191234482842198 4.817972166312774
1.0791224818077656 6.638510513005063 4.8504355394457415
1.0791224818077656 7.451893523107614 5.434855435091388
1.0791224818077656 6.197717594622052 4.883350777536211
