3.0191983803041365 7.5580927432368 5.625397304509413
3.0191983803041365 7.728094941910591 7.330872903417031
3.0191983803041365 10.524932334758086 7.487430268285396
3.0191983803041365 6.535162641058445 5.490198906392203
3.0191983803041365 5.726455960848298 5.645054757121557
3.0191983803041365 7.058973579049534 5.664024695387552
3.0191983803041365 5.819451372377571 5.138738199617576
1.663283445739165 4.0953394995042345 2.8577886502376986
0.22585745538321733 6.157281263352726 3.2203178791750924
0.22585745538321733 5.442053992476037 3.9915725020509036
0.22585745538321733 5.729319347783541 4.4393041444166865
0.22585745538321733 7.548134244819533 5.464915324476051
0.22585745538321733 6.1815303158169534 4.9881648239969145
0.22585745538321733 6.399697674522983 4.642811456607407
0.22585745538321733 6.201391440860196 5.834383795263513
0.22585745538321733 6.43670387024531 5.263793713877808
0.22585745538321733 6.202055860182256 4.353574486990378
0.22585745538321733 6.261231832545771 5.3995495051019144
0.22585745538321733 6.5124313894924235 5.405661426683771
0.22585745538321733 6.74854147795522 4.921835132060686
0.22585745538321733 7.528740314554817 6.50827485221937
0.22585745538321733 5.553794302987082 4.931919304236079
0.22585745538321733 5.049764266099764 4.1335915648105725
0.22585745538321733 6.117300405048347 5.548054557028113
0.22585745538321733 7.671310379699197 5.913255457055958
0.22585745538321733 8.795503014415809 7.434712538816898
0.22585745538321733 4.516520510820968 4.380064528421821
0.22585745538321733 6.28143637149989 5.62019397076727
0.22585745538321733 7.106201521691659 6.657947587899415
0.22585745538321733 7.7404237547995365 6.689266772612109
0.22585745538321733 8.217730517962298 4.253748180322836
0.22585745538321733 6.951269783395292 4.252718407063438
0.22585745538321733 6.163224193456198 4.878143117221166
0.22585745538321733 6.055382280343164 5.843302322460484
0.22585745538321733 6.08871651336591 5.681177611968097
0.22585745538321733 6.207606144789668 5.793501392309256
0.22585745538321733 2.6507333416777716 1.7038871687866122
0.22585745538321733 6.610627655764805 6.437172745399286
0.22585745538321733 7.289888541814058 6.4725461617046
0.22585745538321733 7.389793671144654 7.22177679025707
0.22585745538321733 6.89346674134716 6.205497176515957
0.22585745538321733 6.496312652486203 6.1068926293207975
0.22585745538321733 6.479948009284772 5.432585888125397
0.22585745538321733 8.171742373300154 7.710226179732033
0.22585745538321733 6.626020231520808 6.333408630107187
0.22585745538321733 5.654322730569394 4.78153212547316
0.22585745538321733 3.2534029169694887 1.7396301861763548
0.22585745538321733 6.3431673534706405 5.046267488862705
0.22585745538321733 3.8435715859617443 2.2926556609410897
0.22585745538321733 5.823828773006671 5.057729130136949
