0.7066669528524163 7.716216867521682 5.486909723160538
0.7066669528524163 6.91465505570458 5.790228798701447
0.7066669528524163 7.537826260839372 6.026207802521156
0.7066669528524163 5.709597834714753 5.150713331678102
0.7066669528524163 7.637977247288809 6.502430442495694
0.7066669528524163 5.282741359732366 4.1392423183560725
0.7066669528524163 5.768335650317784 5.005164050209384
0.7066669528524163 5.4340802565941075 5.218729487250732
0.7066669528524163 4.710681609336298 4.006028725479913
0.7066669528524163 4.931253185849464 4.468132931453679
0.7066669528524163 6.144517099530212 4.682274629536226
0.7066669528524163 5.532221653794473 4.4541704822812935
0.7066669528524163 8.268936915324486 6.290525263688212
0.7066669528524163 5.857881180995662 5.730783132870779
0.7066669528524163 3.947424121228775 3.6945963302841682
0.7066669528524163 7.671287806960937 6.803125715570153
0.7066669528524163 8.735828615182527 7.408768010401502
0.7066669528524163 6.328412215121034 6.164587739938846
0.7066669528524163 7.024019052330228 6.6972045650599386
0.7066669528524163 7.608752345651942 6.923852046056537
0.7066669528524163 9.294995470946864 7.788924932437716
0.7066669528524163 4.361899664726639 3.799435382570918
0.7066669528524163 5.916829380520046 5.100313209797969
0.7066669528524163 6.26940252471929 5.640600233468373
0.7066669528524163 7.640754531969275 6.774431017137655
0.7066669528524163 6.192168771364791 4.757731960022952
0.7066669528524163 5.996243754273188 4.531818247744601
0.7066669528524163 4.7669925149787 4.519271592330609
0.7066669528524163 6.107846807469226 5.16288165272606
0.7066669528524163 6.25601003209232 4.445771809958329
0.7066669528524163 5.236531106254535 3.2786536677006346
0.7066669528524163 7.568884362277277 6.495526526911643
0.7066669528524163 7.483736366881379 4.7521125694269
0.7066669528524163 5.107639198085362 3.6029042833571854
0.7066669528524163 6.910431442465548 5.183850324188767
0.7066669528524163 4.415322339578406 3.762723696411375
0.7066669528524163 6.548208448535632 5.706337452383443
0.7066669528524163 8.33138354410798 5.557364570632362
0.7066669528524163 6.252487583955514 4.65346393831329
0.7066669528524163 8.240889417409326 7.66296735685228
0.7066669528524163 6.010018706840995 4.493090585769476
0.7066669528524163 7.740406796760896 6.725047922084691
0.7066669528524163 7.545714498014373 6.191889378657306
0.7066669528524163 6.061384739466661 4.464778950913837
0.7066669528524163 6.039848383842763 5.126079022375489
0.7066669528524163 7.70086281585367 5.998252440895853
0.7066669528524163 7.471169943364648 6.872217330242741
0.7066669528524163 6.295587661730124 6.123636713925893
0.7066669528524163 7.454222545264525 5.749885237177361
0.7066669528524163 5.983862899870559 5.776552520833762
