2.9653582738716335 7.726490152217368 5.602637993723578
2.9653582738716335 4.4519995335555755 4.178483083595747
2.9653582738716335 6.743913505942253 5.554302842800922
2.9653582738716335 6.351899396829744 5.40285737058466
2.9653582738716335 6.162230354097417 5.088033988711686
2.9653582738716335 5.871690193449641 4.948574711600756
2.9653582738716335 5.607322980564 4.993653966400628
2.9653582738716335 6.192902845429408 5.871985375204636
2.9653582738716335 6.250004940788148 4.684844353499723
0.3133471877772611 3.241275018908983 1.83035132506501
0.3133471877772611 6.508405596866499 5.4435932152474695
0.3133471877772611 5.9137834794141 4.659234143155849
0.3133471877772611 7.155061748182851 5.570865933220262
0.3133471877772611 7.565920797023207 6.738643018750952
0.3133471877772611 9.187501659216657 7.442884269575741
0.3133471877772611 6.675288992669767 4.517540048195837
0.3133471877772611 6.3995098424861645 4.492812695775141
0.3133471877772611 6.880614472917433 5.61393478218522
0.3133471877772611 4.129460382704128 3.9063229833189954
0.3133471877772611 6.0032183162675885 4.916152143398549
0.3133471877772611 5.4770572623136715 3.668398790888814
0.3133471877772611 4.586725786548136 4.049102958098206
0.3133471877772611 3.750214271437969 3.133510533549648
0.3133471877772611 5.735295836487651 4.606037338185374
0.3133471877772611 6.642013712073965 5.910443366341013
0.3133471877772611 4.241400775516443 4.007934022060954
0.3133471877772611 6.507556211654613 6.237661534570036
0.3133471877772611 5.914090909127815 5.61158180277893
0.3133471877772611 6.658058527326606 5.5945763351211335
0.3133471877772611 6.420087748818659 5.69283278135768
0.3133471877772611 7.530682860130305 5.125483659474602
0.3133471877772611 7.581328597089724 5.967157229668508
0.3133471877772611 6.257478342300288 5.850599779862846
0.3133471877772611 5.634889451571652 5.403223119511189
0.3133471877772611 4.433173254791843 4.2698835955136145
0.3133471877772611 6.525828434117145 4.814042955723146
0.3133471877772611 5.441646727857027 4.216334948580328
0.3133471877772611 6.283673480322076 6.092857558765553
0.3133471877772611 6.756089698850371 6.455168752415491
0.3133471877772611 5.664148848461121 4.710700748475565
0.3133471877772611 5.9749417580287485 4.377214731132683
0.3133471877772611 6.874831713249197 6.347252505371854
0.3133471877772611 6.37859759884282 4.032422797263027
0.3133471877772611 5.446892455414396 4.01630252913631
0.3133471877772611 7.071468656599155 6.780775425042717
0.3133471877772611 8.738635550247798 5.821445954612382
0.3133471877772611 7.652912769019473 7.202456543120324
0.3133471877772611 4.110544256218553 3.9495211005640107
0.3133471877772611 6.103572479803034 4.935551457506261
0.3133471877772611 6.114827022193936 5.565430358242449
