2.0031918107678774 7.727411048586715 5.790226944908971
2.0031918107678774 4.599798519794618 4.508775168100127
2.0031918107678774 6.228894501165652 5.188531938869213
2.0031918107678774 6.182209627940299 5.213193671779647
2.0031918107678774 5.6473715696696125 4.845147834594276
2.0031918107678774 7.208550481471333 4.930213539098993
2.0031918107678774 9.901915678945894 8.688324210936242
2.0031918107678774 5.674785656856564 5.513911378051209
2.0031918107678774 4.26539549204367 3.693941807319616
2.0031918107678774 4.754775671891164 4.333860172911593
2.0031918107678774 4.913748470190594 4.579522346193017
2.0031918107678774 2.48158797131584 2.4272588631574923
2.0031918107678774 7.560208568428374 6.77126053803249
2.0031918107678774 7.5927230085837625 6.631252616331073
2.0031918107678774 7.5927230085837625 7.314230499718755
2.0031918107678774 6.943665699429053 5.634733801764099
2.0031918107678774 4.9646988800284895 4.287251394447071
2.0031918107678774 6.292973058986821 5.474118225913477
2.0031918107678774 6.413524216481271 6.229577875658034
2.0031918107678774 6.1911995018452615 5.31739684652347
1.8638716700693725 4.681531339085616 3.2191347140111413
1.8638716700693725 4.4757397218284645 4.006177416462318
1.8638716700693725 5.499409413175062 4.604459351978464
1.8638716700693725 5.621993834243408 5.040730693876549
1.8638716700693725 6.585210111027653 5.739343468764397
1.8638716700693725 7.220674365952577 5.4084565324290725
1.8638716700693725 7.654601788806881 5.913314968217078
1.8638716700693725 7.61605241960001 6.04207516405651
1.8638716700693725 6.416878570947066 5.2809172677294445
1.8638716700693725 6.488647587473057 5.9399365632237
1.8638716700693725 6.420274464573847 5.834677560750719
1.8638716700693725 6.490721861420713 4.945446015045692
1.8638716700693725 5.725230204571215 5.372059158942274
1.8638716700693725 7.399738219787691 6.7072733176879344
1.8638716700693725 6.716660592038583 6.468420740508893
1.8638716700693725 5.093976070601109 4.622428153448945
1.8638716700693725 6.5588652198979105 5.731573880799184
1.8638716700693725 6.657672163442733 6.092088239256631
1.8638716700693725 6.247380209551938 5.781575344190211
1.8638716700693725 8.347671412815867 7.224828592678194
1.8638716700693725 6.3251875238889355 4.638768302144758
1.8638716700693725 6.227392124677241 5.9103169127732045
1.8638716700693725 3.8562536645332988 3.751451770206064
1.8638716700693725 3.7243829580630394 3.518223268578187
1.8638716700693725 4.944751197120539 4.085078379584249
1.8638716700693725 6.476987393347439 5.418886845128043
1.8638716700693725 6.116607646590396 5.227713904841649
1.8638716700693725 8.959298502847094 7.605256748896021
1.8638716700693725 5.167780068174022 4.932387342164502
1.8638716700693725 6.2845903172470905 6.079467344419157
