0.11303803583337713 7.736981036305949 5.412222133864414
0.11303803583337713 7.004447209012168 6.490460420771974
0.11303803583337713 4.195459819185302 3.6130496352787147
0.11303803583337713 6.31660216226814 5.983845037616487
0.11303803583337713 6.361519853134645 4.639575673067452
0.09267142010633522 6.471212734625258 3.2823494096803385
0.09267142010633522 6.501059203851661 5.665228559813969
0.09267142010633522 5.235526491360002 5.075784245548349
0.09267142010633522 5.807362762252325 4.325006886477832
0.09267142010633522 3.17508833529881 2.9982589190358846
0.09267142010633522 5.61855561840099 5.048748759753294
0.09267142010633522 1.8520722081521304 1.6841955408155747
0.09267142010633522 5.665528713076011 3.5146546631790385
0.09267142010633522 4.069990707516769 2.7249792765597807
0.09267142010633522 7.781119261397388 6.402877921599027
0.09267142010633522 6.271182859901554 6.109924082502845
0.09267142010633522 5.98439925884275 2.9207007826998175
0.09267142010633522 6.645671495083739 6.061435704816064
0.09267142010633522 5.695169006652563 4.362605324900537
0.09267142010633522 7.251871937431504 4.854166544872844
0.09267142010633522 6.885069779279878 6.630960012991767
0.09267142010633522 7.663790098580032 7.165922432738727
0.09267142010633522 6.5336852965160475 6.0875130388874625
0.09267142010633522 7.649475284409693 6.548034392643657
0.09267142010633522 6.8140423330318285 6.603292952153052
0.09267142010633522 6.279310560979958 6.132467100957119
0.09267142010633522 5.770513698411161 4.999681170945611
0.09267142010633522 4.547848700202465 2.460153515249012
0.09267142010633522 6.352001404388478 6.003576771848116
0.09267142010633522 4.9423315463863595 4.653894246363952
0.09267142010633522 6.305051400519922 4.999507231328135
0.09267142010633522 3.8374614534072475 3.610212551300714
0.09267142010633522 5.586905873734189 4.91324960080892
0.09267142010633522 5.832491661289382 2.962581540697861
0.09267142010633522 6.611971633377923 4.751412739001946
0.09267142010633522 5.5918014968239085 3.629816059415463
0.09267142010633522 6.482244529427707 5.360268095218587
0.09267142010633522 6.572285563546153 6.021030385353921
0.09267142010633522 6.528940330086996 5.662632845359473
0.09267142010633522 6.881429671607512 6.154601439150957
0.09267142010633522 3.194009073169234 2.847146895740492
0.09267142010633522 6.622044278169504 5.999447438919108
0.09267142010633522 5.932688840379932 5.674073073411169
0.09267142010633522 7.727031602683615 5.990148241360123
0.09267142010633522 4.556723101975887 3.713852505074068
0.09267142010633522 4.978018238258915 2.4376378928195748
0.09267142010633522 3.168338352279282 1.5689915475493503
0.09267142010633522 2.615711832075139 1.37126565424244
0.09267142010633522 4.066625151844558 3.061918034345209
0.09267142010633522 5.670245158730296 4.615638101351527
