0.33052026561828685 7.775333441019107 5.3775256568622885
0.33052026561828685 5.854503171424607 4.98599096124897
0.33052026561828685 6.551840430873774 5.289128156115424
0.33052026561828685 6.551840430873774 6.298547469719239
0.33052026561828685 5.433705796318428 3.210647764747092
0.33052026561828685 5.744818449409692 3.9013065590414038
0.33052026561828685 4.194403979477681 4.074927621829452
0.33052026561828685 6.649267418957415 6.210669688060437
0.33052026561828685 4.905888590651479 4.791401991416396
0.33052026561828685 7.656258513070798 7.21315355454128
0.33052026561828685 9.061780850207711 7.38144821656736
0.33052026561828685 8.922681610728128 5.775580656749404
0.33052026561828685 4.783186925352748 3.8444886086597325
0.33052026561828685 7.223821390645547 4.9904667396624225
0.33052026561828685 7.474921315941277 6.758563076315232
0.33052026561828685 6.445432736229172 6.132253368533592
0.33052026561828685 6.652208327581622 6.460655784486838
0.33052026561828685 3.9824405519732484 3.3847613985755634
0.33052026561828685 4.692595444885516 3.952100428584547
0.33052026561828685 5.353265601953471 5.219660832713235
0.33052026561828685 4.881087849122007 4.172621051791164
0.33052026561828685 5.255730095747129 4.361863226749344
0.33052026561828685 7.63211766029254 5.667917829969432
0.33052026561828685 6.740249251959444 6.510267527549489
0.33052026561828685 6.4528231963692875 5.761429379811342
0.33052026561828685 3.1055151642787355 2.2303152168332785
0.33052026561828685 7.084541268387714 5.527549392823647
0.33052026561828685 7.647291771386108 6.788046641904605
0.33052026561828685 7.5532352684596376 6.926450952844688
0.33052026561828685 3.9489997930139684 3.699239466019954
0.33052026561828685 5.078944238474577 3.146427462635289
0.33052026561828685 6.141689457147166 5.559373568122577
0.33052026561828685 6.0431748162594445 5.510116247678718
0.33052026561828685 9.348120498329985 8.265973100631518
0.33052026561828685 8.367158320611445 7.4916128057753895
0.33052026561828685 7.1210259943780265 3.5899630154229607
0.33052026561828685 4.433133496416339 4.134130475176192
0.33052026561828685 5.0479214692357 4.459844003772096
0.33052026561828685 6.323189773293322 5.474070061212567
0.33052026561828685 4.689031308021583 4.550399342864863
0.33052026561828685 3.7244141424809745 3.384060956213669
0.33052026561828685 6.584437289373515 6.27698391350528
0.33052026561828685 6.404480585646677 4.996781517001913
0.33052026561828685 7.344625637860625 5.552114608921987
0.33052026561828685 4.586602351672163 3.066111425972271
0.33052026561828685 5.428207247476905 5.2905603082009485
0.33052026561828685 8.058025998835841 5.807994955934804
0.33052026561828685 4.730479638410365 4.400827204890718
0.33052026561828685 5.037751171348791 4.725576148510994
0.33052026561828685 8.872870842021076 6.014780186315234
