2.6636572698113743 7.687128983322408 5.50047418473756
2.6636572698113743 7.097765970050629 6.213955581845069
2.6636572698113743 5.226340796149174 4.951418913955883
2.2461998075614003 3.273487520695156 2.7476470591106024
2.2461998075614003 6.343726383095365 5.605193090459558
2.2461998075614003 4.984031116532176 4.745912355502324
2.2461998075614003 2.9356875650516874 2.8207819425665988
2.2461998075614003 7.271351631945588 6.70775375115462
2.2461998075614003 7.158576822772643 5.10923369544377
2.2461998075614003 10.245818460006271 8.871287816385577
2.2461998075614003 6.044615316869169 4.86515273918958
2.2461998075614003 5.365274360184802 4.218881945853061
2.2461998075614003 3.7203333248439425 3.3751780586866444
2.2461998075614003 5.835129937539531 4.88880606730336
2.2461998075614003 5.588372015541932 4.318401023743823
2.2461998075614003 6.146605818016546 5.204683778033448
2.2461998075614003 6.462866149690232 4.4847157785742935
2.2461998075614003 5.917594522284617 5.568174640467452
2.2461998075614003 7.437808065332293 6.6511785989208825
2.2461998075614003 4.581420187786268 3.6880427426102558
2.2461998075614003 6.845018798240039 4.851765119060176
2.2461998075614003 7.529082905188066 6.692778866478003
2.2461998075614003 4.565236865528423 3.790670481772238
2.2461998075614003 6.348123147471487 5.894280646914548
2.2461998075614003 6.289874904957895 5.053717087866186
2.2461998075614003 7.324802346110021 6.643780638307979
2.2461998075614003 5.700714116545939 4.0883465439882745
2.2461998075614003 6.499427750041786 4.355563692659848
2.2461998075614003 3.408460231804622 2.8718992839060116
2.2461998075614003 5.4738638399297805 4.256532130130232
2.2461998075614003 6.392417085123206 5.444046200232717
2.2461998075614003 4.4406991487817855 4.249584103469247
2.2461998075614003 7.430060638471698 5.390784166246489
2.2461998075614003 7.1113144984141154 6.254772590179686
2.2461998075614003 6.770697472376714 6.370449028228528
2.2461998075614003 6.770697472376714 6.251923987481436
2.2461998075614003 6.297110298232827 6.184396557789494
2.2461998075614003 7.668804561242402 7.249037058871676
2.2461998075614003 7.665604447115024 7.104536425341264
2.2461998075614003 3.1886687740498023 2.9000083003733863
2.2461998075614003 6.269149609837825 5.389125721218852
2.2461998075614003 4.289042726241643 3.7782225378131256
2.2461998075614003 6.5310894922890235 6.011400542481937
2.2461998075614003 7.752394891812971 7.1020005072159345
2.2461998075614003 6.638670944896123 5.047723237315291
2.2461998075614003 6.877569266677273 5.246256159573825
2.2461998075614003 6.297753795438876 4.410671901055786
1.762166785851829 5.210984134782461 3.427279773772724
1.762166785851829 6.6981053826474835 5.53319412513514
1.762166785851829 6.3642668265955 6.068499179399447
