2.6942418099691356 7.477278111521585 5.647984002208717
2.6942418099691356 7.391671518612631 6.600887404950404
2.6942418099691356 7.233674655488695 5.15085920042089
2.6942418099691356 7.688498388118379 7.135288827795218
2.6942418099691356 5.529624698369357 4.9371908665004955
2.6942418099691356 6.683263883975187 5.499823723210085
2.6942418099691356 7.152929003843187 6.222588476704087
2.6942418099691356 7.109405391474363 6.196470730966607
2.6942418099691356 5.544948373333444 4.184295283931311
2.6942418099691356 3.949234885309455 3.343113257019195
2.6942418099691356 3.761433370661607 3.2752770033648386
2.6942418099691356 6.929448820192585 4.9177865443939535
2.6942418099691356 5.918320757226454 4.489300838334656
2.6942418099691356 6.527290231088159 5.429611898071467
2.6942418099691356 6.297618520197709 5.631204920154447
2.6942418099691356 7.515783819639706 5.909049302459708
2.6942418099691356 7.598301859197377 7.3408526533875955
2.6942418099691356 7.626797555862893 6.67879418174307
2.6942418099691356 6.293713871755081 4.760137727678337
2.6942418099691356 6.429356579434344 6.093507229450551
2.6942418099691356 5.1144405165956 5.016624485073981
2.6942418099691356 6.4412360669447715 5.4975054974409865
2.6942418099691356 7.714979289724569 5.942273607660788
2.6942418099691356 9.949210820416736 7.918227939175653
2.5877498625237476 6.038024968288099 4.246011752239544
2.5877498625237476 7.764917062786882 5.3918044198757
2.5877498625237476 4.899420919902948 4.74156068367953
2.5877498625237476 7.681145640773712 6.261474937004571
2.5877498625237476 6.459354133474456 6.2719881068106
2.5877498625237476 3.8376066003759495 3.741325246542713
2.5877498625237476 6.557973108334906 6.2897381856570265
2.5877498625237476 6.489116194798953 4.83845328327036
2.5877498625237476 8.617715581040581 6.422334027855771
2.5877498625237476 6.188833287976422 5.287065794847623
2.5877498625237476 5.116772094719874 4.405614450463071
2.5877498625237476 6.321960953332557 6.149940309669642
2.5877498625237476 6.066711256738056 5.3622513844825
2.5877498625237476 6.450232670492799 4.649689940891031
2.5877498625237476 6.622425804529023 6.397412229917745
2.5877498625237476 6.32175902167241 5.79601689629551
2.5877498625237476 5.871926994741283 5.372695179328831
2.5877498625237476 5.821853755315164 5.348660024404297
2.5877498625237476 4.191013018926384 3.9577282228803505
2.5877498625237476 6.579156740575581 4.991303306644779
2.5877498625237476 6.714221561830659 6.13810974909224
2.5877498625237476 3.6318348481184874 3.466773456574318
2.5877498625237476 5.670457452487341 4.808834697104908
2.5877498625237476 6.336175213346735 5.6502766537474995
2.5877498625237476 6.406265140529783 5.334843592501838
2.5877498625237476 6.53919455314616 5.4022920154468865
