2.660058661371377 7.710690699543601 5.194188491195284
2.660058661371377 4.836575888792197 4.507099705373007
2.660058661371377 5.388517289613386 4.762270198167399
2.660058661371377 6.037147426493654 5.238099696452556
2.660058661371377 4.279421532133814 3.813483082387112
2.660058661371377 7.384718026150605 5.85275605233824
2.660058661371377 6.132984802727389 5.6360145214569055
2.660058661371377 6.679952171109804 4.673125465769527
2.660058661371377 7.131062196887045 6.032215976473289
2.660058661371377 6.227681101531754 5.975771529121411
2.660058661371377 6.436339203532757 5.803822631395534
2.660058661371377 5.800977689168146 5.148824472945279
1.7403158591620245 6.657573880239983 4.118994565323633
1.7403158591620245 6.17114909886104 5.794593705322833
1.7403158591620245 6.655313895095624 6.145554490483258
1.7403158591620245 6.662549189410164 5.439495254676956
1.7403158591620245 6.233124747738383 5.853553690491065
1.7403158591620245 4.836430538154097 4.575612071438046
1.7403158591620245 6.128789226516361 5.918514379396877
1.7403158591620245 5.820609835063848 4.761137029860017
1.7403158591620245 4.91115400255315 3.845971627527186
1.7403158591620245 7.441989441205369 5.796537632499224
1.7403158591620245 6.042855393851706 4.510185018136581
1.7403158591620245 5.833519603723069 5.080807917780152
1.7403158591620245 7.611134295572015 5.7098474333543505
1.7403158591620245 6.542256348857709 6.42180189227964
1.7403158591620245 6.645284913505314 4.772013681441464
1.7403158591620245 6.35179717555663 5.2204692287649905
1.7403158591620245 5.991664541243569 5.717811246498043
1.7403158591620245 6.081427079088332 5.9290313881276155
1.7403158591620245 7.763331600605092 5.542312397178718
1.7403158591620245 4.408350275347743 4.335588700011268
1.7403158591620245 6.484283858056525 5.31748813995035
1.7403158591620245 7.479419765717351 5.843181738407818
1.7403158591620245 6.328980107336726 5.489153798918246
1.7403158591620245 7.62552433782589 6.704573332246039
1.7403158591620245 5.7966291448517175 5.328073799888345
1.7403158591620245 4.549642085795394 4.4539457432504355
1.7403158591620245 7.047358180353317 6.605590846722288
1.7403158591620245 10.967758704085998 8.000325947147712
1.7403158591620245 6.684587716029618 5.667777781812013
1.7403158591620245 5.224818949908968 4.715442715269891
1.7403158591620245 6.577467068960555 5.737061455355954
1.7403158591620245 6.589356645051506 4.085582927228181
1.7403158591620245 6.413748531996749 4.603492763712892
1.7403158591620245 6.414621020424995 5.567161728617607
1.7403158591620245 6.383833634093641 5.118441263663374
1.7403158591620245 3.3517217010736258 3.069446193383891
1.7403158591620245 6.299335407956743 6.189288778401873
1.7403158591620245 6.184491209940049 5.686105329335564
