3.0334638578721322 7.60757606935263 5.625872046672353
3.0334638578721322 6.108166798970764 6.037920525566262
3.0334638578721322 6.514447653657488 6.341969936127753
3.0334638578721322 5.640988234832172 4.50538851381034
3.0334638578721322 5.053854881861064 4.423027454478662
3.0334638578721322 5.145188441755568 4.390706294043769
3.0334638578721322 6.978898217312368 5.740697076899828
3.0334638578721322 9.796674190660864 7.565600776388195
3.0334638578721322 6.467482156477388 5.201733999527289
3.0334638578721322 7.452004871055355 5.351079284816236
3.0334638578721322 6.460073162950248 5.1772984133810045
3.0334638578721322 5.521309063644498 4.6158865705428305
3.0334638578721322 6.3129507216699565 5.176429728617705
3.0334638578721322 6.338532730631535 5.015618173860163
3.0334638578721322 6.507580323040699 4.9831005336979874
3.0334638578721322 7.349548236383871 6.446027320392765
3.0334638578721322 5.656723226440889 5.2164839242465355
3.0334638578721322 3.8185893921782754 3.508905960085298
3.0334638578721322 6.495261184159379 6.191271166680007
2.6896195512825405 4.859643105239705 3.7815082143929146
2.6896195512825405 7.189801557308943 6.4303243667290815
2.6896195512825405 7.465187772913273 6.514683520361627
2.6896195512825405 6.641471885908615 6.182677921320057
2.6896195512825405 6.417498428072189 6.173171093339797
2.6896195512825405 6.648533722313957 6.465221641166434
2.6896195512825405 6.4869350932733845 6.01792168843148
2.002759353024413 5.558071015392997 3.794152388173864
2.002759353024413 5.859751188326619 4.877187567396954
2.002759353024413 6.179270561076525 5.889469969803082
2.002759353024413 6.236455747432455 5.035668047239256
2.002759353024413 6.412026490166674 5.129332271697193
2.002759353024413 6.094127652737651 4.940158351727798
2.002759353024413 5.330307564979961 4.632961641717583
2.002759353024413 4.574359090384263 4.445662259872144
2.002759353024413 6.9121847658992195 5.153996598064143
2.002759353024413 5.8925342474223505 5.260191238376151
2.002759353024413 7.106467060218456 5.70027049022445
2.002759353024413 7.808109292835741 6.765721450192367
2.002759353024413 5.955547605141444 5.590529939877054
2.002759353024413 6.194516313010677 5.314437739158002
2.002759353024413 6.2742810379491765 5.058450804064827
2.002759353024413 7.472140669111644 5.078449662575928
1.1296274441356968 5.62310828580296 3.3938305031471043
1.1296274441356968 5.764187188812521 4.354897078780257
1.1296274441356968 6.505062709382422 6.291854535877583
1.1296274441356968 6.316587430794602 5.221325155664416
1.1296274441356968 7.876610010597423 5.342071293112245
1.1296274441356968 5.331004195901585 4.864236371006071
1.1296274441356968 4.606926593934698 4.502750550820528
1.1296274441356968 4.56450545369972 4.491732246260019
