2.900136310009334 7.706395991684845 6.021551168453905
2.900136310009334 7.6364981790665 5.870653147593452
2.8094176074199777 7.664915837581612 5.167955443619264
5.677649488697266 9.565545235857053 6.846867111625837
5.677649488697266 10.359350811359608 5.6201746418548115
5.677649488697266 10.359350811359608 5.686094320492564
5.677649488697266 8.583975896306118 5.9164173289049975
5.677649488697266 10.285410615103228 5.839729813776426
5.677649488697266 6.618945273260007 4.693201525108949
2.8073969262877125 6.612488408454055 4.162651039437156
2.8073969262877125 5.670341848907 4.14258386011833
0.5883809207156614 2.8073969262877125 1.52719538461153
2.5578262680317185 7.2613733230883675 3.1660775663990894
3.2485183590545152 7.2613733230883675 2.5025673115749827
2.5578262680317185 7.2613733230883675 4.1865071207142925
3.2485183590545152 5.858674767685958 3.4931555689792777
3.2485183590545152 5.327413622026178 3.981481502185044
2.401324712164165 6.163913677818297 3.978919389688807
1.4737357196661418 7.752843823248355 5.218107981177981
2.401324712164165 6.403420698754093 3.365700800141745
2.8072454468045582 6.403420698754093 2.663053500410111
2.8072454468045582 5.383964123637856 4.1762613560126916
7.2477772664301785 5.5444786510909765 2.3347943636732578
2.8072454468045582 7.2477772664301785 3.6742210991134474
0.35640534574511706 5.697698380811964 2.4310770979881804
