5.130648638250438 7.696332464250075 5.651035792631481
5.1764226445595725 7.0316569309600965 5.173265617652584
5.1764226445595725 6.313102441259275 5.171026177315797
3.209284833915586 6.313102441259275 5.105745851359054
3.2407091279188625 6.313102441259275 4.020123229803146
3.209284833915586 6.278548921956453 4.934369435713846
2.85516044080649 6.009667401162403 4.9219229697994225
2.85516044080649 6.70156519967145 4.911312902955492
4.887427077193799 6.621808149017141 4.0645537173160635
2.8291300481237163 6.621808149017141 4.441927217407042
5.485162126219333 5.69863847536044 1.4943528956493306
2.6734490147638827 5.485162126219333 4.223995189619445
6.0651539412635564 5.295684630624887 3.3437528311745575
6.0651539412635564 5.280560775951944 2.276480028135967
2.632883215768008 6.0651539412635564 4.721271888418761
2.632883215768008 7.695987406483441 4.472457068509031
2.632883215768008 7.416523557496044 3.7578874219298872
3.890650109216939 7.416523557496044 2.9694628742972067
5.843898206069735 7.416523557496044 2.922336202815688
5.843898206069735 7.471141585568915 5.46703748102534
5.843898206069735 7.471141585568915 4.992793267808106
6.1422633491879175 8.126200852717618 5.821624044851154
4.799140593743413 8.126200852717618 6.26875585262635
3.795682692402839 8.126200852717618 5.391441185308351
3.795682692402839 8.126200852717618 6.319189562681429
