3.269830303845883 7.463733024275852 5.508145534466476
6.4516113012652525 8.39562465168446 4.89558171145246
4.588059710815571 8.39562465168446 5.8653196890207875
6.258541185872101 6.185872155512332 5.512218448660467
4.9745812593723 6.258541185872101 5.671123491660863
4.853840224441253 6.6509577325298395 5.767346823929809
6.4516113012652525 5.855955986765618 6.110670200326066
6.4516113012652525 7.083378382834727 5.747980856463234
3.3026535295110695 8.153504417714858 6.227725551151857
3.3026535295110695 8.153504417714858 4.981213753841908
4.517460104000975 5.677101485684673 3.8423678172785074
3.3026535295110695 5.677101485684673 4.314223340955956
2.888467655323407 7.6932783508995914 5.588159912092409
2.888467655323407 6.223235574012552 4.617990622661487
2.888467655323407 6.223235574012552 3.9460582637608876
2.888467655323407 6.612907579479479 4.0799826269188
2.888467655323407 5.82945360724521 4.428075496215377
2.888467655323407 5.82945360724521 4.58303904631635
2.888467655323407 5.893303968072676 4.476012558215735
2.888467655323407 6.650419075002155 5.457665651801208
2.888467655323407 5.465202664027476 5.19463425540603
2.888467655323407 6.637826974558688 5.035158848917434
2.888467655323407 6.637826974558688 4.649803205785766
2.888467655323407 6.091294807941662 4.850482745714097
1.1434851681704896 6.091294807941662 3.832426504949129
