6.373086533809996 7.492889678392476 5.049892189830026
5.498146862819464 7.492889678392476 5.130492277864401
4.199692323187204 6.534871173057631 5.7968274455534035
6.6575922437679615 6.534871173057631 5.377799883192836
3.6215283429906973 5.668845789288266 5.4986883507093305
6.341411160400568 10.199891289525624 6.743977258622959
5.599765342802847 10.199891289525624 6.619154712749085
5.248951865004955 10.701708230132947 7.660727887570625
5.236845962212406 14.538933093872146 9.847153196793613
5.236845962212406 14.538933093872146 8.367066866862828
4.585060744954006 13.137455340810568 6.2825727666598965
4.585060744954006 7.7681228969760525 5.455899375061869
4.585060744954006 8.616311897099342 7.431496741122303
4.585060744954006 7.7681228969760525 5.687154412762876
4.585060744954006 6.667868913048832 5.87510685826181
4.585060744954006 6.561374834413538 5.55070301698264
3.261786822425169 7.329562660620683 5.377979371896213
3.2285235568376547 7.329562660620683 4.1038644332647145
3.261786822425169 7.520884062562789 4.820989004091829
3.261786822425169 7.520884062562789 4.4741842019641185
3.261786822425169 7.39707999866523 5.297858632457092
3.261786822425169 6.832797033907944 4.845977932040074
3.261786822425169 6.832797033907944 5.459970813657288
3.261786822425169 6.832797033907944 4.985614589129804
3.261786822425169 6.832797033907944 5.081276174717195
