5.518663547023841 7.684514803713125 5.317721726475394
5.518663547023841 7.539146078352861 4.7327426427146415
5.518663547023841 8.8740124688211 5.45773800520133
5.518663547023841 6.129339594146732 3.1441100566040165
5.518663547023841 5.480455921076427 3.7594491949791595
5.518663547023841 6.448069009621683 4.455499336343518
5.518663547023841 6.461763229870133 5.364262486261433
5.518663547023841 7.1976277368782835 5.6518252394361825
5.518663547023841 5.734632582827878 4.7481275462602595
4.128681747894113 5.740529417519323 4.579956947496265
4.128681747894113 7.117314549453447 4.6399236472622
3.9260063819504123 6.168883387949492 4.962096985462567
3.9260063819504123 6.168883387949492 5.063574940627027
3.9260063819504123 6.05080094612909 5.42465695255609
3.9260063819504123 6.881599595741497 5.027315777735089
3.9260063819504123 6.881599595741497 6.117243423211734
3.2447773958151385 6.881599595741497 4.916150966449223
4.962631497066244 6.386010723528788 4.40112820542153
3.2447773958151385 6.386010723528788 4.072264584979577
4.472793546242613 7.44115073843739 4.350789297100955
6.389195507642114 7.44115073843739 4.6793918185877255
1.7977269028720184 6.661767162239261 3.8787958638550823
1.7977269028720184 4.552622937755498 2.770619099482462
1.7977269028720184 6.5078419967359515 5.45974939793928
1.7977269028720184 7.6244750513811095 6.463620847002304
