3.332319600191934 7.591535487388072 5.849437119264699
3.332319600191934 10.407292459229334 7.649954807183816
3.332319600191934 8.733880987914544 6.891823136613886
3.332319600191934 7.65273459866896 4.191826891971033
3.332319600191934 6.116778086035055 4.484455251302568
3.332319600191934 9.038395374232396 6.602726981486715
3.332319600191934 9.038395374232396 5.957822635749812
3.332319600191934 6.615818695130457 5.115403909504382
3.332319600191934 7.055237636513194 5.844108447432701
2.8653685683871513 7.055237636513194 3.570366859094798
2.7750339340892265 6.265140590100593 3.788243167752895
4.428550493742332 6.265140590100593 3.4803046552857384
2.945202625750938 6.265140590100593 3.5385806486689355
4.135166276269242 6.155074266839453 4.259781863998246
4.135166276269242 5.064947017915678 3.9761141737905783
4.135166276269242 5.9483716625487055 5.116552811988911
3.1864085224999 5.9483716625487055 4.060753837459616
3.1864085224999 5.855213309365453 3.7259141789701644
3.1864085224999 4.714127706516543 3.5913792519155376
3.1864085224999 5.259445886707063 3.6616102458635
3.1864085224999 7.4475850304236495 5.242073250061655
3.1864085224999 7.81298183423106 3.611523138183038
2.2965553863969856 7.4475850304236495 2.73786689046108
0.7946876916575225 3.9417003580702468 1.973397804885014
0.7946876916575225 5.086884764896105 2.850072215232255
