2.8845758715275633 7.4396184206417 5.18939377409175
2.8845758715275633 6.13935044039264 5.110660819109839
2.860680480025366 6.13935044039264 3.975249706901327
1.2725747449692375 4.116629819346215 3.447501465153308
1.2725747449692375 3.628889614468186 3.4920592377711546
1.2725747449692375 4.518063884203183 4.009890824693127
1.2725747449692375 5.695219455898812 4.2198118909220605
1.2725747449692375 6.499901526400233 5.236790880690505
1.2725747449692375 7.072731353228297 5.984276780117711
1.2725747449692375 7.301289819682994 5.4649252322746955
1.2725747449692375 6.499901526400233 4.517492255591465
1.2725747449692375 6.610372917210331 5.216568517260275
1.2725747449692375 6.610372917210331 4.295107638152292
1.2725747449692375 6.610372917210331 3.8790799943281646
0.26755170078188373 6.649257073738109 2.983774152983912
0.26755170078188373 7.260865167267637 4.21914410774214
0.714610535081825 7.260865167267637 0.9087804987999586
4.3655426293934845 3.2990707015150638 1.6567168688291385
0.26755170078188373 5.523017996625715 2.9347188791840404
7.714891667630566 5.523017996625715 1.2675984319868474
4.3655426293934845 7.714891667630566 3.27327894825643
0.26755170078188373 5.03144636427783 2.294758507224809
0.04802299890100459 5.511085345628729 1.211430245727749
2.3787239934103543 0.5972207872151611 0.26715938611975404
0.04802299890100459 3.2467416878826225 1.8114075790691553
