6.388460950180775 7.7825525338878485 5.115010923687151
6.388460950180775 6.533795058186563 4.184452626636638
3.9079514025866264 7.29552656044836 5.2657005994643615
3.9079514025866264 6.388460950180775 3.8399237054674202
3.9079514025866264 5.73101703449926 3.99137819006121
3.9079514025866264 5.689654398101357 3.506159120992831
3.317980786578563 5.756857271053594 4.234878975892537
3.317980786578563 5.756857271053594 5.340390472269249
3.317980786578563 7.67430957575395 6.52132632353316
3.317980786578563 7.67430957575395 6.239067654364062
3.317980786578563 7.67430957575395 6.03914547054546
3.1490247431848535 7.191793427826486 4.556191605489889
5.612648320325018 7.191793427826486 3.547087839203561
3.906530390218585 5.612648320325018 4.640274751622556
1.7655468192309134 5.721334470095645 4.763010700829092
1.7655468192309134 5.972697171787523 4.5792512997380035
1.7655468192309134 5.8289581433263145 3.569847384820533
1.7655468192309134 5.8289581433263145 3.4747822722697514
1.7655468192309134 5.8289581433263145 2.9990575160436634
1.7655468192309134 3.3235879295279855 2.9039756860586547
1.7655468192309134 5.072684344151469 3.525476213685981
1.7655468192309134 6.084640988988635 3.799578903046796
1.7655468192309134 6.084640988988635 3.7996107247530686
1.7655468192309134 4.5587087431661075 2.5241846861597543
1.7655468192309134 5.661906240509666 3.06122761096626
