5.687463066718259 7.666868786005315 5.479878365597825
5.687463066718259 7.666868786005315 5.148107204743412
4.580507584889379 6.610143585760991 5.702146850078938
4.051525148165329 6.610143585760991 4.502667705912587
3.4454291886324566 10.392692936558042 5.045266502403196
3.4454291886324566 4.525265062252242 3.9439304993050084
6.026172034747805 4.525265062252242 2.8672254366506658
3.2689343712645216 6.026172034747805 4.350529757862424
3.2689343712645216 6.026172034747805 3.5121331643675955
3.2343014502605176 6.026172034747805 4.007190109770315
3.2343014502605176 6.407230365762381 5.56572965150902
3.2343014502605176 6.595113736625322 5.495188281122406
3.2343014502605176 7.27872043674966 5.102458459743137
3.2343014502605176 7.27872043674966 4.604400683586348
6.39953422801695 6.718609475628551 4.9783205108148945
3.755967809049697 6.409495874941708 5.403641120475223
5.64497859824084 6.539691620580253 5.290600116188405
5.64497859824084 6.612034770703275 5.20045819798692
3.557519986207574 3.26463014020424 4.7530833271364745
3.26463014020424 6.278722931576986 4.915966483073758
3.26463014020424 7.099530977787451 5.153274436007525
3.26463014020424 6.818933360858599 4.857285474232275
3.26463014020424 6.818933360858599 4.339226463302759
3.26463014020424 6.518553268381336 5.219540927664779
3.26463014020424 6.518553268381336 5.3646061084028975
