4.18588751020183 7.770091538110698 5.529140078372577
4.18588751020183 7.770091538110698 4.53250598260209
4.666918514141237 7.770091538110698 3.9283900986603393
4.666918514141237 4.550000491592037 4.161029231526138
4.666918514141237 5.936405212794327 4.677821942133392
4.18588751020183 6.05987699627644 5.122186903496739
4.18588751020183 6.924431953304669 6.274108280209017
2.4944978440761223 6.924431953304669 4.8233090144495625
2.4944978440761223 6.924431953304669 5.143179255086599
2.4944978440761223 7.01288359211399 5.930568370302889
2.4944978440761223 8.256332971526813 5.490382193856602
2.4944978440761223 8.256332971526813 3.247503880366594
5.5913878325338295 3.8192523138374637 2.571355200517736
5.5913878325338295 3.6632439515937176 2.0340614134784665
3.0779964050843636 5.5913878325338295 2.0821946035941603
3.0383654098391593 3.082365421000191 2.285628754716014
2.6943795390078233 4.421635249026771 3.3902760351076613
1.4532032111941864 6.204526593625566 3.595775218835781
1.4532032111941864 6.601019889958813 4.762247532424307
1.4532032111941864 7.139471865762463 3.7812001592598485
1.4532032111941864 7.783425085993635 4.373725944603008
1.4532032111941864 6.417611670539124 4.023934084552773
1.5144569417246783 6.417611670539124 2.5571306720837104
1.4502965103601153 3.4230935509697002 2.1656239617695707
1.4502965103601153 4.523547946806076 2.7817095001714347
