5.923342290188096 7.516807265244445 5.389911267961431
5.923342290188096 7.453517854813882 5.264080555731201
0.28502096679764977 5.923342290188096 3.255783792488493
3.2491247936712466 5.923342290188096 0.614838615047246
2.284243656755731 2.3935795412200247 1.0960050338831784
2.6055021829925136 2.3935795412200247 0.27585278803597646
2.284243656755731 5.338084471636304 3.1940361408320204
2.0305251799196395 5.338084471636304 3.115051129609452
2.0305251799196395 4.7139728298497126 3.3354982672682487
2.0305251799196395 7.306265572418015 5.492588156471502
2.0305251799196395 7.306265572418015 5.825318011150585
2.0305251799196395 7.306265572418015 5.277300786633621
2.0305251799196395 7.136291189090976 5.31364193044806
2.0305251799196395 7.136291189090976 5.231266000500586
2.0305251799196395 7.885688686460478 5.68209770716489
2.0305251799196395 6.309408078483667 4.892443085063691
2.0305251799196395 6.567058038035018 3.323210675615573
6.654503893563554 5.288046530851435 2.5412126280147147
6.654503893563554 6.2381677244537315 3.6312666946874326
2.9620412747703075 6.2381677244537315 3.6963037232414875
6.654503893563554 6.308663229855284 4.560960191556142
6.654503893563554 6.611900508558577 4.863570337606753
2.9620412747703075 6.654503893563554 4.4393980587385915
2.9620412747703075 8.954978575855371 5.27976333199849
2.9620412747703075 10.010921209761769 6.072326403786767
