5.666563910373355 7.413253526824265 5.282998648077123
5.666563910373355 7.413253526824265 6.038409733200465
5.666563910373355 7.540438952629046 5.0815691073129425
5.666563910373355 8.947049044396177 7.437873391762609
5.666563910373355 8.947049044396177 5.732968098301337
4.736971187221268 7.6555720205554625 5.215922605859499
4.736971187221268 6.555536263928374 6.046911134177021
4.736971187221268 6.678671218999213 5.53337907369666
4.736971187221268 6.678671218999213 4.963564671245695
4.736971187221268 6.728151338418286 4.906167863112952
3.2720735959597644 7.276429599610745 5.158815998833699
1.3153441433418434 7.276429599610745 3.6482870345436407
1.3153441433418434 7.276429599610745 5.000125779655293
1.3153441433418434 6.3993505640079675 5.1121238674380285
1.3153441433418434 11.552648392746773 7.185633518951125
1.3153441433418434 11.552648392746773 4.7031174027164075
3.182559200453128 3.967265938386767 2.335764915329931
4.155426340243153 5.755540766987327 5.033213512682296
4.155426340243153 8.145502760816285 5.570211318527577
3.5275800983337224 8.145502760816285 5.7012894508095435
5.647073096654946 4.422724827552251 5.463077861123187
5.647073096654946 6.443247005645489 5.586196099282156
5.647073096654946 7.522180648226991 6.1734178892927165
5.647073096654946 8.126017509615606 6.681071217376949
5.647073096654946 8.126017509615606 6.506533533965956
