1.6011569638590477 7.695713991018803 5.648355548930523
1.6011569638590477 6.55831907189933 4.160682932420536
1.6011569638590477 3.138903460124809 3.656480568117107
1.6011569638590477 4.889437475132862 3.1924346905190566
1.6011569638590477 5.749878413965185 3.6824738862383297
1.6011569638590477 7.7068418664704055 4.388655599728599
5.090428689482497 7.7068418664704055 4.392793127758109
5.090428689482497 5.644197496540539 1.6463189572766757
3.4697103577806527 5.710492806687448 5.054641187301696
6.555733878851967 5.710492806687448 5.239526036106436
2.780805384479408 6.3393229594504845 4.709634314439949
5.114378823257873 6.555733878851967 2.520312175398188
2.549609630598891 6.555733878851967 4.457529770436509
5.606038945275941 5.417661484331401 4.299261295885201
5.606038945275941 6.083284656696609 4.68620093735486
3.139242730646377 6.083284656696609 4.407221324785022
5.415499748680325 5.664343034539474 3.6449378702841155
2.6586380240481806 5.664343034539474 4.529735674185689
2.6586380240481806 7.631538836101177 3.3680304096615434
2.6586380240481806 6.368107352619475 2.574298029398524
2.6586380240481806 4.934569308308099 2.8076392951069042
6.586658756939883 3.3174620917670947 3.332426661670411
2.7114452923748407 6.586658756939883 3.493680442258731
2.7114452923748407 8.990033275354907 6.886984968362297
2.7114452923748407 6.293902999085123 4.936828015714047
