1.7719361585627422 7.761925228364538 4.978627925340763
1.7719361585627422 6.106844536091568 4.319886804547774
5.812438557310383 4.568039813887552 3.052880487913373
5.812438557310383 3.8167523576104974 3.084539294004277
5.812438557310383 5.065413082386112 3.231400828302322
1.4259823607655737 4.419920435980774 2.429998351959374
1.4259823607655737 6.478436033880051 3.4803305712686883
5.6191838193787085 5.812438557310383 1.692801738596973
1.3849288398204895 5.690248142869528 2.722132202313629
5.6191838193787085 4.13847964329419 2.011041804721943
5.6191838193787085 5.744194703528795 2.185849779405083
3.2605708389488197 5.836217973933593 3.343203485246344
1.3695383719415202 5.693693545744804 3.3895930854320326
3.2605708389488197 6.552548228871686 4.288422181107442
1.3695383719415202 6.552548228871686 4.343277515177032
3.2605708389488197 6.204756315075397 4.4858098176042
3.2605708389488197 6.411950061532934 3.6205211915149484
3.4183662124709184 6.411950061532934 3.024958329612092
7.400600316325493 3.5010349475153757 2.760259964361171
5.413042782519497 4.395062930180071 3.7429127960223547
5.413042782519497 6.569401963402996 3.5142383760552494
5.413042782519497 7.400600316325493 4.2452971655055425
5.413042782519497 7.400600316325493 4.395378230002157
3.114712983800452 6.569401963402996 4.04668797822108
3.114712983800452 5.68529219259322 3.723494067003545
