4.333349889137551 7.720038501947231 5.532387070659724
4.333349889137551 7.6393037860442625 5.387780231669348
4.333349889137551 6.197397276828955 4.795068228373848
4.333349889137551 6.6787364179033055 5.952357669892585
4.333349889137551 6.8582682344871415 5.440938027748856
4.333349889137551 6.8582682344871415 5.62090750189667
4.333349889137551 6.8582682344871415 5.386616513481301
6.400708908215314 6.524802572568149 5.180317855924931
6.167284128291119 6.524802572568149 4.848944775237209
3.0572556810574096 9.042341208606496 5.927173424581624
3.0572556810574096 7.690683235849054 4.642196265014057
2.8241003095410986 7.690683235849054 4.206572884762696
3.883952849889177 3.5789795577567856 3.969130611691047
3.883952849889177 5.393632385768203 3.857641168493821
3.883952849889177 5.473511249283675 5.002039169292271
3.883952849889177 7.4096533674844824 6.097119139491014
6.337556920083138 7.683875402300428 5.744610864713811
6.337556920083138 7.8972085667706455 6.069476385848144
3.4880564606049984 6.976259531844896 3.283321107650155
3.4880564606049984 7.5909657377437885 4.0665279656073805
4.941307776970589 5.150277124175787 2.761911940159623
4.520584451828281 5.150277124175787 3.6751248924063247
4.520584451828281 5.822319027680308 5.191470246367727
4.520584451828281 5.822319027680308 4.65029506618792
4.520584451828281 5.822319027680308 4.7854477141509495
4.520584451828281 7.239937121956176 4.955961228700156
3.1401793725434186 6.686166169972655 4.39697081104209
6.218156495448177 9.052837790963501 5.198088231662909
3.0003459299759503 9.208714891137479 7.487759288843714
3.2916968497682295 6.61545693730066 5.357338982914815
3.2916968497682295 6.228541170160554 5.115464355074457
5.367558013001101 7.33342079415524 5.338087939448364
5.367558013001101 8.413202574152363 6.380621778771812
5.367558013001101 8.413202574152363 5.331128914193827
5.367558013001101 8.413202574152363 4.902144086629932
5.367558013001101 6.907172582794253 5.068569779130101
5.367558013001101 6.222843754996649 4.38832876139006
3.2580343606803237 6.5656016622802085 5.016722755785749
3.2580343606803237 6.5656016622802085 4.593768698111434
4.094545698314729 6.087136183501979 4.074796772111594
3.370576379141817 6.739394167959572 4.745844459034401
3.337880959194074 8.508621359180985 5.826846908739968
6.251402155151453 8.508621359180985 4.362821855208339
4.589821269345219 6.251402155151453 5.645017250452877
4.589821269345219 6.670053339716635 6.580209173229219
4.589821269345219 7.672576375402743 6.196527546662204
5.537580546037297 7.672576375402743 4.833723209342554
4.48675166705884 7.672576375402743 5.991006458652944
4.48675166705884 6.59322605930193 5.329006561764413
4.155986096204966 6.419107206692569 5.301434413599183
