5.08344708899903 7.713234930607822 5.135701623527162
5.08344708899903 7.555311549722882 5.694781376304984
5.08344708899903 7.620798907733745 5.107869787781144
5.587203061250122 6.842757288624519 4.256458852275749
4.21819054458728 6.842757288624519 4.92348175496262
3.6003064531075464 6.842757288624519 5.660339162893691
3.287208514797094 6.243056543822682 4.692242235784365
5.3932419657530275 6.6573792183714104 5.370829789672557
5.3932419657530275 6.745441041346403 5.649636472605079
3.165354357142015 6.745441041346403 4.664263283906494
3.2674430309174345 8.328749279654001 4.792147962401883
7.5760189961208315 9.689462454368043 5.320590182729403
7.5760189961208315 6.277493576417715 5.487455029095341
7.5760189961208315 6.519724117437924 4.58647311938342
7.5760189961208315 6.545247077626954 4.48849293252761
5.385285767612679 7.5112963258633645 5.351748761764514
3.3130923446490894 7.5760189961208315 3.8278160232964584
2.867083542252957 7.5760189961208315 3.7953820045688276
5.344975338307993 7.5760189961208315 3.5372848598426994
2.8479955051462125 6.2106644244063 4.352101737054636
3.757902604907262 6.2106644244063 4.212636346760578
2.8616355901021326 6.660575421479745 4.557316611101489
3.757902604907262 6.3214935719626055 5.019427119884056
3.757902604907262 6.581099245160676 5.275978020751896
5.000808337102203 6.581099245160676 3.8865155205563724
3.4056590579039825 6.260438627340147 3.5382634422074024
3.4056590579039825 5.507105271519649 4.07776938760959
3.757902604907262 5.664651396942613 4.29917536313261
3.757902604907262 5.664651396942613 3.932202261018276
3.757902604907262 5.507105271519649 3.937940232450116
3.757902604907262 5.151459912227818 3.534440086682009
3.757902604907262 6.5414864290745705 4.574205044073103
3.757902604907262 6.354108047936876 4.720725978358106
2.1434931869240867 6.639890691272157 5.654366387176806
4.996399521836441 6.639890691272157 5.4325857667398445
2.1434931869240867 6.639890691272157 4.47802151660837
4.996399521836441 7.3251873266984 5.268876400531674
4.996399521836441 7.3251873266984 5.144494868040922
4.996399521836441 6.179513179446687 4.56303648672963
3.757902604907262 6.179513179446687 4.709785422652077
3.757902604907262 5.614212700349658 4.5634540978729605
4.5750253009380515 6.496382055207473 4.868934451144148
3.757902604907262 8.153279888148386 6.031778071173343
3.757902604907262 7.458654372715271 6.075507377799199
3.757902604907262 7.458654372715271 4.176041184101371
3.757902604907262 7.458654372715271 4.134178397189725
2.8940601471963032 6.40228288763392 5.264261726881354
2.7975290144678273 6.40228288763392 3.9820705601092192
2.7975290144678273 6.406292498848693 5.351004621288024
2.7975290144678273 6.452338666130821 4.684023050299173
