3.7033479352640524 7.422637362005258 5.479121830375714
5.327424928409698 7.223716001761714 4.999404419101456
3.7033479352640524 7.223716001761714 5.899255508355506
3.7033479352640524 7.588427529074766 5.816142001735695
3.7033479352640524 9.1453939015085 6.533456833763701
6.270626260263562 9.1453939015085 5.205392358074173
6.270626260263562 9.1453939015085 4.894978527988653
6.270626260263562 6.146224101350903 4.812640958436542
4.571450792257139 9.172069579844255 5.669715939513248
5.650534681200849 7.238206303446827 4.729375332428687
4.072857696534101 7.238206303446827 5.015410209629986
6.346219066853401 7.468547244078943 4.6612989538194896
6.346219066853401 7.468547244078943 4.745657776456193
3.158682178221263 7.425367424227257 5.313215856820947
6.20295527503713 6.6406417138974305 4.448900201071689
6.1130715075722435 6.658417100805771 4.6027392428939224
6.523453704330198 6.658417100805771 4.4438370107220315
6.523453704330198 6.974179748650657 5.712494316328165
6.523453704330198 7.21968978587298 5.628138982296515
6.172811174482177 7.21968978587298 5.0089027788006355
6.172811174482177 8.806260626167763 6.700461738350706
4.804177104795961 8.806260626167763 6.462766050687305
4.351804018336615 8.806260626167763 5.707988964662886
5.919779596140927 7.742268859153983 5.050907825183217
4.263216276184284 7.742268859153983 5.08759356423771
5.4382496826518825 5.919779596140927 3.891800436102408
1.8858323333425386 5.4382496826518825 4.46540916507013
3.8043850388152873 6.51925333617767 4.9056595750984915
1.8858323333425386 6.118804730859555 3.804423483954264
3.8043850388152873 6.161812803525791 3.676752052599879
3.8616584533076765 6.161812803525791 3.5903485371094854
3.8043850388152873 5.831913538156098 4.569153865621805
3.8043850388152873 6.505131373328531 5.152791390419603
3.8043850388152873 6.505131373328531 4.943910785110145
3.8043850388152873 6.282155532498592 4.986372254051556
3.8043850388152873 7.735272222008579 5.278306718269636
3.2799413583952064 7.735272222008579 4.422412339601126
5.45203323770987 6.409285515943516 5.092981493863891
5.45203323770987 6.404974846437746 4.640480507910837
5.45203323770987 6.404974846437746 4.144972648421731
3.3849447682975122 5.581826840685608 4.174502544166341
3.3849447682975122 5.45203323770987 4.01943209447875
3.3361907874938272 6.377538685446691 4.982419741665059
3.3361907874938272 7.661352255866332 5.952638983208398
3.3361907874938272 7.661352255866332 6.065473986432461
3.0046009211043807 7.661352255866332 4.687111428670269
5.504252659479434 7.586232590190942 1.964130701248753
3.4421737115290267 3.7158612340711064 2.4451073594951955
1.6499658008947375 6.1036622887271115 3.799777286134985
1.6499658008947375 6.1036622887271115 4.329864184930865
