4.133145123127338 7.532297497288377 5.464349652133212
4.133145123127338 6.608310930982626 4.482591855354994
4.133145123127338 5.836933560301208 4.300032589198422
4.133145123127338 6.537139984271665 4.509889231897691
4.133145123127338 6.5816853850670185 4.451010240284683
4.133145123127338 6.5816853850670185 4.320849110799765
4.133145123127338 7.134716429543857 4.742126325429158
4.133145123127338 5.675116518857603 4.714859121025159
4.133145123127338 6.511917755299631 5.072135059017292
4.133145123127338 6.511917755299631 4.452412139533762
3.3816237842027914 6.504131345045682 4.409310819936092
2.754007235836401 6.504131345045682 3.515174901143542
2.159712768403431 6.329049419255146 2.9298125669221675
6.2127640960476 7.6261528033058745 4.492259103260648
4.172132806327806 7.6261528033058745 4.421501859221331
2.618891264217066 6.665837300821007 4.73499578907531
2.618891264217066 6.2127640960476 4.19724091640561
2.618891264217066 4.678895263283781 3.9624626234918408
2.618891264217066 7.156402503528724 4.814290165671917
6.617101159986287 7.263821317808594 4.7248281483042796
6.617101159986287 7.604601512888069 5.047652041240139
3.148778734843433 7.604601512888069 5.069916240949065
3.148778734843433 7.375854961908406 5.337386971890876
3.148778734843433 7.375854961908406 5.468150893748907
3.148778734843433 7.375854961908406 5.048069499652283
3.148778734843433 6.090204387924736 4.422242018211154
3.148778734843433 6.5663705583442855 5.248014852909539
3.148778734843433 7.640813542908045 4.979114060503271
3.148778734843433 7.640813542908045 5.762362599249919
4.232246451320236 7.659835787162347 5.384342044762267
5.784463828181416 7.659835787162347 4.5745602999645
3.9874872498479523 7.7176766038105455 5.114600223830284
4.09365092103975 7.7176766038105455 4.646064462615482
3.841133866514561 7.7176766038105455 5.819091030292757
3.841133866514561 7.981680822549077 5.916134684629844
6.5214503249226325 7.981680822549077 6.462270465444118
3.841133866514561 7.896908394103814 6.779042859164805
3.841133866514561 5.854762776358388 5.315569626217705
3.841133866514561 5.854762776358388 6.444563871062105
3.841133866514561 5.854762776358388 5.563921157591266
3.841133866514561 11.129526990677437 7.225730110958592
4.993265183794563 11.129526990677437 4.189103496120158
7.2950526397332105 11.129526990677437 3.988730335806435
2.9491138134999137 6.3852095028161315 4.039291566717534
4.940292761659514 7.368885518149408 5.5695220295177466
5.451665696094686 7.6958318951365925 5.705459515859101
3.002325200515131 7.945840644674913 5.869121424661566
3.6169449765376 7.945840644674913 4.3123715215550575
3.230071605905661 5.484386390037184 3.7362746336383528
3.230071605905661 7.435107039247715 4.752435940791909
