7.142280458292845 7.71629766460414 5.532373505795729
7.142280458292845 9.1761111517606 6.072083188745657
7.142280458292845 9.1761111517606 4.994892898183633
3.2605278890206972 9.1761111517606 5.183656786419692
3.2605278890206972 7.142280458292845 4.943605674329368
3.2605278890206972 6.5174217893935555 5.723903355976074
3.183075037821095 8.4113488672007 5.309203993175748
3.183075037821095 8.4113488672007 6.311083474964125
3.0788698177062988 8.4113488672007 5.456857115837291
4.943007659447144 7.4796458757517765 6.493745797422967
4.943007659447144 7.254046004229483 5.3745563658069475
4.943007659447144 7.713501610124316 5.226924702956876
4.943007659447144 6.402243890575914 5.290056883358958
4.943007659447144 6.402243890575914 4.9555746409496475
4.943007659447144 7.700474997273027 5.783912939173475
4.943007659447144 9.378849416146679 6.009037237657767
6.643877394209461 5.961641372480546 4.401072660131576
6.643877394209461 7.394112919015518 6.0807903345160526
3.939988954875663 6.666665111182066 5.322328807331264
7.0582331176852335 7.402905756018674 5.294810425992818
3.1320027055308484 7.402905756018674 4.338430083904517
5.22066034412401 7.0582331176852335 4.970974303858944
5.22066034412401 7.0582331176852335 5.209453162125741
5.22066034412401 6.684779843734667 4.833043533794392
5.22066034412401 6.684779843734667 5.817189565402804
5.22066034412401 6.684779843734667 5.7664196749737355
3.2458489033994096 7.747045744946009 5.623985113996133
3.2458489033994096 8.955315860830295 6.6682825784361555
3.2458489033994096 8.613761515284091 5.800758551149405
3.2458489033994096 8.613761515284091 5.374480788450125
3.2458489033994096 8.613761515284091 5.923002906903354
2.867157903238891 8.613761515284091 4.507904594068974
7.567250250834311 6.495101276811901 4.42200090356909
7.567250250834311 6.734066282988405 4.992732340008325
3.6369628685096314 6.1742322169133494 4.65402354203767
3.6369628685096314 7.567250250834311 4.894213423563155
3.211774587204147 7.567250250834311 4.4652957180313635
3.211774587204147 7.567250250834311 5.667410054322212
3.211774587204147 7.494444999920891 5.117516905766816
3.211774587204147 6.35497700155528 5.072054401537601
7.557832159375762 6.852496517660617 5.21261790515675
7.557832159375762 7.692773254365891 5.645869725790288
3.485235000181888 7.692773254365891 5.464942126314622
3.485235000181888 7.557832159375762 5.514107542659685
3.485235000181888 7.557832159375762 5.329554223668137
3.485235000181888 7.707863801671953 5.8923128693296825
3.485235000181888 7.707863801671953 4.833997085288063
6.145877833014747 6.208508256927388 4.403783390178038
4.412882631014014 6.208508256927388 4.792483409916689
3.0289462299540735 6.208508256927388 4.226557064261234
