5.536817728317459 7.527199304582469 5.261985139973211
5.536817728317459 7.527199304582469 6.071640324515121
3.9639354875819994 7.630830979333872 5.7009009778951505
3.9639354875819994 6.666020083050128 6.0702935008147305
3.9639354875819994 6.666020083050128 5.562267011317209
3.9639354875819994 6.666020083050128 5.214410502530875
4.535466486991311 6.666020083050128 4.277839423117657
3.4370072600298447 6.236077469153951 4.757416403570121
2.7212082809872844 6.236077469153951 3.6350034977963177
2.6226923163459017 6.428204646360609 3.890971631020739
3.6784635800719525 5.505598492107492 3.762152936953957
2.6226923163459017 6.112255368800589 4.878840439018019
2.6226923163459017 7.676720443892583 5.1747705174537835
3.6784635800719525 7.305122350950697 5.452195937136245
3.6784635800719525 7.676720443892583 5.720557108629764
3.6784635800719525 7.676720443892583 5.090400528572988
3.6784635800719525 7.598302189350919 5.376532493760026
3.6784635800719525 7.77796512160468 6.65609212522518
3.6784635800719525 7.77796512160468 4.843640220436019
2.8671949156735974 7.48389461571775 5.081205053435034
2.8671949156735974 6.570916603466763 5.699162569835986
2.8671949156735974 8.04526883117229 6.671073660512932
2.8671949156735974 6.506008897997557 4.907030291750219
1.516804631904741 6.506008897997557 4.090692044772973
1.059687317743013 6.07148486107133 3.709644798431761
1.059687317743013 5.725492903372409 2.362334516341378
3.246775501531556 5.725492903372409 2.7191202710983258
1.4083910439509641 6.659522638774845 3.2820293454672056
2.8556269797284313 5.657433931095888 1.6608876644082955
5.919167450571273 6.832811603942842 4.555902928940338
5.919167450571273 6.832811603942842 5.155524185277722
5.919167450571273 6.832811603942842 3.7652307733865795
5.919167450571273 6.600008733186289 4.351100022494733
5.919167450571273 6.600008733186289 4.175303241466415
5.919167450571273 6.600008733186289 4.4362358323016045
5.919167450571273 5.545936958658736 4.105994386213464
5.919167450571273 6.545645959837071 3.952803766448607
4.023460329109035 6.545645959837071 4.426819968845427
4.023460329109035 5.998502947184246 5.1363678851351855
3.753827870089616 5.998502947184246 4.669919449705437
2.3810295942056077 5.738649004616878 3.7559007674563976
3.267153171181594 4.884058874605973 3.9834681037204107
2.3810295942056077 4.884058874605973 3.572002617503857
3.267153171181594 7.087948889331326 4.445328598826266
3.267153171181594 7.087948889331326 5.245927089696495
3.267153171181594 7.736041687573888 6.134258834855395
3.267153171181594 7.736041687573888 5.546838384099654
3.267153171181594 7.650755466303105 5.393527848305133
3.267153171181594 6.364146735948822 5.295976645642436
3.267153171181594 7.650755466303105 4.734542972505836
