5.911238531262171 7.572419565238933 5.706152893593913
5.911238531262171 9.121947312213775 5.918060996905111
5.911238531262171 6.990564086628368 4.84919005773356
6.522115855916656 9.06143535495727 6.363108483598803
3.0416522365551555 9.06143535495727 5.539589955673436
3.0416522365551555 6.659989119700608 5.843601244220511
6.170855169412807 6.659989119700608 4.856536694854801
3.0416522365551555 6.346662505551098 5.365200233539382
2.76736535654538 6.4348974589370975 4.911086527165748
4.756997241620859 6.9505291472138175 4.279030273261849
4.756997241620859 5.488398198376526 4.4418755246852735
4.756997241620859 7.4674339772765315 5.292106895775512
4.756997241620859 7.4674339772765315 5.408176122793699
4.756997241620859 7.4674339772765315 5.318873286867748
4.756997241620859 6.605587688400075 6.110946848293963
4.756997241620859 8.420631030507613 6.270120254568687
4.756997241620859 8.420631030507613 4.646670834734804
4.756997241620859 8.420631030507613 4.7811104887096985
3.2798854683315786 8.420631030507613 6.168798897154862
5.496659143137748 6.72393903268865 4.749308358949483
7.5008545959693205 6.598812865228602 5.035212032862228
7.5008545959693205 5.56696971054869 4.9655677040501995
3.146388763165398 6.148601099985129 2.9687948353036226
3.146388763165398 7.256646421003717 4.441203405865138
6.0391119744877955 7.5008545959693205 4.378087300493538
2.5376714293082476 7.947722540889769 4.147757793866166
6.449779373077899 5.871480777521445 2.625876449027398
2.5376714293082476 6.703027787076323 5.651027780600049
2.5376714293082476 7.4554218489603805 6.034421871697833
2.5376714293082476 7.629900378023166 5.99772537429711
5.769735862921806 7.31353716096155 2.773116383232446
5.616628762706309 6.084769204239567 4.615487972096642
5.616628762706309 6.247717345786874 4.2102281636184005
5.616628762706309 6.274563333240156 4.7383964900731295
5.616628762706309 6.4310359887083415 5.2493160423820875
5.616628762706309 6.499290005891009 5.558212282526097
5.616628762706309 6.445214237479146 4.812149131540814
5.616628762706309 6.741031522591696 5.035363557893426
5.616628762706309 6.741031522591696 5.426834364447118
5.616628762706309 5.90016572445116 4.807718021943293
5.616628762706309 6.69274837895232 4.208967455373145
5.616628762706309 6.69274837895232 4.675161626266982
3.671642592398158 6.69274837895232 5.550698425505901
4.026425848535304 6.69274837895232 4.267065579503143
4.83538475901851 6.243838648512114 5.100544059100811
3.4608314157440927 7.535225086152634 4.832799822328666
3.4608314157440927 7.535225086152634 4.894499235028869
6.6582277440136615 7.535225086152634 5.243052505286673
3.4608314157440927 6.6582277440136615 5.1782441654348546
3.0309615174254962 7.2084939720753844 5.109716551202679
