4.023444837345899 7.665961503914987 5.579726967375831
4.023444837345899 7.665961503914987 5.613112171651476
4.023444837345899 6.591951778379418 5.067703775973125
4.023444837345899 7.266593343718432 5.454504874983335
4.023444837345899 7.266593343718432 6.132642125140503
4.023444837345899 7.646689353223449 6.056914100403319
2.8161067510745323 7.646689353223449 4.357493531585067
2.8161067510745323 7.69288516367077 5.647770740139416
2.8161067510745323 7.69288516367077 4.409789806086073
5.109169925161865 7.69288516367077 5.486085426882422
4.214331425067783 7.69288516367077 5.385397733182471
4.214331425067783 8.198272067629684 6.240567567736732
5.0245652300675445 10.790931178455532 6.593939850174815
7.655394322122461 10.790931178455532 3.877344841170298
7.655394322122461 5.488333860028785 3.2779687641779987
2.8729746372413456 7.655394322122461 5.443393010697962
2.8729746372413456 7.655394322122461 4.079678327238359
2.8729746372413456 6.374373362908443 5.455547563577906
2.8729746372413456 6.374373362908443 4.766113678570204
3.6100680046624523 6.662089645329164 4.515314741475691
2.8729746372413456 6.610145604188322 4.128234814875842
2.8729746372413456 6.610145604188322 4.764336874538367
2.8729746372413456 6.610145604188322 4.387590552775254
2.8729746372413456 6.610145604188322 5.462581337069793
2.8729746372413456 6.610145604188322 6.063245592417981
2.8729746372413456 6.53551054822022 4.5975447658956945
2.8729746372413456 6.472896866841037 5.627092399913746
2.8729746372413456 6.472896866841037 5.768015959289848
2.8729746372413456 6.410449426324817 4.441871012213057
2.8729746372413456 6.014107397525038 4.401044277939419
6.062612188304062 6.967690649965071 4.101550355934262
6.062612188304062 6.967690649965071 4.772033695641059
3.740579168349108 6.062612188304062 4.393932523486658
3.740579168349108 6.062612188304062 4.62533592571557
6.064480106111439 4.5452429663003535 3.5409647779945113
5.9120227656048066 6.5442608901899995 4.758184366931353
2.0458116306430623 6.064480106111439 3.8682849219495963
5.9120227656048066 6.064480106111439 3.0696321491259333
5.9120227656048066 6.330073491398473 4.705548505346064
4.304601261468552 6.330073491398473 4.353091711491258
4.304601261468552 6.330073491398473 4.758452926651182
4.304601261468552 6.330073491398473 4.233682135017358
2.8664521625073296 6.619080159510496 4.509712751658124
2.8664521625073296 6.781985760441932 4.785047510348473
2.8664521625073296 6.619080159510496 5.107412564706551
2.8664521625073296 7.707487235988895 6.0915924955511285
2.8664521625073296 7.707487235988895 6.04419941914425
2.8664521625073296 7.707487235988895 5.589522260613173
2.8664521625073296 4.15583297761431 4.7084897861949075
2.8664521625073296 6.546129835347934 4.06634746874286
