6.017609565949012 7.591653716554831 5.3692225512958025
6.480618073808483 8.866240874284532 6.907192335603484
6.480618073808483 8.866240874284532 4.832317447773668
6.480618073808483 7.779561174014226 6.339592923841986
5.451231372747525 7.779561174014226 5.615762363665762
1.3298914483167867 7.779561174014226 3.001317915510424
6.26617280340578 4.96214892268344 4.204447472570782
6.26617280340578 6.632360338023176 3.8428706135343016
6.26617280340578 6.888763398186706 3.304195871800238
4.77207265046578 6.26617280340578 3.562981754827116
5.589067905447273 5.451432218269151 4.883160902580744
5.061751040938994 6.048434350368886 4.8971076762631665
5.061751040938994 6.048434350368886 4.985332854511658
4.029847931772856 6.189420826590631 5.205378899714032
3.9604923049114373 6.4892733580770035 5.783504617495139
4.706376745993591 7.433123086268168 5.481462006907613
3.9604923049114373 7.464751061224579 5.6966477196863625
4.706376745993591 6.4892733580770035 5.54450290284789
4.935854067780877 6.4892733580770035 5.077954973138278
5.50820597281427 7.662774313037586 5.19299000931572
3.901706002664018 7.662774313037586 4.565147556734898
6.588180708592571 6.28964417439316 4.166521188418304
3.901706002664018 6.593924960965214 5.920767415472613
3.2183084603227177 7.403604688445608 5.399768451049993
4.218666160291573 5.569723108632889 3.2936896980488934
4.218666160291573 5.681107913060554 3.9737650565379057
4.722481222928661 6.4507317396974315 3.656499823702869
4.381343599680591 5.681107913060554 3.8001861393548664
3.6462269145135946 6.3529878034767115 4.751954529749119
6.33963953679978 6.3529878034767115 4.510102742797231
6.33963953679978 5.742128923399619 5.282416643548072
3.9461353875888183 6.546894575278703 5.784464985455213
3.6462269145135946 7.5696559652475734 5.539925651535423
3.6462269145135946 6.644817035618786 5.777784020499848
3.6462269145135946 6.644817035618786 4.6650838758207644
3.6462269145135946 8.53236425071345 6.4370626955695265
3.509724891264615 8.53236425071345 5.731822912596437
3.3514418023497403 11.850559157092695 7.6428957958835095
3.3514418023497403 11.850559157092695 6.934665706200827
3.3514418023497403 11.850559157092695 5.240436529950391
3.3514418023497403 6.145715398795595 4.709499046347532
3.284505555812711 6.533994159520393 4.589241632529669
3.284505555812711 6.533994159520393 3.7977698529740294
3.284505555812711 6.533994159520393 5.1486210621930955
3.284505555812711 6.990426145903648 5.357803065705299
3.284505555812711 5.172680175652673 5.934922955205066
3.284505555812711 7.584751506440561 4.835906720875632
3.284505555812711 6.598559710630475 4.706047356728221
5.2880820700458955 7.644834461043768 4.089470111380923
3.249347307394196 7.644834461043768 4.725297140307464
