3.149593619968926 7.645295865416498 5.304222568561016
3.149593619968926 6.255146769391999 4.197381021230383
3.149593619968926 6.255146769391999 4.835036721267332
5.591383684414556 6.418313495368796 5.0750923301452495
2.749924007233045 6.418313495368796 3.8659617798899677
5.591383684414556 6.649862299586584 5.247201487164701
5.591383684414556 6.105811957356035 5.2187581291617
5.591383684414556 6.105811957356035 4.970898562701285
5.591383684414556 6.253679057215649 5.765707114723683
5.591383684414556 6.401664481469577 5.76958443125993
3.435330223235447 6.401664481469577 4.504203022097911
4.742021731453594 7.658389763964797 4.798005067974855
3.435330223235447 7.656037709908734 5.155904861418545
3.435330223235447 7.656037709908734 5.89845113755496
3.435330223235447 7.740388434203998 5.767954459379165
4.580723992432663 6.397014394834979 4.558660152102287
4.580723992432663 6.397014394834979 4.660706226031714
3.8274367572923507 6.082073291748824 4.32253358121076
4.580723992432663 7.523120365450547 5.560666194743577
4.580723992432663 7.523120365450547 5.145910708020991
3.8274367572923507 6.674620266778792 5.736715991794856
3.8274367572923507 7.887863176020323 5.724384932474103
5.194868053871463 7.887863176020323 3.0520099303516512
3.3169151030664854 6.466084303244273 2.7561400491856456
3.2356089070854073 5.304490466959745 4.306110566294743
3.2356089070854073 6.8275106693778 4.6930354363859745
3.2356089070854073 6.8275106693778 3.729773172583925
5.696602687160002 5.43436012055658 3.900349484798781
5.696602687160002 6.536248952453036 5.270535085139679
5.696602687160002 8.217084622680886 4.993900467496594
7.007354347549752 8.217084622680886 6.196404496612703
7.007354347549752 8.00936667539306 5.550737862807628
7.007354347549752 8.75824447825332 6.635387269273749
4.47661589832736 8.75824447825332 5.811242262454488
6.30242659515282 8.39687055528481 6.341639789893032
3.4548997024786883 8.731546712134008 6.246292721322959
3.33234711675112 9.736893888852412 8.127530342056575
3.33234711675112 9.736893888852412 6.105514092463507
3.33234711675112 9.736893888852412 5.093750911005224
3.33234711675112 9.736893888852412 4.894679443107706
3.33234711675112 6.628269367349198 5.422435851088696
3.33234711675112 6.645750369072587 5.101795027653095
3.33234711675112 5.647976143994821 4.647389660168678
5.640240958393765 6.23666726548198 2.8458099796954577
2.987528977784017 6.2714733043618764 5.035436524492179
2.987528977784017 6.648639808096586 5.416521721823231
2.987528977784017 6.648639808096586 5.44230878777662
0.8313908568696928 7.776383417953262 5.962184386413992
0.8313908568696928 7.776383417953262 2.5839380871278532
0.8313908568696928 5.533450552758264 4.32617318846162
