5.895416961679381 7.677974914469047 5.627818383706051
3.515172412993039 7.627343204387188 5.835575004749923
3.944490435853361 6.375323654637437 4.402658620253918
3.515172412993039 7.914346538544464 5.962295167729257
4.720688316479137 7.914346538544464 5.6602039144615
2.2908109776764864 6.591651896535616 3.7635645462444676
2.2908109776764864 6.356244236694117 4.545779468097711
2.2908109776764864 6.356244236694117 5.569919036516989
2.2908109776764864 8.222649274257055 6.2292169133610775
7.632352325163588 8.222649274257055 3.384427080400026
7.632352325163588 4.143241797836996 3.164186750680122
4.168460862589882 7.632352325163588 4.607586621235164
5.442237523362159 4.168460862589882 3.5643896428020185
4.168460862589882 5.48800415172899 4.9113574536946345
4.588992095303585 6.156955979158379 4.8582675827816715
6.366951148990019 6.156955979158379 4.210681122536224
4.131564484831717 6.437417155322478 4.817360061676533
5.036574629807298 9.179349368554766 5.451578693231098
5.832111408670805 5.916321390577075 4.30246599403925
4.787653705992469 6.1900858912785175 4.443717403234595
5.539709731655119 5.916321390577075 5.1237573988794205
3.7206257718325237 7.580094100689539 5.513090181343569
3.7206257718325237 8.143018151326691 6.321527711985271
3.7206257718325237 8.048392537570365 7.200407342439761
4.735392050337218 8.143018151326691 6.200855740341831
6.6656746974116245 8.048392537570365 4.971953124115026
3.8748829425873272 8.048392537570365 5.510976271011694
3.8748829425873272 6.15493221265325 4.7577073088749335
3.616435086314017 5.793538584578325 4.2550680120659266
4.561928817192914 6.274340707440235 5.098169744874798
3.7641327792205037 6.422428411087058 4.789007719422358
4.52843213565945 7.588881414633903 5.014115075645368
3.616435086314017 7.645070946883976 5.271529695428794
3.616435086314017 7.588881414633903 5.532862666244342
3.2769886194273465 7.429283960949583 5.328711126475175
3.159066455628331 7.429283960949583 4.987143694939906
3.159066455628331 7.358093081845112 4.619787712202517
3.159066455628331 7.358093081845112 5.066910056019032
3.159066455628331 7.358093081845112 5.195596108875558
3.159066455628331 5.869706242682305 4.24617568588463
3.159066455628331 6.6128138086146535 5.637818660865463
3.159066455628331 6.6128138086146535 5.685249311792448
3.159066455628331 6.424809237412038 4.470410946681099
3.159066455628331 7.524915234435019 6.138385746190254
3.0891822308740413 7.524915234435019 5.532810607237016
3.0891822308740413 6.510301995561978 5.738521459933334
3.0891822308740413 8.964420090195237 7.572717188882222
0.5196095872285729 8.32984239681384 5.004917618320962
0.5196095872285729 6.710919077522739 5.090842793063587
0.5196095872285729 6.510301995561978 2.4267626015996884
