6.599127546205338 7.749879738898297 5.787197844350405
6.599127546205338 6.492279550166245 5.094898656673852
6.599127546205338 7.68936852879666 6.615490701822426
5.29239090626745 7.68936852879666 5.808589860735494
5.29239090626745 10.176361187138918 8.125661427667831
5.29239090626745 10.176361187138918 6.55227407867845
2.0974964273524823 9.47167332079595 4.862991387945643
2.0974964273524823 6.373702301052262 4.635421897324333
2.0974964273524823 6.061569211093168 4.448247023166997
2.0974964273524823 6.304362875148723 5.2467736160554965
2.0974964273524823 7.751190187191437 5.968592267275581
2.0974964273524823 6.278406522674217 4.430069601764199
2.0974964273524823 4.4967401607479935 3.7532787199605546
5.862101614759762 7.58342767064134 3.17008076560929
5.602375679933683 5.585558167004741 5.1544100807438165
2.7750832475263967 5.644137063832744 4.573098807662878
5.267765744421691 6.668193515457219 4.855745169788622
5.267765744421691 6.668193515457219 4.610292950043549
5.267765744421691 7.058813392378346 6.433224016362559
5.907752555178973 7.8676111963008015 5.458771386598996
3.3492518081373714 7.8676111963008015 6.174073130164454
3.3492518081373714 7.323986296080976 5.318688138168311
3.3492518081373714 7.476247854135682 5.71618582185977
3.3492518081373714 7.662744221792661 5.963977770897544
3.3492518081373714 7.662744221792661 6.5102821312841614
3.3492518081373714 7.262104147012032 5.480929216516865
5.634937692336596 6.604113152848157 4.663489360610195
3.3206255797159625 7.034415877292526 5.630625051610384
6.5692622779796785 7.034415877292526 4.612856702194879
3.4139439030979912 7.034415877292526 4.3312215688060896
3.1407971869916413 7.034415877292526 5.643247433127507
5.164319370538948 7.7531486379544425 5.352001905755685
5.164319370538948 7.773907133709651 5.524343274451116
7.652561998912573 7.773907133709651 5.227473653568134
5.164319370538948 7.652561998912573 5.0598556167328566
5.164319370538948 9.010224229280304 6.313550233169082
5.164319370538948 9.07575348911221 6.518693778994973
5.164319370538948 9.07575348911221 5.7130928496541635
3.3502301102612866 7.636418290332331 6.027381272252515
2.9850906553659198 8.15773149883456 5.657554836567199
6.017414967072753 8.15773149883456 5.250678353866696
3.8541387423974425 6.143443330966566 4.298885560420756
6.017414967072753 6.143443330966566 4.616166077975239
6.017414967072753 6.208544209378971 4.715656476636978
6.017414967072753 6.208544209378971 4.93553229367834
6.017414967072753 4.516435815360513 6.078555340138593
6.017414967072753 6.54143279716774 5.015554006959913
6.017414967072753 6.650076446207464 4.643871119434377
6.017414967072753 6.462802486973661 5.243906803184789
3.011909361699925 6.462802486973661 4.448978797287251
