5.531904982416787 7.731039652947498 5.30461187393953
5.531904982416787 7.731039652947498 5.441320833151263
5.531904982416787 6.264820633632194 5.008360494471449
5.531904982416787 9.299995063751842 7.212508941264
4.817852417630618 7.711717887205408 6.739509855415418
6.26182636775096 7.711717887205408 5.73056233836214
3.72198668510735 8.506529265188354 6.2794402610128195
3.72198668510735 11.485848473272505 7.4476124299514845
3.658471112888169 16.05300379969813 9.328042764618989
5.134325117640177 16.05300379969813 4.435365451330813
5.134325117640177 7.7258630713426175 4.9988356522493556
4.824332642208827 6.570604081034926 5.029414970210956
1.1389695571577687 9.911324504381431 5.909966815761281
1.1389695571577687 8.218415167873863 5.402332785919364
4.824332642208827 8.218415167873863 4.517077712982445
4.824332642208827 5.760469929412093 3.7677441302588432
1.1175076263748491 5.570633196278987 3.651022665012546
5.755966773036118 6.117934180257276 4.1790453351168875
3.2514393557229906 6.117934180257276 4.1392109524653895
2.8859147991860614 5.755966773036118 3.970566781507586
5.978758512239814 4.824595441174427 3.52114703931209
3.2514393557229906 6.589684374615636 5.233437248667891
5.257759721513139 6.589684374615636 5.3324881679484735
5.257759721513139 6.589684374615636 4.926001660331871
5.257759721513139 8.223110675750593 6.438063331223606
5.257759721513139 8.360545472406427 6.859384729475534
5.257759721513139 8.360545472406427 6.354328012864349
5.257759721513139 8.360545472406427 6.430014349896656
5.257759721513139 10.717097898970477 7.488082734603376
4.483201577001463 8.21007816574654 6.627109850835502
4.483201577001463 12.02249589178436 8.695028877421716
4.483201577001463 12.02249589178436 7.717376105495448
4.483201577001463 12.02249589178436 7.989677513852449
4.483201577001463 11.555892396904767 6.278285288407554
3.5380462692993118 8.256376035908088 5.83291558441277
3.5380462692993118 8.256376035908088 4.8664620319349075
5.121850472371982 7.711865078186584 4.599368242723538
5.121850472371982 6.820928524868851 4.581957525804452
5.121850472371982 6.820928524868851 5.138931897163989
3.5472395529558374 6.820928524868851 5.043767790703599
6.14454113796889 6.567134787263498 5.181913794364043
5.894887198338282 6.335398831706254 4.6917002132473895
5.894887198338282 4.242038011577584 5.521076736101723
4.242038011577584 7.385195491972686 6.062128600361063
4.808536754877515 7.743744862092113 5.368638948082958
3.8132490012551092 7.743744862092113 4.305783139119852
3.8132490012551092 7.199285360592059 5.45781287374571
5.770939652550378 7.199285360592059 4.756392484552357
1.27007845369651 7.38308225914558 4.445101727448335
0.7091368012383445 7.38308225914558 2.0234256364670897
