3.3550194143788308 6.828183215754475 5.418396721369897
3.3550194143788308 7.607400536795492 6.167180569804255
3.3550194143788308 7.607400536795492 5.566193774765957
3.3550194143788308 6.844147810047055 5.181773028504304
3.3550194143788308 7.189950271698406 5.098897242001976
3.3550194143788308 3.059937531579234 2.019848666170093
2.5810060099256416 4.711693677620399 2.9096966077259268
2.5810060099256416 7.0399737074829964 3.3428055851874108
0.4895492579134566 6.220994041403266 3.2606311421906966
3.143540868587323 2.6975852068930135 1.0795366596784381
2.274280972359279 3.358950470789346 1.7718811843061602
5.457618857747782 6.439506747154148 2.115423648838369
5.475289756336345 5.4603685441262435 3.8970027621583054
3.3656098609865315 6.439506747154148 4.370159807636265
3.3656098609865315 7.6481817466428605 5.007633570333085
6.64097291008666 7.6481817466428605 5.211395614249568
3.540779952190722 6.64097291008666 5.055186394860717
3.540779952190722 7.275264280440245 6.12755198900696
3.540779952190722 6.4670847033075916 5.375210600910159
3.540779952190722 6.4670847033075916 5.1054250057863735
4.252221866701248 6.238425353414815 3.747772130508075
4.252221866701248 6.615944847926297 4.070232151512913
4.768584809518032 5.7118649202339995 4.347529216383917
3.2074343069451463 4.768584809518032 3.3849518561088257
5.892337919308186 4.768584809518032 3.7858629939156954
4.285865005298323 4.768584809518032 3.3718620506315613
5.892337919308186 5.904035324817883 3.883825296228679
5.892337919308186 6.662084072633977 5.859185293690451
5.892337919308186 6.3948591208723435 4.763215986170815
5.892337919308186 8.943882198571085 5.731117574803688
5.892337919308186 6.331462576914422 4.435519954887289
5.892337919308186 5.341657204511307 4.333738139585232
3.9687638957558176 5.892337919308186 5.213705413527884
3.1555421944073783 5.892337919308186 4.2111646977203705
3.1555421944073783 6.562714093987903 4.238262777174204
3.1555421944073783 6.374546749572559 4.264891108223525
5.49440787174283 6.556092254763744 3.982793609051556
3.1555421944073783 9.378365344232014 6.487754279748695
3.1555421944073783 9.378365344232014 5.651358503777112
3.1555421944073783 9.378365344232014 5.264772578076637
3.1555421944073783 5.947445741933372 4.483327072864127
3.400098625322681 6.034415502912921 4.27686360859189
3.400098625322681 7.227446282778688 4.958468799707015
5.487867629377622 7.227446282778688 6.069769947811685
5.487867629377622 6.771355303942885 4.556419438075591
5.487867629377622 6.771355303942885 4.742459771435788
2.3278762300600744 6.5970770525444955 4.487376775981298
2.3278762300600744 5.487867629377622 4.038833814930594
2.3278762300600744 6.5818227817175305 4.640829052778519
2.3278762300600744 6.591120976438688 4.972580253088702
