3.008722428213766 6.632397293061786 5.354477864956216
3.008722428213766 5.230338970511131 5.956519128763281
3.008722428213766 6.2742792011027895 4.767521014957682
3.008722428213766 7.683498891228551 5.434081998520183
5.55832477192034 7.715026174439158 5.49456283747847
5.55832477192034 6.425075873888304 5.7035706564562885
5.55832477192034 7.861233623295783 6.103358668274721
5.55832477192034 7.861233623295783 5.488894509983065
5.55832477192034 7.207101296357367 5.602832617904615
4.576939510363406 7.207101296357367 5.907870025817085
6.5312005035115135 6.1364557388431 5.50287619104982
6.5312005035115135 6.1364557388431 5.3430405930037645
4.471979004861545 6.5312005035115135 5.902085913536051
4.178848036585716 7.218227496730625 5.731740071259943
4.178848036585716 7.218227496730625 5.105199773079336
4.178848036585716 7.726289017226378 6.489757085259186
4.178848036585716 7.726289017226378 6.047353646226973
4.3447722448284445 7.427508279750045 5.250393779453408
6.038859713348035 6.902378281972545 4.959156989984009
2.8166798848914003 6.902378281972545 4.9901350229542185
3.4663883595358986 7.525612374670153 4.703673227677252
2.8166798848914003 7.603632731676502 5.9592321568513
2.8166798848914003 7.603632731676502 5.205182204073286
2.8166798848914003 7.683910085116507 5.334226226928489
2.8166798848914003 7.683910085116507 5.277549918675238
2.8166798848914003 6.329281617909331 4.381019440606585
5.25294273857487 6.329281617909331 3.2159389409516703
5.25294273857487 5.5483324343025835 4.017568768946094
5.25294273857487 5.5483324343025835 4.326341695699326
5.25294273857487 5.5483324343025835 4.368010238959307
5.25294273857487 7.458738415116851 5.431004042049225
5.25294273857487 7.474427310304163 4.4497304594057265
5.25294273857487 10.254018711802862 6.2984206624988435
5.25294273857487 10.254018711802862 4.988255254708221
5.25294273857487 7.474427310304163 4.689917390460911
6.488521437752684 7.474427310304163 3.332603411869975
5.25294273857487 4.445655367563461 3.5539670930881986
5.25294273857487 6.82361686111609 4.354382503219552
5.25294273857487 6.82361686111609 3.9037668783901123
0.8037517389958322 6.279574347964292 2.471634181969232
6.116162697377771 5.25294273857487 2.4586052562403276
2.7775197651580155 7.542128327334709 5.862813530705495
2.7775197651580155 7.713307282921052 5.558071289777664
2.7775197651580155 6.6224072471823305 5.2214800515578865
2.7775197651580155 6.543668992735409 4.942210827557188
5.636268502363613 6.543668992735409 3.219374103875036
3.2661845799888707 5.636268502363613 4.889964284310709
3.2661845799888707 6.660734383422948 4.914763000995071
3.0099460400528604 6.660734383422948 4.080147173725205
3.0099460400528604 5.628131308680597 4.4162365982843435
