2.2322976464580475 7.753720362600742 5.437606852025367
2.2322976464580475 8.12830394667626 5.348877073432704
6.673723686206948 4.3678030467566344 2.0536129689078564
6.673723686206948 4.667280939335765 3.740974719510639
2.799222487350644 6.673723686206948 4.7649014922026005
3.9633865892364324 6.419672652354009 3.546270850036853
2.3333045418151426 8.447978747839823 5.937796931001696
3.9633865892364324 6.419672652354009 4.412489099368247
5.635934738088874 9.806858419751803 4.699493733000255
3.9633865892364324 6.636344547613607 4.405391947397205
3.9633865892364324 6.639210174188534 5.537232042495021
5.635934738088874 7.628576964010442 6.4171594484311845
3.053029351545693 7.628576964010442 5.074724936382669
4.273066376454771 7.628576964010442 5.330494747629325
3.251717447393912 6.639210174188534 4.2582356990756045
3.251717447393912 6.639210174188534 3.8115388167043807
3.251717447393912 6.639210174188534 3.938262386529932
3.251717447393912 6.639210174188534 4.024989136740268
4.273066376454771 5.2002294067473365 4.189691900781794
5.0773456457460995 9.69604399727718 6.545648407835713
3.8195066461419036 9.69604399727718 5.598744715474329
4.25179957874494 10.330634422871931 6.669544470527622
4.25179957874494 10.330634422871931 5.716424027207079
4.25179957874494 7.206950871635669 4.458797929178797
4.25179957874494 6.045761530719442 4.720641468773772
4.25179957874494 6.27670191384475 5.206938800958332
4.25179957874494 7.632086994045528 6.416431009004073
4.994986907048897 6.4592329450907755 4.332931873595795
2.843992136087149 6.3405923648741656 3.9442057985665917
2.645191388059651 4.314369525158586 3.972666109995331
2.645191388059651 4.994986907048897 4.176824695032284
2.645191388059651 6.4296497999860485 4.639655233268315
3.078107896443275 8.217447196837075 4.981860624669616
6.619252209137734 6.555337530723559 4.841315714852948
3.5536220845989495 6.627134286703193 3.877511572716955
6.619252209137734 7.217931022154161 5.522292714919445
6.619252209137734 9.097256555280401 6.550567206990065
6.619252209137734 9.097256555280401 5.280581540458954
6.619252209137734 7.716327681566121 6.1671265553112935
5.024568828542183 7.35419572494056 7.156589521713538
5.024568828542183 7.561272216508714 6.698886321002025
3.7415441974834818 5.9817640028989665 5.277677938397579
3.2554847718737254 6.294833021163704 5.166770294101709
3.2554847718737254 6.429739802117815 5.3240974103416185
3.3643148433019943 6.429739802117815 4.852149920449144
3.2554847718737254 6.181020598079144 4.421751066175618
3.2554847718737254 5.8438617778909325 5.745901395782384
3.2554847718737254 9.258386456596686 6.774025791936419
3.2554847718737254 6.294708886746868 5.759007530754153
3.2554847718737254 5.8438617778909325 4.363795649802321
