5.004768408887973 7.777448318473532 4.811586551006754
5.004768408887973 7.777448318473532 4.613940190009353
5.004768408887973 6.641581908919452 4.89285375849139
5.004768408887973 7.012253451369823 5.662263417571869
5.004768408887973 6.641581908919452 5.533856806131056
5.004768408887973 6.270127090984623 4.520763764606783
4.203838342358196 6.480850522031819 3.9011609717192846
1.9383707339068477 2.736064983050707 2.2144956663028
2.709790244168705 6.642050164294226 3.3856567124875805
4.899163490959072 6.642050164294226 3.4479544619620706
2.701825397127337 6.518084530277083 4.1666500999901785
7.525104242102193 6.518084530277083 4.893175750281594
7.525104242102193 7.726979080576012 5.636283343396773
7.525104242102193 7.726979080576012 4.9797731397218845
7.525104242102193 7.726979080576012 4.936881921525794
7.525104242102193 5.636970522606582 4.243587611771551
7.525104242102193 6.499295651051202 4.395057729281498
7.525104242102193 6.499295651051202 3.9594662755103167
7.525104242102193 6.447210265632226 3.390188885534267
5.019943537025295 7.525104242102193 4.4059813680999955
5.019943537025295 7.525104242102193 3.4103396182838615
5.019943537025295 5.6245696954730455 2.7717451994937417
5.019943537025295 5.019943537025295 0.3480914145164393
5.451369000984943 7.096851479019801 5.2211440899918165
5.599038547773375 7.096851479019801 4.934865533508126
5.979013262095787 4.403580635999006 1.9078949612405034
5.599038547773375 5.979013262095787 4.0637857956283465
5.599038547773375 5.979013262095787 2.952982298506875
5.599038547773375 5.451369000984943 2.804423041248313
5.599038547773375 5.489115734139233 3.867003827168597
2.9011464040835198 5.599038547773375 2.103661724398676
1.5893372050527579 4.11416275207711 2.981611808301414
1.5893372050527579 5.271141605257963 3.2151818813635016
5.894578496706156 5.666687070446169 3.498680099964332
5.894578496706156 5.666687070446169 4.046933694759226
1.5895331635864776 5.894578496706156 4.433787357202929
1.5895331635864776 4.5601981645480265 3.308013776774057
3.3180579293287775 4.575210160530585 3.2656344772699906
3.3180579293287775 4.575210160530585 3.884769337905081
3.3180579293287775 6.296517064180453 4.390518238695892
3.3180579293287775 7.566270725814844 4.032969606083043
2.5250967503764383 7.566270725814844 4.349407756825941
0.7265670147889982 6.013349227451251 2.2751467928681666
0.7265670147889982 6.052976048640243 3.576347735756995
0.7265670147889982 6.052976048640243 2.03078534824077
0.7265670147889982 7.535714183385451 5.774514022988949
0.7265670147889982 7.764570439848832 2.6778355756977095
0.7265670147889982 10.300979224452433 4.573962527831106
0.7265670147889982 5.725472551996081 2.094448068586649
0.7265670147889982 3.021633340095559 1.833441932460007
