4.6522392573945375 7.586037537913475 5.656136849651882
4.6522392573945375 7.360586545632895 5.270504695523011
4.6522392573945375 6.473306822718996 4.13076673842086
4.227970349331031 8.274513369030926 6.066446667513518
4.227970349331031 7.178355089670061 5.571597326988388
4.072232695702635 7.178355089670061 5.145637605296266
5.897298433020229 6.059247113542014 3.9331403062582075
3.9057012173528283 6.059247113542014 5.12617738652527
3.9508922687866606 5.897298433020229 4.407063819755907
3.262477008830427 4.59618704489278 3.9783122504482487
3.262477008830427 4.626162939776432 3.9565110935931385
3.2368340909248094 4.626162939776432 3.748781650066938
3.2368340909248094 4.549505142981488 3.427878784959821
2.9437103014586303 5.762938997254274 3.853058696861591
2.9252402303455125 5.762938997254274 4.024938419675066
2.9252402303455125 5.762938997254274 4.01398275876684
5.638111929125621 6.5950754058737076 5.00991959344896
5.638111929125621 9.379369031887043 5.808455147722422
6.24728749338777 9.379369031887043 4.661867008906889
4.1682787776522545 9.379369031887043 4.805529752626485
6.24728749338777 6.13291029604753 4.9264319053314445
5.652124975133184 6.267729204819801 5.364888856226339
5.652124975133184 6.633961137787203 5.8514511573777295
5.652124975133184 6.267729204819801 5.686869557834763
5.652124975133184 6.267729204819801 5.6986755036189445
5.652124975133184 7.574464657380512 6.694663462760455
5.652124975133184 8.625255021262852 6.750449339634773
5.652124975133184 10.580108146796068 7.891396862682073
5.652124975133184 9.264312466819952 7.381539835532858
5.652124975133184 8.625255021262852 6.8997782161335515
5.964651056871471 9.196518189120884 6.937670059918645
5.358236603872186 9.196518189120884 6.8985725649964
1.231618823819176 9.196518189120884 5.365485993019029
5.325481765194105 8.967012734508206 2.859850699227928
5.325481765194105 4.886485516619729 3.6404525508559016
5.325481765194105 6.272504595603419 4.5369867696764095
5.325481765194105 6.272504595603419 5.448624424469846
5.325481765194105 6.272504595603419 5.098805515200412
5.325481765194105 9.579276738805484 5.963989762464822
5.325481765194105 9.579276738805484 5.069184171293494
3.763973722896545 5.325481765194105 4.593092482854898
3.445218104396599 5.325481765194105 3.9277755796166884
3.2543745429906257 4.42598843085425 3.701329503340451
3.2543745429906257 7.301186583141085 4.725403587029414
6.662241802416592 7.301186583141085 4.426663219560975
6.662241802416592 7.301186583141085 5.232421804470472
4.51792721121781 6.662241802416592 5.837131055675524
4.51792721121781 7.533247430129391 6.115450574442286
1.9066726092639006 7.533247430129391 3.166730749704954
1.9066726092639006 5.829213078146957 4.502888369044358
