3.1680136630652105 7.732898371974171 5.743087768549329
3.1680136630652105 7.91453539310516 6.810297922276883
3.1680136630652105 7.91453539310516 4.739750871729054
2.6679689217136837 5.913942061636806 4.6169274303161485
5.690576908185228 5.521197672196255 2.6011104054685705
3.1324829961527176 5.690576908185228 2.3509872526522635
3.1324829961527176 5.485452414821452 3.5263768068829027
3.25235595972335 6.146936264866131 3.123956530975862
0.09031871561452265 2.6349939452875693 0.6775514609236871
3.25235595972335 7.038082563385313 3.95136041828634
5.131442056144206 3.25235595972335 2.0368403225798386
5.24487186111039 5.131442056144206 2.5282185174782037
0.09031871561452265 5.24487186111039 3.8530457649396608
5.631387552280049 2.9567731568200917 1.3031040613667437
6.260495937536646 6.511330616324283 4.946288124192048
6.260495937536646 8.031923725513723 5.2902747834284245
6.260495937536646 8.031923725513723 3.9263921103609998
6.260495937536646 4.879426285642907 4.191774692903971
3.2683778016989753 6.260495937536646 4.812781953559791
3.7791234470057273 6.947127219188115 5.161482903077474
3.7791234470057273 6.947127219188115 5.31978911495976
2.979956431259446 6.947127219188115 4.050517429312805
2.979956431259446 7.981003887575094 4.470626821884202
3.5511945014380655 7.981003887575094 3.741776202885727
2.978806067624696 4.192938020115857 3.3524901564418355
3.5511945014380655 3.721872804702866 3.2226375540676804
2.5495774710157133 5.717247149633327 3.4800222248235633
6.10329728230926 5.717247149633327 3.0546778217016777
3.0087103322641267 6.10329728230926 3.787512076538788
3.0087103322641267 7.357567624158538 4.609713260035078
3.0087103322641267 7.357567624158538 4.590701595391686
5.062946243000443 5.758275659394286 3.5616375790203794
3.108687357930535 5.758275659394286 4.17411775526367
3.108687357930535 6.359770068134726 4.676003461319914
3.108687357930535 6.359770068134726 4.579488492563294
3.108687357930535 5.560435715405713 4.219483871465547
3.108687357930535 6.26666010290371 5.498016581435697
3.108687357930535 5.944725492321904 4.891599878372282
3.108687357930535 6.474639162218768 4.771723864221201
4.9586900177432405 6.474639162218768 3.242820966250089
2.681465277029585 5.944725492321904 3.510746240232582
2.681465277029585 6.480161108312856 4.991775679242603
2.681465277029585 8.016504536555354 5.679374889188745
2.636303116770588 8.016504536555354 4.0679892789094
2.636303116770588 6.241808692167336 4.559380816330928
2.636303116770588 6.241808692167336 4.363503340005356
2.636303116770588 6.088014288775028 4.60085511123005
2.636303116770588 6.222119379849634 5.725084474030043
2.636303116770588 7.197165083267016 5.166715991164123
2.636303116770588 9.800697863783567 5.61710705530958
