2.988779509545765 7.704695128848746 5.424840366499913
2.988779509545765 7.1504888671749995 5.91785445691043
2.988779509545765 7.1504888671749995 4.816823925712741
2.988779509545765 6.124542331610606 4.522896096437384
2.988779509545765 9.046672347388949 6.007632120665222
3.7822698789590103 9.046672347388949 4.315160785226114
3.7822698789590103 6.256372159541595 4.341437407785687
3.2482058604090516 6.256372159541595 4.105152794513382
3.2482058604090516 4.4569990255850485 3.724211172460248
3.2482058604090516 5.049760869748699 4.278614749649926
3.2482058604090516 5.049760869748699 3.7221369630449193
1.8591793932971155 3.6833218472102662 2.8318026089253725
1.8591793932971155 7.6058966975495 4.870362744626357
1.8591793932971155 6.3595840462349145 3.1556425910752752
2.8020989201108155 3.2446602111102654 2.5782083860540648
2.8020989201108155 3.3267588107009627 3.1010407800705364
2.8020989201108155 3.469786738235602 3.176553217507592
2.8020989201108155 6.038292035464671 4.122207187951697
2.8020989201108155 6.286075121574694 3.7998178151783275
2.8020989201108155 6.286075121574694 2.4107374036658062
2.8020989201108155 6.286075121574694 4.7073811593955135
2.8020989201108155 6.286075121574694 2.8540971011006073
2.8020989201108155 6.096425702189386 4.3641372103507
2.8020989201108155 6.209827821056344 4.947368159120501
4.65258129406093 6.383018833687505 5.559292138781259
4.65258129406093 6.383018833687505 4.27270245098372
3.6205989695657235 6.253870992722376 3.5593075482185323
3.6205989695657235 6.235808130344516 3.1909225693075745
3.6205989695657235 7.012995429951305 4.756620025579252
1.763466316439143 6.085283559711495 4.316146617706118
1.763466316439143 7.400311684708832 4.602337064163378
1.763466316439143 5.658270708814467 4.235390307016181
1.763466316439143 5.658270708814467 3.583540854603312
1.763466316439143 4.370671558452823 3.4108054235778407
5.158533157590252 4.49205661823062 2.5034287980469516
5.539557279156149 5.158533157590252 2.715110674881594
1.4028310546982188 7.499617720934378 4.734764162400187
1.4028310546982188 7.499617720934378 3.83435427317572
1.4028310546982188 5.674760589870196 4.533198838942384
1.4028310546982188 6.396607848956002 4.843037465525441
1.4028310546982188 7.575302679155861 5.8514438417048025
1.4028310546982188 6.689195239779661 4.0964473097720076
1.4028310546982188 5.640938618485553 2.9732227528391304
5.62300923810152 5.640938618485553 2.3711756953293492
3.1676488695675293 5.62300923810152 2.574197795765374
3.1676488695675293 5.590601673222633 2.0790054949412116
3.1676488695675293 3.282073186427884 2.166972740606433
1.5252189439083037 5.58744880248571 4.621836745456184
1.5252189439083037 6.538843133490303 4.0088690974922905
1.5252189439083037 5.735301889951913 3.985835796005409
