2.252909975629653 7.709314322405319 5.7429730250730495
2.252909975629653 7.252995194282738 5.336510345197003
2.252909975629653 6.307828343716981 4.877250166846164
3.436329690061655 5.548069085883139 2.08395912128296
1.7217996191939027 5.384999434535338 2.3949941765396283
1.7217996191939027 6.156632983153607 4.961302715067264
1.7217996191939027 6.156632983153607 4.620719464602211
1.7217996191939027 5.964891619726856 3.870727683181179
1.7217996191939027 5.879170624970783 3.568437666013643
1.7217996191939027 6.140057207163114 4.22263516014393
1.7217996191939027 6.2405769666949205 3.8418830973900095
1.7217996191939027 6.2405769666949205 3.017821461537787
1.7217996191939027 6.103125998209595 3.7201703274023923
1.5293244485373276 3.9575557885695365 2.4511892839616536
0.3371783177446841 5.66559903963017 2.24732562962691
3.2481690782880404 5.01046751761195 3.2681850096778553
0.3371783177446841 3.2481690782880404 1.548493697245409
3.483596691179415 5.640167216311141 1.4118757445340673
2.6846031801208246 4.525924830582074 1.9612762967880697
0.3371783177446841 4.525924830582074 1.82755496966083
5.429701074490701 6.620282834575747 4.594665202445828
5.6859353840062425 5.144623576031599 2.918604594005027
6.284218288707233 5.6859353840062425 2.9978359369570424
6.284218288707233 5.644906888196829 4.427720213117105
6.284218288707233 5.429701074490701 1.5428791904232666
4.455151286393946 7.324398204829063 4.928408300852567
4.455151286393946 7.487998055771728 6.102513002313913
4.455151286393946 7.710184471338469 6.886531872524502
4.455151286393946 7.710184471338469 6.206703572592398
4.455151286393946 6.70142024669796 4.62746564680817
4.03072308304581 6.70142024669796 4.256478307830305
4.03072308304581 7.674519632142317 5.938337213154963
4.03072308304581 8.016983619139424 5.942787075889486
4.03072308304581 8.016983619139424 6.1349922175424805
4.03072308304581 7.629634903539879 4.742432636391839
5.780254632991493 5.377593235869714 4.258422076078784
5.780254632991493 5.92475097601822 5.178778175549066
3.7238646079480167 6.947170506995901 5.861343751418356
3.7238646079480167 6.947170506995901 5.844624526622724
3.7238646079480167 7.391865070723748 6.163042951074351
3.7238646079480167 8.147238601711 7.161937641923358
3.7238646079480167 9.607161403008215 7.187135878309625
3.318462253580528 9.607161403008215 5.287714082069826
3.382633990828563 9.607161403008215 4.323333138458491
2.7073198994632155 5.474303450708781 4.034931380984343
2.7073198994632155 6.652165062671724 5.129813860931848
2.7073198994632155 5.644653766054493 4.130683229992908
0.945876008701227 7.58289106686375 3.818545028426672
0.945876008701227 5.6697984804428465 3.01548811304777
0.945876008701227 5.782208919190644 3.0046399849579633
