0.3889575527799285 6.8415169147541945 4.655840542780075
0.3889575527799285 6.8415169147541945 3.8986016450518366
5.268516457822386 5.5485930189409345 2.2508435184621196
5.268516457822386 3.6755785392728133 3.1345191760217563
3.2933630796699167 6.521312327903036 3.6312037328116906
4.612493333249805 7.153182564340048 3.3664771122302333
2.5874340708101156 0.3889575527799285 0.15954780037062605
2.5874340708101156 5.544568992249442 1.775168647101879
0.15037141027425394 3.463222864954702 1.5048418141241817
0.15037141027425394 4.612493333249805 0.9104901474381111
2.1768883988548073 4.88704808052449 2.2025402675809653
2.1768883988548073 4.904122885716461 2.4405841224150353
5.157047201723561 5.39541270286351 3.6837828757615587
2.9139922590654845 5.567616290470529 4.693741097123182
6.04397095598657 5.567616290470529 4.115007081421378
6.04397095598657 5.469428440196253 4.470288474230239
6.04397095598657 6.301733015815071 4.416277256413887
6.04397095598657 6.327951924235187 5.2982952798852665
6.04397095598657 7.1617160652647485 5.404221596554711
7.706682109485376 7.4544550072642615 4.085300922905083
5.53304659785837 7.706682109485376 5.143942893732269
5.53304659785837 8.134466987285807 5.287882982990595
2.3166577884870247 8.134466987285807 4.246540038811504
2.3166577884870247 7.7466883750959745 4.688724162068002
2.3166577884870247 6.04397095598657 4.179929488683857
5.53304659785837 5.453445284519457 3.861921837530219
5.53304659785837 6.404963283567099 3.5525033770627212
3.477493594063358 6.50533931342893 4.407539267174395
3.5414888090513448 6.50533931342893 4.975998123632479
3.5414888090513448 6.50533931342893 4.7751367464284975
3.5414888090513448 6.339684701808864 5.8208559038112275
3.294297323208156 6.668021144398963 4.322506120298312
2.4029706453554955 6.668021144398963 4.077843548767492
2.4029706453554955 7.458146336993838 4.844338055722577
3.9960827897419944 7.458146336993838 4.558949866065656
2.4029706453554955 7.507507303453817 3.25508703157873
3.9960827897419944 4.755520592244089 3.4187674398397565
2.4029706453554955 6.853931700208857 4.547307094608255
3.9960827897419944 7.162725302884029 5.5827942987156165
3.9960827897419944 6.287113545040583 5.0302205477750634
3.9960827897419944 6.217457123006948 3.935820790653672
3.9960827897419944 5.50867936195117 3.9037366068644044
3.9960827897419944 5.870833227474172 4.758857304024161
2.430028017068292 7.533725554006397 4.445634813175711
2.430028017068292 7.533725554006397 4.773699623339727
1.720459776351412 7.533725554006397 3.8450612630385033
3.5845020934844176 7.533725554006397 5.0342420182028045
0.9103046189706103 6.648773809989734 3.9438368833625126
3.1613075955051646 5.884184926176857 4.335206762616781
3.1613075955051646 6.29681842214946 5.522664970291536
