6.268971652837216 6.5995258885821855 5.109219414614793
6.268971652837216 6.5995258885821855 4.957382678839313
6.268971652837216 6.842181304040281 6.046224127126951
3.7618863334978525 6.842181304040281 4.824089539324802
3.7618863334978525 7.218422914993631 5.414942273095055
3.7618863334978525 7.218422914993631 5.517143643769254
3.7618863334978525 8.645696718194728 6.770060658119286
3.7618863334978525 8.225142891575405 7.05751735033893
3.7618863334978525 9.665813957004387 7.694102472321339
3.7618863334978525 9.665813957004387 7.2999682679751166
3.7570902774712107 9.352766715436262 5.512071488124802
3.7570902774712107 8.086446708748634 4.765632393580657
3.7570902774712107 8.086446708748634 4.866330199969795
3.7570902774712107 4.822120879567976 4.816884372016363
3.7570902774712107 6.312281832422229 4.799405818617002
3.613184587877598 6.274398648546377 4.665623405343096
3.613184587877598 6.274398648546377 5.120015036241672
3.613184587877598 6.113462480173219 5.448361361986439
6.06033455090213 6.113462480173219 4.1578619918167385
2.784696688703282 6.06033455090213 3.8882561227788006
1.5036448241488007 6.06033455090213 2.659825212480823
3.082599032377314 5.9666489829637115 2.89963366281089
3.4366659493775917 3.082599032377314 2.0182661336515575
3.4366659493775917 3.5082976383831874 1.6145814231581401
5.129703829474984 3.5082976383831874 2.2222423429964953
5.129703829474984 5.4643129833591 3.6650792832639087
4.133353545683587 6.421278737745624 4.752439606246579
4.442844610230498 6.421278737745624 3.6982546168526786
4.133353545683587 5.7939053524608575 5.1346892083840645
4.133353545683587 6.644168948230298 5.292505754977014
4.133353545683587 8.162293927108596 7.210219983571408
4.133353545683587 7.809948799125351 6.474652127494661
4.252389666516109 7.809948799125351 5.736970982587403
3.0341116272464466 7.809948799125351 4.789305586094252
3.0341116272464466 5.5522052234754256 4.000234876211613
3.0341116272464466 5.5522052234754256 3.7408978614854878
2.6485865897891725 6.518082148011118 3.7271208349885354
5.1939850952320405 5.127902346241189 3.941339133173728
5.1939850952320405 7.682333018178747 4.816474413856347
5.1939850952320405 5.765850155407676 4.278162058814613
1.3811239406052782 5.810916258155249 4.032686829913034
1.3811239406052782 6.296836947575777 4.5665554505381625
1.3811239406052782 6.296836947575777 4.815967657496167
1.3811239406052782 6.296836947575777 5.170702014846058
1.3811239406052782 7.623880856591171 5.66303323499119
5.040356606129524 7.623880856591171 3.995842610563586
2.5572098860315404 6.265721436054431 4.397138998824535
0.6552697412280897 7.552138766617311 5.173386739594666
4.889280424539702 7.552138766617311 1.7975506394390712
2.7628699809683614 7.248371075809622 5.033710112903602
