5.57434758795533 7.424859079344458 5.656584267576287
5.57434758795533 7.2023704744115165 5.809734778861023
5.57434758795533 7.2023704744115165 5.1509309604547235
5.57434758795533 7.491684118036856 5.863779412757493
5.57434758795533 8.029428570813247 5.616057922469206
5.57434758795533 8.029428570813247 5.8307956659576075
2.939811995228706 6.254619956571457 3.984638133642177
2.939811995228706 6.254619956571457 5.444205294129925
6.046131934139851 6.098104947371645 3.7066912252190107
2.274021755881361 6.046131934139851 3.0215084555684295
0.01755824553705354 2.274021755881361 0.7118547102583785
3.550196556897451 4.78941004064367 1.7426873599064374
3.550196556897451 4.317720341595059 1.5060758941725167
4.559341571105723 3.873273957224662 2.132384594726416
3.2093094610636617 4.559341571105723 3.6571014074352792
1.697467016540568 3.2093094610636617 2.3481064423251117
4.414662761913913 2.5814819181665674 1.4865771683331022
4.414662761913913 3.23811777218241 1.1323673124527536
5.270881743362004 4.414662761913913 2.9969358302725593
2.584337329622603 5.345389817905247 4.464312559203829
2.125099977573989 5.345389817905247 3.7742031904941156
5.540100476346069 5.345389817905247 2.803980515110172
1.2218338341148187 9.778004383686737 5.769645160311499
5.540100476346069 9.778004383686737 4.6708515054129025
5.540100476346069 9.778004383686737 5.153662680587084
5.540100476346069 9.778004383686737 4.804651166246069
6.065673012104845 9.778004383686737 4.896637504262754
7.647554535166643 9.778004383686737 4.782732271074872
6.065673012104845 9.810950305839285 6.961493586210344
6.7540756702482305 11.81598446011275 8.21724441002385
6.7540756702482305 13.271200348880155 8.84437536133649
4.365709205818536 13.271200348880155 6.243933516692487
4.887221271067389 7.653968096371617 4.6493924115955245
1.1047937295663073 7.653968096371617 2.954659870352304
4.887221271067389 5.577563317172352 2.8843047571346667
1.1047937295663073 5.577563317172352 3.9207917184445984
4.9747628938129544 7.369681818767544 4.523343995196572
4.9747628938129544 7.369681818767544 3.873989671662856
5.511619210762465 7.441990336019442 2.881996706618899
4.9747628938129544 6.601041959797968 4.447638252477595
4.9747628938129544 5.64545845472416 4.595084383185128
4.9747628938129544 5.478203559054936 4.544791211359534
3.650436889783514 5.478203559054936 4.3961695571248764
3.62152890764401 6.994188279074315 4.689891667861616
3.62152890764401 6.632529140333421 5.0577573753177045
3.62152890764401 6.890867508565723 5.7377428984181424
6.400219965953173 7.0689099058979075 5.128325139709163
6.400219965953173 10.264521601046095 6.654404652356875
4.3898001934194575 6.53452982777296 5.565590762094033
4.3898001934194575 6.53452982777296 5.82341333227804
