3.7944989374421074 7.76057532845093 6.191920220362083
3.49489692535936 7.469915879997366 4.323949950784107
4.358062517525038 6.45176888801711 4.339258715598616
4.358062517525038 6.45176888801711 5.164773875288874
4.358062517525038 7.725964541189619 5.415694900097247
4.358062517525038 8.11061185889818 5.792882313745886
4.358062517525038 9.19867323848835 4.983849518023894
4.358062517525038 6.393769673082097 5.692362272192396
4.358062517525038 6.019922225010639 5.508444617745477
4.358062517525038 6.393769673082097 5.119108376946806
4.358062517525038 6.463485877707338 5.5977559346258845
4.358062517525038 6.463485877707338 5.743312095873957
4.358062517525038 7.462583035526897 6.0297328690073195
2.770998097697355 7.682814242202593 4.673143377171153
2.770998097697355 7.682814242202593 5.03461314002672
2.770998097697355 6.53084710160493 4.179804010222535
2.770998097697355 6.53084710160493 3.9400987200996007
7.511042562663057 6.53084710160493 2.2468183768978434
2.888202617611008 6.3848688845024775 4.4929853986989485
1.7212786378875227 6.49632015185421 4.508248884923992
2.888202617611008 7.511042562663057 5.519774582305122
2.888202617611008 6.721454082379678 4.930746524603847
2.888202617611008 7.6987940361340055 4.392785554376516
2.888202617611008 7.6987940361340055 3.642442810522652
2.888202617611008 4.512489043811133 3.546240573829261
2.888202617611008 6.555385963668634 3.5828938178182272
2.888202617611008 5.691642452216776 4.620203525837068
4.908448045409717 5.691642452216776 2.9674567809083316
4.045345232142644 4.908448045409717 2.6111709157081315
3.539242054277594 4.908448045409717 2.3576235859489425
7.626111738187737 5.06542762913179 3.108959098137172
7.626111738187737 6.318426328989279 4.848359371985324
7.626111738187737 6.318426328989279 3.523061657337758
7.626111738187737 6.031839019931017 4.109727846714475
6.256270057025908 6.031839019931017 4.702601929880452
6.256270057025908 7.626111738187737 4.956583551434751
2.341128803018574 7.626111738187737 4.930469281737198
2.341128803018574 6.542770905513052 4.554949780944465
2.341128803018574 6.542770905513052 4.443286517010008
2.341128803018574 6.292069510431933 4.045036910754766
2.341128803018574 5.940038029197357 4.3398320730953195
2.341128803018574 6.6329443001023805 4.376293196049608
2.1553724257278444 5.330557499309652 2.862651260360134
5.124955145715493 4.308872571895407 2.5617762654649283
5.124955145715493 4.308872571895407 2.907794691925076
3.093536673625682 5.124955145715493 3.879183335408937
3.093536673625682 5.483721958690815 4.335126399210828
2.6094324932990394 5.483721958690815 3.8429550923744715
2.6094324932990394 3.7645223146996725 3.640602956283976
2.6094324932990394 3.7645223146996725 3.203353522592242
