5.226552478407573 7.58125486124672 5.409468304680798
5.226552478407573 7.282918440485025 5.2997840951251804
5.226552478407573 7.282918440485025 3.7698573024054762
5.226552478407573 7.282918440485025 4.272269889915618
5.226552478407573 9.332623948485331 5.051778368867994
5.226552478407573 9.332623948485331 6.240761835344288
5.226552478407573 6.360763761699715 6.947088501505241
5.226552478407573 7.487670040880165 6.198065644149289
5.226552478407573 7.487670040880165 5.988749324324351
5.226552478407573 8.99397949077246 7.357842764320589
5.226552478407573 8.99397949077246 7.3340804816216325
5.226552478407573 7.630997666795327 6.896975632680651
7.775606086692292 7.630997666795327 5.898238506779245
7.775606086692292 8.767283472342497 6.374117003017526
7.775606086692292 8.767283472342497 6.4940971361338296
7.775606086692292 8.767283472342497 5.887962916914902
4.600466768782194 7.775606086692292 6.21311777740841
6.116806765403695 7.375898109676978 4.787784629275563
6.116806765403695 6.425463118124114 5.416036391254285
4.09548811373736 7.521194602470908 6.195091806333942
6.116806765403695 7.707360207320953 6.3851241440085476
6.116806765403695 7.714481247934366 7.000698606962538
6.116806765403695 10.721279943619525 7.843811044756096
6.116806765403695 14.477704877896445 7.856374864993634
2.952127266279391 17.935428838354735 6.100624335351706
1.7964137874889912 6.116806765403695 3.194944970661425
1.762773926535687 6.116806765403695 3.3891066316851948
1.762773926535687 3.818359279245858 3.4006559659989173
1.762773926535687 4.156204080292422 3.564453816835716
3.0093092039601825 5.498674026913818 2.492667675159308
4.070179440132094 5.748633856013033 3.0003499507284945
2.0848581898716003 5.604728241181149 3.9567353686396105
5.368012665095492 6.451521894510382 4.035103464833404
5.368012665095492 6.451521894510382 4.472192495250216
2.0848581898716003 6.184554631763799 2.779783446836857
5.3883040537721065 7.36239877473683 3.4028476555151452
5.3883040537721065 5.368012665095492 3.7277884691665117
5.3883040537721065 6.656125445427417 3.9706899750284546
5.3883040537721065 6.630152482900623 3.9285259507420616
5.3883040537721065 6.630152482900623 3.216161856711686
5.3883040537721065 5.830169412714628 4.311679730324326
2.0848581898716003 7.7312361106118 3.544044929916076
5.3883040537721065 7.7312361106118 4.484091566071359
5.3883040537721065 5.790118263563645 5.159629559243645
5.3883040537721065 6.267146116350489 5.05035864113186
5.3883040537721065 8.541783758558312 6.098243143568372
5.3883040537721065 8.410127780452283 5.65380974492327
6.183959257689342 6.765830151748329 3.649655991498628
7.6024903436146225 6.183959257689342 5.275812211958513
3.417875571071996 7.645836356517282 5.698586603807205
