3.214550604559513 6.494278528198816 5.38308855475173
3.214550604559513 6.494278528198816 4.876376529748787
3.214550604559513 6.16767560060584 4.991464254919043
3.214550604559513 6.522652203085695 5.672262331631414
3.214550604559513 6.667381840584394 5.218423960169237
3.2868872984446402 6.667381840584394 4.214026743247765
0.03961491958594765 6.548058216168563 3.030505118664929
3.6461374625458025 5.1123300541760415 1.2102414891067381
5.631793783956308 6.583540315434458 4.18674772889657
3.1765822105034087 5.631793783956308 2.7593329547938024
5.878608659834644 3.22143078325156 2.496355181831181
5.878608659834644 5.742350399975479 3.5383379555021204
6.158065884785607 6.239609240212161 5.074750434118603
4.11002820126987 7.690628456735437 5.9231915136769455
4.11002820126987 6.239609240212161 5.363422490763134
3.205698233424354 7.997662654367069 5.645434002942716
3.205698233424354 10.79278382555072 6.117174339834481
3.2740066240747017 7.997662654367069 4.374721130452054
3.073135504313783 8.127592708278055 4.9571440838379885
3.073135504313783 8.274210671313721 4.764051789763378
3.3401139804814304 5.887578765277759 4.554737884771354
3.3401139804814304 5.887578765277759 4.750083490861132
3.3401139804814304 7.23065813777221 3.8764838001458175
3.3401139804814304 7.773868817087353 4.238983115321604
0.9407626076006221 7.773868817087353 3.082455451521212
2.6681213366927783 3.554754523223082 2.5780635623065717
4.9081356253683985 6.52916974034207 4.702293660433072
1.5603051915172341 6.52916974034207 3.533322052704053
4.9081356253683985 5.657628405789573 3.9457697814365145
4.9081356253683985 5.657628405789573 3.4083546069397546
4.9081356253683985 5.22803748371097 3.894723190388756
4.9081356253683985 6.740308636384992 5.8566584906475425
4.9081356253683985 6.740308636384992 5.039680080594348
4.9081356253683985 6.740308636384992 5.359773642462885
4.9081356253683985 7.607494065556764 4.298415395536077
4.9081356253683985 7.607494065556764 4.0103134485064835
3.476273226320782 7.33954040205211 5.736350522487394
3.476273226320782 7.33954040205211 4.626308014662973
3.476273226320782 8.303143803883499 5.830495090429026
3.476273226320782 8.303143803883499 5.375603610978289
3.476273226320782 6.386167460645854 5.25252509244084
3.476273226320782 7.037991873387938 5.649751899803848
5.673946775385819 9.098024746746827 7.816868729148879
5.673946775385819 9.098024746746827 5.237656735917943
5.673946775385819 9.098024746746827 4.0449120310323075
5.673946775385819 6.32664659425453 5.1306164144938515
5.673946775385819 6.2408419760637095 4.392937248518543
5.5217090646984595 6.569348877677172 3.732795322527479
3.187104846038658 5.5217090646984595 3.3150379103851364
2.9155492494357067 5.606775795178365 3.8447916187238196
