2.3197751069528896 7.547408245671676 5.299219606116587
2.3197751069528896 6.0961387569441285 4.460645627643376
2.3197751069528896 4.781830083484646 3.3327722403279503
2.3197751069528896 4.781830083484646 3.1954221570770858
2.3197751069528896 4.5513912846687425 4.005209541225228
2.3197751069528896 4.557666176236854 3.2641243840365233
2.3197751069528896 4.5513912846687425 3.170101137134101
2.3197751069528896 5.911979358649329 3.6279804072427737
2.3197751069528896 5.911979358649329 4.2829985380674165
2.3197751069528896 6.59801519364969 4.373790037553901
0.4015657071292691 6.59801519364969 2.5411785895033905
0.4015657071292691 3.087068502949443 1.6427580426736896
0.4015657071292691 3.2025959952081533 1.6308167718665665
0.4015657071292691 3.2025959952081533 0.509297641286149
0.4015657071292691 5.436775681664461 2.1445230060068368
0.4015657071292691 0.4015657071292691 0.40156570712926887
0.4015657071292691 0.4015657071292691 0.40156570712926887
0.4015657071292691 0.4015657071292691 0.40156570712926887
2.9312896514749807 7.723414657051995 2.9607998689251076
2.9312896514749807 4.208274385349171 0.5762880480301908
0.36852891253441955 3.257626771304523 0.9914075920030196
3.150154887231207 0.558558902057094 0.4173504822491059
3.150154887231207 5.714294832036565 3.1437597259910097
3.150154887231207 5.714294832036565 1.8496496420206627
0.3502544723847767 5.083550077355714 1.7871681561378807
0.3502544723847767 3.150154887231207 1.2172223634506962
0.3502544723847767 5.434638894761285 1.9345041564743313
0.3502544723847767 5.56420312437384 1.3563248383488775
0.8770469570794721 5.077952064306267 2.0377462821567383
0.3502544723847767 1.0130088357735727 0.517573770702148
0.3502544723847767 3.8527424926179497 0.7209828748440004
3.4655623857981372 4.803860014859431 1.680786362157608
2.6334379591825763 4.803860014859431 2.168106287256339
0.17672028456274136 5.112449860560165 1.8852420608695417
0.17672028456274136 5.112449860560165 0.8390017441433795
0.17672028456274136 3.271484287317389 1.2479847470547345
0.17672028456274136 5.128616459797026 1.4384949404919856
0.17672028456274136 5.128616459797026 0.3671778297640599
0.18540445632864477 5.658572104539594 0.8092416484062241
0.17672028456274136 4.638780386967234 1.6031927155015842
0.17645905097702697 5.535598629736132 1.8265376169313887
2.8788211016620093 0.18540445632864477 0.17699400649549582
2.8788211016620093 5.47834453659414 1.727940204673026
2.8788211016620093 2.941700850690538 0.2830744944755913
2.8788211016620093 5.67549587559645 3.083368616132012
0.17658837324629717 5.67549587559645 1.3815780267464237
0.17658837324629717 0.5782610606900502 0.3156666493153576
2.9493835928168726 5.412340159252473 1.8030574369302874
0.17658641982797407 0.1767362543058124 0.17665828822772042
2.9493835928168726 5.231838397806566 1.92319780679779
2.9493835928168726 0.1767362543058124 0.17664440056338826
2.9493835928168726 4.936070546823704 0.35994562079451087
2.9493835928168726 7.625685708672515 2.4964864030779834
2.9493835928168726 2.924901823793537 1.098113477621038
2.9493835928168726 2.2279701803713263 0.25551218043294327
2.9493835928168726 4.915073677818853 1.4963772734235514
2.9493835928168726 5.043009765465619 1.1124760899224488
2.9493835928168726 0.1766768907444427 0.17663503379607284
2.9493835928168726 2.8042530038784155 0.8715445250242406
2.9493835928168726 5.408924905818054 0.5800176494037033
2.9493835928168726 2.6891592342096904 1.1429986698843682
2.9493835928168726 2.769643415734088 1.0457904554672717
2.9493835928168726 2.5661786778825832 1.1116284078421759
2.9493835928168726 2.5661786778825832 0.27675150760388295
2.9493835928168726 3.217161501989914 0.995438871121509
2.9493835928168726 4.951850429221391 1.9475251710140027
2.9493835928168726 0.17704220378998814 0.1769836648353526
2.9493835928168726 3.0048458431402456 1.2665331367546506
2.9493835928168726 5.109980387316689 1.9460864258912878
0.17704220378998814 5.109980387316689 2.250058171243715
3.228560533891223 2.6928106890677808 1.4638776190555318
0.17704220378998814 5.207228582622747 1.6540202259828913
3.228560533891223 5.59027762197557 2.3804695233523008
0.17704220378998814 5.721814350425223 2.2812043769812975
0.17704220378998814 5.568864465508483 4.1143766871628165
0.17704220378998814 6.617436851194078 2.616842836359238
0.17704220378998814 4.2584824659139855 1.2444249532709053
0.17704220378998814 5.409905837741675 0.7808341615536443
2.660640009984544 3.1968982194257554 1.831052004140781
0.17704220378998814 2.660640009984544 0.1770422037899881
0.17704220378998814 2.660640009984544 0.2725651963359323
0.17704220378998814 5.572848017111337 3.3195585059042605
0.17704220378998814 5.572848017111337 0.5921041894300918
0.17704220378998814 0.17704220378998814 0.1770422037899881
0.17704220378998814 5.585206264786752 1.940422367155293
0.17704220378998814 0.17704220378998814 0.1770422037899881
0.17704220378998814 4.633101678345255 2.768008951968909
0.17704220378998814 5.1808665563342124 3.2770025768573094
0.17704220378998814 2.955290037817996 1.4593104348798378
0.17704220378998814 0.17704220378998814 0.1770422037899881
0.17704220378998814 0.17704220378998814 0.1770422037899881
2.537754697493235 0.17704220378998814 0.1770422037899881
0.17704220378998814 7.589086978649496 1.3173567845376044
5.512003367300576 2.676877219152481 0.4654847055625832
0.17704220378998814 5.512003367300576 2.9995390387973564
0.17704220378998814 0.17704220378998814 0.1770422037899881
1.3508082947017361 5.499777477532518 2.66673496126851
0.17704220378998814 3.1967111951752796 1.630136691340473
0.17704220378998814 5.623069629375525 2.361957836008406
0.04936435747104584 5.622512456012149 0.34228718976505257
