3.1498586081526416 7.473333594181023 5.090663218166915
3.1498586081526416 7.235496202016817 5.3497660922946295
3.1498586081526416 7.235496202016817 4.754289071389973
3.1498586081526416 7.235496202016817 4.2546087059611235
3.1498586081526416 6.469125724741517 4.757337640879869
3.1498586081526416 6.469125724741517 4.163521852170562
3.1498586081526416 6.458181615213654 5.818274934616898
3.1498586081526416 9.162122493863327 6.720758139586598
3.1498586081526416 9.162122493863327 7.087973534005665
3.1498586081526416 10.608410329139675 6.898927600797763
2.884239225372277 10.608410329139675 4.290394791533062
6.492803459476431 10.608410329139675 3.2834405688423254
2.7301803533602294 6.492803459476431 3.941214696540444
2.7301803533602294 4.519109344647106 3.4136068370112067
2.7301803533602294 4.519109344647106 3.27250912277264
2.7301803533602294 4.588616597089313 3.4483608049136145
2.7301803533602294 5.645186173822761 4.08781755384692
2.717044966068269 5.645186173822761 3.0113935936301024
2.717044966068269 4.3850234556134176 3.422603490747927
2.717044966068269 3.1796839136609916 2.865653559770225
1.2459842599654292 5.663089766044568 3.2844179960536315
1.2459842599654292 5.27683895956822 2.7345131947280596
1.2459842599654292 4.374437156299777 1.366309371362904
5.682347550886515 1.2459842599654292 1.0135292683480817
1.2459842599654292 5.693889774243221 3.294424411417985
1.2459842599654292 5.682347550886515 1.7365057779731121
5.926383084583968 1.2459842599654292 1.245984259965429
5.854583150142442 5.926383084583968 3.1776656420557954
1.2459842599654292 5.926383084583968 3.722827491320179
3.2678781897493967 5.854583150142442 3.5289382005618863
3.2678781897493967 6.609643772520684 4.2279887711978015
4.748464657771034 6.609643772520684 2.5182233230574798
0.18285095978713217 3.2678781897493967 1.6157200551383752
4.748464657771034 5.684561698581852 2.3316107746938424
4.748464657771034 7.210020477324786 4.150907885777329
4.748464657771034 7.210020477324786 0.8260789621138058
4.748464657771034 0.3248602959129525 0.24766711547426618
4.748464657771034 5.0133122894534665 2.5881269652906886
4.748464657771034 5.119370972800457 2.4805044162452656
4.748464657771034 5.508678564872 3.9574851678689424
3.9368150170458205 4.748464657771034 4.370950085487882
3.361763816909154 4.748464657771034 3.640686198045091
3.361763816909154 5.905795061982374 3.9921649157264656
3.361763816909154 5.905795061982374 3.89584498439859
2.922651012540211 4.394637110719753 3.440346024995869
2.922651012540211 5.947233529815726 4.171920798401398
2.922651012540211 7.795179409147373 5.8436391707773705
2.922651012540211 8.630272348253492 5.4649391303722785
4.389980169552469 9.877186543088035 5.3999188517829815
4.389980169552469 8.04587911803989 4.912206640257546
3.8419937735911636 5.553573181085071 4.609731159000924
3.8419937735911636 4.51273841907971 4.028429275883796
3.8419937735911636 6.292625111345576 4.473522805243022
3.920752182279689 6.292625111345576 4.420455169737483
2.2675989548199813 6.100821637561843 4.595024538008117
3.920752182279689 6.100821637561843 4.4782894279123076
3.920752182279689 5.8761431018462815 4.8049781627014365
3.920752182279689 6.26462377727924 5.482777493715615
3.920752182279689 6.235680968649881 5.0813620939842945
5.241619183478203 6.235680968649881 4.276613932179133
4.46761791838459 6.499228350717328 5.408941600807698
4.46761791838459 6.140664639811138 6.2493086498338375
4.839669995260451 7.595663258899016 5.792263476399158
3.856745748342487 7.595663258899016 5.763573145929565
4.839669995260451 4.6018030720471685 5.979273311207875
4.839669995260451 7.029097658573756 5.811217403947443
4.839669995260451 7.463639694545153 6.131899275092379
4.839669995260451 7.017531519879334 5.956215892299081
4.839669995260451 6.458072538485471 6.109480136021868
4.839669995260451 6.594415136225518 5.725027638761637
4.376234763123815 6.594415136225518 4.2502861512539996
4.839669995260451 7.666869149589381 5.06136266689101
3.3146884710120053 7.666869149589381 6.016108342992888
3.3146884710120053 6.258496270142697 4.115555747345923
3.3146884710120053 5.924922939233554 4.571322978050771
3.3146884710120053 7.559373614031118 4.865601338723739
1.9076284960430887 5.972602880228607 3.9415174677885316
1.9076284960430887 5.972602880228607 2.577474023169616
1.9076284960430887 6.008777255312804 4.317247232458663
1.9076284960430887 6.008777255312804 2.9045785248213014
1.9076284960430887 2.9530178186740064 2.414271935816814
1.9076284960430887 6.093633887341557 3.6855439896789615
3.2423680449006587 6.093633887341557 2.7313220964891083
1.873216374173794 3.3935045878203707 2.4697367874733276
3.2423680449006587 3.3935045878203707 2.370015286310569
1.8102037979726338 5.1074956857495195 3.58972638665535
1.8102037979726338 6.339864719303222 4.296362831569046
3.4053185641356554 8.43936263896329 3.8750461629584785
3.2423680449006587 5.579571076058375 3.846613623380966
3.2423680449006587 7.6833339019208555 5.581194309973224
3.2423680449006587 7.6833339019208555 4.2320116224433075
3.2423680449006587 6.315048621788208 4.5355299147041155
2.6655273424042147 6.315048621788208 4.152238269048192
2.5390895888697895 6.315048621788208 3.066546024806577
2.5390895888697895 8.61066283846166 4.898415171231983
3.7769201841521682 8.61066283846166 3.911650382453907
1.875029145831459 8.61066283846166 2.240339993515466
1.875029145831459 5.715237296028079 3.2015299613952752
1.875029145831459 5.470620153591831 3.0545144958469868
1.875029145831459 1.875029145831459 1.8750291458314599
