3.282220331878538 7.772030775769746 5.40230441571161
3.282220331878538 8.726778510297908 6.076803238550302
3.282220331878538 8.726778510297908 5.35561771617901
3.282220331878538 8.726778510297908 5.488901842737188
2.8269518220270915 5.810511649864647 4.2696393180067895
2.8269518220270915 5.810511649864647 4.222873977037197
2.8269518220270915 6.003071206024643 5.013301542408068
2.8269518220270915 6.46790108756754 5.295740715367577
2.8269518220270915 7.079362809627359 6.131212241182949
2.8269518220270915 7.642801478469329 6.3098302937508475
2.772756621626805 6.441950803137697 3.578597351415318
2.772756621626805 6.441950803137697 2.963905813592874
2.772756621626805 3.24235565903787 2.8887756738595085
2.698523637767661 6.293059326458401 3.4681939695975643
6.281132974259091 4.242710494348042 3.37521852602866
6.281132974259091 6.155552913006115 2.839353220591328
6.281132974259091 4.28406821261666 2.096568344731298
0.7997403020822671 6.281132974259091 3.4397388544479814
2.869107834684226 8.82237238396735 5.32509336920557
0.7997403020822671 6.281132974259091 3.492448133219597
5.719504739076104 6.214724313611821 2.3041419506144667
5.719504739076104 3.279562548665599 2.6288408506068492
0.7997403020822671 3.279562548665599 2.1628038364772353
5.719504739076104 6.35645346918561 4.477467238514371
5.719504739076104 6.35645346918561 1.5512205734573947
5.719504739076104 6.288766924007934 3.0796889623577894
2.9836382337318246 6.212969932275907 4.851503026817945
2.9836382337318246 6.212969932275907 4.295892522731905
2.9836382337318246 6.212969932275907 4.303825986018461
2.9836382337318246 6.57094152549092 4.816271032748718
2.9836382337318246 6.57094152549092 4.776476134427077
2.9836382337318246 6.57094152549092 4.629176122606175
2.9836382337318246 5.244178845334542 4.104188577286947
2.9836382337318246 6.359219703468778 4.727805430872238
2.9836382337318246 6.018201794959619 3.658206477860091
2.9836382337318246 6.605965669948908 3.905728412517057
2.9836382337318246 6.605965669948908 3.234190243017277
2.9836382337318246 4.28764639258662 2.8687326968775513
2.9836382337318246 3.7465525785339584 3.4548046271537127
2.9836382337318246 3.7465525785339584 3.621396826623056
2.9836382337318246 4.539283224888035 3.8364229038004463
2.9836382337318246 6.627329982310979 4.637628661220381
2.9836382337318246 9.270274080164004 5.436717331620448
2.9836382337318246 9.270274080164004 5.310046093488112
2.9836382337318246 6.683240339200953 5.17484308740601
2.9836382337318246 7.717291051901377 6.244007219044726
2.9836382337318246 8.24739274915045 6.404569516132098
2.9836382337318246 8.24739274915045 5.918334819073623
2.9836382337318246 6.475746945618873 5.1773652566332595
2.9836382337318246 6.283401787124575 4.4555275942268855
2.9836382337318246 6.283401787124575 4.577587301379689
2.9836382337318246 4.566018874297189 3.4698888908038468
2.9836382337318246 5.436537391250479 4.142997710874358
3.1581418001391808 5.436537391250479 2.9401695488159407
2.7899863893575874 4.562713266167123 3.0790120679359694
2.7899863893575874 5.524584642281251 4.237122921846811
2.4470502670348506 5.524584642281251 3.37228393587133
2.4470502670348506 5.524584642281251 3.6325643926091797
2.4470502670348506 6.302558789333755 4.611038877398477
2.4470502670348506 6.971563144195681 3.577117348411216
3.2250489159585496 5.692091046840478 3.479331573055273
3.2250489159585496 5.692091046840478 2.9632304332074377
3.57833355014839 5.692091046840478 1.9962928038145002
2.7661596087004985 3.57833355014839 1.2044255170335378
0.2639845773642553 1.7169005162046642 1.056154906290234
0.2639845773642553 4.9193851853267745 2.7702472480721743
2.7661596087004985 4.389843588641586 2.834774766543198
3.160600366500898 5.19642588107391 1.6166331537003096
3.160600366500898 3.230019166088319 1.3875549493433335
2.7661596087004985 5.506782878946726 1.6188943398833895
2.7661596087004985 4.442766214693943 1.2897275838400024
0.2604005391283626 2.482809717201143 1.106818536781663
0.2604005391283626 5.949060105787957 2.6564886400350485
0.2604005391283626 5.240330119771773 2.3979557202804807
0.2604005391283626 2.84820492920618 0.37832920163545963
1.1203743453224608 3.723997631631321 0.9365198840661757
1.1203743453224608 0.4014662594710967 0.31289459483545345
1.1203743453224608 3.224123322079859 1.087146716827614
1.1203743453224608 1.1261866235529685 0.3487641385397334
1.1203743453224608 0.28877060338346583 0.2844703766354807
1.1203743453224608 4.920871448007738 2.7000991048016902
1.1203743453224608 2.9432497922261445 0.3865657300525067
1.1203743453224608 4.898517094226172 2.9605691573919177
5.034740140775426 5.6911976921674565 2.595392254202402
1.1203743453224608 5.034740140775426 2.2638486553904418
1.1203743453224608 5.6328192105378285 3.0113420495535097
1.1203743453224608 3.273583432490448 2.319115610313642
1.1203743453224608 4.293943805209018 0.4936554077260989
0.17696470793585606 4.338417162722688 0.9623281067317693
6.118352274351288 2.1477719554015775 0.328565265433219
0.17696470793585606 6.118352274351288 2.421533531477657
3.2319245415775417 3.9066870580212734 1.324571584885215
0.17696470793585606 4.942212271908346 1.4599159751592194
3.371076094006281 2.585334330024271 0.8253719138827367
0.17696470793585606 6.1650478422842205 3.6348165588295385
0.17696470793585606 3.371076094006281 1.3703544033192636
3.2319245415775417 0.24219380661987033 0.2196145032292499
0.11583573739449848 3.268809516595344 1.4216110782112183
0.11583573739449848 5.643274957275018 1.9166984443936708
0.11106327219247492 0.24219380661987033 0.16654325235343206
