1.4003048163211251 7.567379925732519 5.1826520049545515
1.4003048163211251 7.338411063307154 4.146376131521752
1.4003048163211251 7.338411063307154 3.6901763560407854
1.4003048163211251 5.435444504496271 3.7317588062094496
1.4003048163211251 6.795889859412934 4.829330960834377
1.4003048163211251 6.950487754491185 5.438317935328147
1.4003048163211251 1.4003048163211251 1.400304816321125
1.4003048163211251 3.1735903675058244 1.673117978041848
5.071075455642887 5.669577376508105 3.1105360145155276
1.4003048163211251 5.583427930020857 3.0518524857222493
5.697599541169797 5.583427930020857 1.702377652975798
2.528426481839745 6.948739060407167 3.982693333037288
1.4003048163211251 6.948739060407167 2.442895005551899
2.528426481839745 3.0573014394771296 2.342617452924409
2.528426481839745 4.955806463058639 3.5801274363018596
2.528426481839745 6.944947956240945 5.538402359686073
2.528426481839745 8.081646114585235 6.625562607489621
2.528426481839745 8.172051993384217 7.3489707596620235
5.69636889464422 8.172051993384217 3.628871064137027
1.399402752565973 5.581136028768256 2.5641498455945473
1.4003048163211251 5.69636889464422 3.3368908842499514
1.399402752565973 4.946667337646545 2.4098627746473933
1.399402752565973 6.1063819468145795 3.3150797559010474
1.399402752565973 6.1063819468145795 3.0030253552503825
1.399402752565973 3.445205821431401 2.422668935497663
1.399402752565973 5.096934304002737 3.2663727572795946
0.21853422468512962 5.096934304002737 1.2612964194684975
0.21853422468512962 0.21853422468512962 0.2185342246851295
0.21853422468512962 2.675415825464889 0.8800023479719876
0.21853422468512962 2.675415825464889 0.3130296708689662
4.974904350572686 5.68754318055122 1.690959712802923
5.584314160432417 4.974904350572686 1.645259839882397
0.21853422468512962 5.584314160432417 2.604153342772718
0.21853422468512962 3.2832148628355573 0.33640655692168436
0.21853422468512962 0.21853422468512962 0.2185342246851295
0.21853422468512962 1.782297194638208 0.6996920615937688
0.20352848123423373 0.21853422468512962 0.2185342246851295
0.20352848123423373 3.2411178859525767 0.9125906672581796
0.20352848123423373 4.888997481906916 1.7419144820728993
0.20352848123423373 2.5505613978862844 0.7488942579737541
0.20352848123423373 4.957293547189426 2.084864995902735
0.20135023889525927 0.22186317858982862 0.20680989167681074
4.379526737779912 0.22186317858982862 0.20309916823811552
0.20105892886335086 4.379526737779912 1.9694659773556333
0.20105892886335086 4.379526737779912 0.36338546278646694
0.20105892886335086 2.3842522142970677 0.8742194213974435
0.20105892886335086 2.6599101451663043 0.6754238026366031
0.20105892886335086 0.20502404453163736 0.2034007354104415
0.20105892886335086 0.20502404453163736 0.20340188337568943
0.20105892886335086 5.540087124997786 0.7701306495231065
0.20105892886335086 0.20502404453163736 0.20359819725780776
0.05341846554090113 5.670310194395597 1.6291515150084224
0.038358457140102775 2.0409215633794884 0.6771266098492629
2.937377957966888 0.8783399942295635 0.3496920635564215
2.937377957966888 2.809411084450961 1.0049162468161172
6.264813052458795 2.9729749469373634 2.4040756047055236
1.0916800500075614 6.264813052458795 4.092959298779461
0.04122610765451329 3.0770337313193044 0.7143508840643397
2.945544375493214 1.0916800500075614 0.09184790354036745
4.057125102560395 2.978888926165372 2.3892917235862767
0.04122610765451329 4.057125102560395 1.8933889899802605
0.04122610765451329 0.04122610765451329 0.04122610765451329
3.767161575299973 5.232381040741288 2.237483963960457
0.04122610765451329 3.767161575299973 0.04122610765451329
3.4352063727366056 3.767161575299973 0.47114173853668145
3.4352063727366056 5.602785266985727 3.9673321524318874
2.5874318007211987 5.663706791258999 4.039262824099975
0.04122610765451329 5.663706791258999 0.7773727516819743
0.04122610765451329 5.000090999216905 1.9638910460905463
0.04122610765451329 0.27138884090064197 0.07663575892314847
0.04122610765451329 3.112895285659292 0.7500728410402312
0.04122610765451329 2.7038855647679836 0.5532760032532572
4.406984731933601 3.850388767701489 1.3597824130553895
5.2330027497594465 5.518811146946579 2.608968409606242
5.2330027497594465 1.5961453360934468 0.16083527907289275
5.2330027497594465 4.885763383966751 1.6278774828246196
5.2330027497594465 3.439008792338772 2.6772301720376346
0.04122610765451329 5.2330027497594465 3.0855883809157962
5.131838138035636 5.638352929034742 2.1939671928007565
0.04122610765451329 5.131838138035636 2.886713814264571
0.04122610765451329 5.536402886228231 1.9278425022303163
0.04122610765451329 3.234311527723936 1.6113631560736463
0.04122610765451329 1.903715796511062 0.6142998580719126
0.04122610765451329 5.642476712908596 1.9801205479347734
0.04122610765451329 2.7405267107087323 0.560322377472632
0.04122610765451329 3.1410313012533035 0.7565657677157722
0.04122610765451329 0.04122610765451329 0.04122610765451329
1.038101826772746 3.046603524870197 1.0420451587999315
0.04122610765451329 3.018925538058142 1.2408945267855505
0.024991281926763254 5.04376717172314 0.4203546117040557
0.5066738598605522 1.038101826772746 0.10662762743415553
0.5066738598605522 2.5809632811746757 0.8161605053590466
0.024991281926763254 5.661152081679074 0.31762835489066615
0.024991281926763254 0.044666757029713455 0.03382851558631312
0.024991281926763254 3.2491443547188266 0.5296732092454395
0.024991281926763254 3.212751624607368 0.8842526729155706
0.024991281926763254 0.02670305940544937 0.026470220051227233
0.024991281926763254 5.5768204155596095 1.6440671150755553
0.024991281926763254 4.874824187916687 2.561540119223864
0.024991281926763254 0.02669150401738607 0.026358243153637398
