4.709147885584425 7.7541486722364965 5.143531732866718
4.709147885584425 6.591603324322136 5.780020602022921
3.9413890685573745 6.939211411582042 5.3079819377313555
1.1399237891007705 6.594576998525948 3.5681970085041574
1.1399237891007705 5.272929890866795 2.2551479690739233
1.1399237891007705 5.186835906694707 3.4426726882050174
1.1399237891007705 5.186835906694707 2.7698410059275145
2.6578213259241292 6.406803490183364 3.5686540479645714
2.6578213259241292 5.581064728030626 3.7563627747646127
2.6578213259241292 5.581064728030626 2.5070173489276772
2.6578213259241292 3.5586328345414384 2.3727105735067058
2.6578213259241292 5.557026351952246 3.0711704920580227
2.6578213259241292 5.793865292420605 4.06413834091695
2.6578213259241292 2.938908567476894 3.5639893370131586
2.938908567476894 6.672065963340604 4.2543323102954975
0.9624689983446584 6.672065963340604 3.9986441361932084
5.7395373116849555 7.019817943388798 5.4694110095029895
0.9624689983446584 6.3860336480801685 4.714262888680429
5.7395373116849555 6.3860336480801685 2.9134137268617106
5.7395373116849555 6.484451816807848 4.446793505812761
5.7395373116849555 6.484451816807848 2.9666523956431257
0.9624689983446584 5.7395373116849555 3.634728454247841
0.9624689983446584 5.7395373116849555 2.7421999522704295
5.9786923741845825 5.7395373116849555 2.5300864890849066
5.9786923741845825 5.703984604505845 2.802146668589169
3.1771457955638245 6.24277307045487 2.5547932018255795
3.1771457955638245 6.24277307045487 2.338733296620232
0.9624689983446584 3.1771457955638245 1.559399061369588
2.712766273991449 2.230490605057611 1.3305383599795086
2.712766273991449 2.837908426046973 1.7859577039860892
0.9624689983446584 5.518000119758451 3.465176825058868
0.9624689983446584 4.9199120570360435 2.0165340785026653
5.732476652914425 3.410328387266198 2.1498510644027777
3.838905849151541 5.732476652914425 3.3828135794813923
3.838905849151541 5.717242146921322 4.446205411795413
3.838905849151541 5.717242146921322 2.500120486256489
3.838905849151541 5.384285005719612 1.3948008165611339
3.838905849151541 2.5467580114487807 1.6105426256963742
3.0825714867778697 6.514422089114021 4.756625239411798
3.0825714867778697 7.496726668250883 4.536699134495597
3.0825714867778697 5.704532974137081 3.888692980277076
3.0825714867778697 5.781941495155884 4.278203645425785
3.0825714867778697 5.781941495155884 3.1874733078791544
3.0825714867778697 6.901775293826269 4.083304306277561
3.0825714867778697 6.901775293826269 2.8961042536799733
3.0825714867778697 3.465531592398961 1.938060080004918
3.0825714867778697 4.393550334162395 3.0220934541395885
3.0825714867778697 3.270878149771996 2.021405796000648
3.0825714867778697 3.2404229221603527 2.5840060968005627
2.6369460116746315 3.2404229221603527 2.891808828379435
2.6369460116746315 5.733467287657422 3.346310138658464
4.435550588766084 3.2404229221603527 2.345230484026015
2.6369460116746315 5.868223770735586 5.19278888726356
2.6369460116746315 5.868223770735586 3.9631100392375527
2.6369460116746315 5.255258222621034 3.8441075685179604
2.6369460116746315 5.043944424102897 3.1820574009840894
2.6369460116746315 5.043944424102897 4.2538474843690155
2.6369460116746315 4.534729984123729 3.737426667822023
2.6369460116746315 4.534729984123729 3.5246294265417224
0.876184571710994 4.534729984123729 2.5870494069421324
0.876184571710994 6.496301212179674 3.0509018166540782
0.876184571710994 2.9905833325157123 1.2978970979271087
0.876184571710994 5.624377092342293 2.168318440663377
0.876184571710994 7.641325335786057 1.150156637573222
3.071815824858224 3.2512231695694216 1.5156180403651858
2.278013012840042 5.366821884117627 2.764603264716242
5.165914708330259 5.366821884117627 2.75816209661229
0.876184571710994 5.165914708330259 2.8962152369828824
4.206716283021198 2.278013012840042 0.9840175287209204
0.876184571710994 5.402741908662399 1.3984796490515405
0.876184571710994 5.527713057056285 3.1268159149670955
0.876184571710994 6.396881620060871 4.374499227408867
0.876184571710994 6.498761658430254 4.803865613975895
0.876184571710994 6.6336415818127 4.00628054549683
6.023509240821163 6.6336415818127 1.7741373875657744
0.876184571710994 6.023509240821163 2.9163881593360013
0.876184571710994 6.023509240821163 2.971176872615355
0.876184571710994 7.682615351478622 1.3997561701546575
0.876184571710994 5.461158681426312 2.815981310436705
0.876184571710994 5.721834035845383 2.742792751235517
2.6023208589357236 5.721834035845383 1.7186907431597713
0.876184571710994 2.6023208589357236 1.275103084349729
0.876184571710994 3.34455837479219 2.0996476774367974
0.876184571710994 5.360894076377409 2.008172343744086
0.876184571710994 2.8836632163678684 1.5415245822201993
0.876184571710994 2.8836632163678684 1.128520078792109
0.876184571710994 5.725153640385795 2.593906732878943
0.38720269178912803 3.392853117356865 0.8350475062372761
0.3607301587557079 3.392853117356865 0.7943014532985503
0.3607301587557079 2.628001510528414 1.0843331883268372
0.3607301587557079 5.711547479439108 3.0283808595115747
5.326367398987575 7.540530477577473 1.6410872176026068
5.4202855934766205 5.326367398987575 1.3190193303373208
5.3616075664345075 5.638613499659375 3.9021287129545184
0.3607301587557079 5.638613499659375 2.4613282679944666
0.3607301587557079 3.2475777269755466 1.1379583501995103
0.3607301587557079 3.059091887817058 0.6720795890320174
0.3607301587557079 0.3607301587557079 0.3607301587557077
5.384371086486187 6.558195763861427 1.9965174235018956
0.3607301587557079 5.384371086486187 1.3268149525500306
