2.702087694463995 7.7651130856411665 4.682297610180731
4.538131598806018 9.616343915471386 5.0564518100618505
4.538131598806018 9.616343915471386 2.7973900536875336
4.538131598806018 2.8137540655618314 2.1808176490792452
4.538131598806018 5.411046455335175 3.9273918944863437
4.538131598806018 6.2492398598854315 4.550121016680257
4.538131598806018 6.342786227149812 4.897222560579637
4.538131598806018 6.342786227149812 4.299945605249638
4.0502555078509666 6.6401919764202155 5.088720262267294
4.0502555078509666 11.61680915662448 7.413622966585568
4.0502555078509666 11.61680915662448 5.476672231510591
4.0502555078509666 11.61680915662448 5.3514046087900144
2.1715034969661713 5.455055086113045 4.035916202698569
5.662603440084997 5.998825831559394 3.6937439143183073
5.61744657297745 5.998825831559394 4.7037494008728205
5.61744657297745 5.998825831559394 4.718583485514116
5.61744657297745 6.589607082765479 5.433452200515648
5.61744657297745 6.589607082765479 4.948403654837872
5.61744657297745 7.600422136637803 5.532182435522534
5.61744657297745 6.430071322742876 6.615430160178438
5.61744657297745 8.443503580320442 6.691478643944425
5.57884785399267 6.701778926077296 6.015470777557118
4.0975141813331035 6.6723306392814195 5.547388304326938
4.0975141813331035 7.391818341771794 6.510323098698725
4.0975141813331035 7.391818341771794 6.241938989111147
4.0975141813331035 8.567194251624024 6.354585783015603
4.0975141813331035 8.567194251624024 6.20217496581659
3.449758740593641 8.567194251624024 4.2424651278484
3.449758740593641 6.363633736699676 4.605801065376351
3.449758740593641 6.363633736699676 3.9537477408112442
3.449758740593641 4.342085105492103 4.06166125227504
3.449758740593641 6.747116748376557 4.6625092861616455
3.449758740593641 6.148282171241998 4.192415738194712
3.449758740593641 4.682314243301352 3.8386410065824967
3.449758740593641 4.682314243301352 3.7366786145604056
3.449758740593641 4.682314243301352 3.7689477212364326
3.0892005874595765 4.568149555338792 3.689304673461372
3.0892005874595765 6.667740869864495 4.558616064131443
3.0892005874595765 6.667740869864495 3.804792812440335
3.0892005874595765 3.9308925819721137 3.792394110183465
2.152888941384479 5.46352336919378 3.941878243387875
2.152888941384479 5.46352336919378 4.106157711839105
2.152888941384479 6.251854223912755 4.766704192412786
2.152888941384479 6.086481177316205 5.122621994077556
2.152888941384479 6.086481177316205 2.856238156713549
2.152888941384479 6.086481177316205 2.3041809504587776
2.152888941384479 5.977160234824627 3.229126168613951
4.9894702265815205 3.738524283160189 2.7409415156078625
5.707370234005232 2.152888941384479 1.6455207348278418
4.9894702265815205 5.707370234005232 2.571151466026566
4.9894702265815205 3.4155630863851063 1.755839232125927
4.9894702265815205 1.6252260065655766 1.6181209952167326
1.6252260065655766 5.782730846161922 2.946972264863251
1.5405985919404732 7.81244859556138 4.28430045017153
1.5405985919404732 7.81244859556138 2.611988297730826
1.5405985919404732 4.564941553460226 1.7384097707596688
0.15217535557598483 5.3373695093672175 1.6042831595164724
0.15217535557598483 5.664280672821633 2.0119861164042954
3.0026478133854053 1.2181558988502847 0.19317460724038088
0.15217535557598483 4.923985335153329 1.0726687346311612
2.630654441749322 6.658872141026727 2.154235904945444
0.15217535557598483 6.220328532803396 3.484959405354112
0.15217535557598483 6.220328532803396 2.1853380269746476
0.15217535557598483 3.1653431755884154 0.3839574955769409
0.15217535557598483 3.1764066712802976 0.8500748899692875
0.15217535557598483 5.616535219960586 2.977323412751687
0.15217535557598483 5.616535219960586 0.36234304266770007
0.1311604867965639 5.254242999856089 1.523384159561464
5.643094976373106 0.17942354734167454 0.15304277945016004
5.643094976373106 0.18637120798058193 0.16564700839574825
5.643094976373106 2.619731515291026 0.8233291897728608
4.907458319193832 6.403687667195886 1.074470897231607
5.201707110270508 5.679263242181417 3.782573875893505
0.1764452869162949 4.907458319193832 0.4817901432861398
4.488157337483049 5.103643007174568 2.9529904670565403
5.201707110270508 4.488157337483049 0.17644528691629488
4.488157337483049 5.201707110270508 0.17644528691629488
4.429411518194758 4.488157337483049 1.5877324028713344
0.1764452869162949 4.429411518194758 3.397688106821706
5.201707110270508 6.008358749141568 4.5328120344406235
6.660127442373614 5.201707110270508 3.029639935391937
0.1764452869162949 6.660127442373614 1.922052021077881
0.1764452869162949 0.1764452869162949 0.17644528691629488
0.1764452869162949 0.1764452869162949 0.17644528691629488
0.1764452869162949 3.0497176264678854 0.9500186091032613
0.1764452869162949 0.1764452869162949 0.17644528691629488
0.1764452869162949 2.63758355748119 0.8390594366837664
5.665670789539298 5.66907760182481 2.498731839002204
0.1764452869162949 3.0772632449922743 2.508528700241936
5.665670789539298 3.2472889167336594 2.3258011572087405
0.1764452869162949 5.665670789539298 0.17644528691629488
2.7801591562986627 3.2674902215415433 1.1813996673740284
2.7801591562986627 3.907267882247297 1.910571738672426
0.1764452869162949 5.665670789539298 2.031263715452766
0.1764452869162949 0.1764452869162949 0.17644528691629488
4.417892776498462 2.613526528096735 1.0200503319402932
0.1764452869162949 4.417892776498462 0.9921082656820961
0.1764452869162949 4.417892776498462 0.5027104784226151
2.993932337676679 5.467802928437919 2.1712016816577107
0.1764452869162949 2.993932337676679 2.195820274166463
