0.6469604313937372 7.761669176901613 5.2375375166990175
0.6469604313937372 7.761669176901613 4.346371169902917
0.6469604313937372 5.686191599864561 2.422948121503913
0.6469604313937372 6.080653576986805 3.4771254817910875
0.6469604313937372 6.080653576986805 2.130571637022903
0.6469604313937372 2.808432660896632 1.664814664722543
5.137401123498943 5.785578396021286 2.2298676216155546
0.1557651580707078 5.785578396021286 0.5352278520328393
2.6460714807070826 5.466922332848334 3.3425454447011282
0.1557651580707078 6.515995932164774 2.1127592424073427
0.1557651580707078 2.7005606104024875 1.0366558915701698
0.1557651580707078 2.7005606104024875 0.5409849434645886
5.396421282166706 2.870665193467691 0.878061563263718
5.0835823353632 5.674710148010405 3.4651561482049718
5.0835823353632 5.627776497898228 3.2381961998714988
2.448445731404402 4.896454523530643 3.4202133232181535
2.448445731404402 4.896454523530643 3.221643600442292
2.448445731404402 5.0835823353632 3.4872248593681503
2.448445731404402 5.442437860462682 3.5154802222965307
2.448445731404402 6.520770838182802 3.4028275100555274
2.448445731404402 6.520770838182802 4.8115852654579765
2.4057305514369856 6.0201545028782775 3.02104253487535
2.4057305514369856 6.17427823151063 3.448268698358586
2.4057305514369856 6.17427823151063 3.5038103591072707
2.4057305514369856 8.421769581463135 5.405045987599071
2.4057305514369856 8.421769581463135 5.608684906483277
2.4057305514369856 6.688306990819374 5.472545135642743
1.5866963914297725 7.28892865868432 3.7777151948987227
1.257277698761524 7.28892865868432 2.4381363085916865
1.257277698761524 7.28892865868432 3.6098361197142137
1.257277698761524 8.114216198370825 4.514718053330057
1.257277698761524 10.723903504251851 6.408858462163393
1.257277698761524 10.723903504251851 4.2768897116047775
1.257277698761524 7.484510430539505 2.3847137387353765
3.4249625426342445 2.1936698804794514 1.2932927826737517
5.966654252769818 3.4249625426342445 2.163786041788263
1.257277698761524 4.5908292483036455 3.1673117061905254
1.257277698761524 6.093992663208368 4.376106422870061
1.257277698761524 6.093992663208368 2.807844424828188
1.257277698761524 6.093992663208368 3.45508415599764
1.257277698761524 6.297104076412385 3.7962413309339262
1.257277698761524 6.297104076412385 2.292275133366794
1.257277698761524 4.234717870172819 2.4019194480964683
2.7161099332480743 6.812105298740985 3.5113609113637376
1.257277698761524 8.341036657504315 5.514922372929827
2.7161099332480743 9.507526546564035 5.1992471161384675
1.257277698761524 6.650089546957201 3.313388422200889
1.257277698761524 5.709695826688758 1.8945964509038473
5.306505255626636 2.7161099332480743 1.3133866308571602
1.257277698761524 7.327117697836748 5.051167440053803
1.257277698761524 7.327117697836748 4.967950150883548
1.257277698761524 7.327117697836748 4.993886770211389
1.257277698761524 7.687720341950209 5.002607456730791
1.257277698761524 7.687720341950209 3.1977671383354145
1.257277698761524 8.123436912811712 5.174702461846383
1.257277698761524 8.123436912811712 4.832741412816824
1.257277698761524 8.123436912811712 3.4742807268202087
1.257277698761524 3.743562262410713 3.2631781737076575
5.9253690716348295 4.144093941914832 2.3742602758513294
0.07042316296881213 5.9253690716348295 2.097135208276281
5.612408565736157 0.39205901476626837 0.15701743076043492
0.07042316296881213 5.525752149438574 1.5515361920874968
3.1473777610344134 3.2514404717845555 0.9268508999576658
4.639164356306782 5.612408565736157 2.290000443540532
3.1473777610344134 6.628788964549052 5.203000705442487
4.055398293954223 6.628788964549052 4.22702474435698
3.0132900434750067 7.320937096633658 5.482423335571644
2.8218985870617996 6.092225842482968 4.169974347452452
5.67004761142049 6.092225842482968 4.3619274657965095
5.67004761142049 6.092225842482968 4.904838123383969
5.67004761142049 5.796735648952001 4.360689996312927
4.460255785906639 6.153427042305651 5.08216156098302
4.460255785906639 6.153427042305651 5.164886940099068
4.460255785906639 6.057651013310487 5.68834441549446
4.435249319499153 6.686835290531693 5.618199605399409
4.435249319499153 7.00122037321907 5.571555719287823
3.9214638984950523 7.00122037321907 4.977504857317182
3.9214638984950523 7.00122037321907 4.651363719971556
5.868649130992765 8.786145009955948 5.5655100790660486
2.8809362785830293 8.786145009955948 3.6964041099385887
5.802797121198381 6.257299452621812 2.618335644577061
1.0347003562636208 2.888242917281698 1.8183293906406024
5.802797121198381 5.2298926572794215 2.8057860930433636
1.0347003562636208 5.2298926572794215 1.8476557898755603
1.0347003562636208 2.888242917281698 1.2191063851135335
1.0347003562636208 3.207380585104723 1.2853942288222093
3.290590546979747 6.448135557893941 2.9809115419513907
3.290590546979747 7.667502066621502 3.9269852488309076
5.802797121198381 4.369459535430078 2.792370170055212
4.158116067748072 4.369459535430078 1.763322390190544
5.802797121198381 5.648427046247722 3.8090878788381457
5.67325340003034 5.802797121198381 4.453040119347455
3.124040956047193 6.599180211449379 5.042666044138285
3.124040956047193 6.599180211449379 5.1004897909131195
3.124040956047193 7.217812471692607 5.792001219837681
3.124040956047193 5.48753420126798 3.4280993731448226
3.124040956047193 6.089346927356534 4.49498674270819
3.124040956047193 6.07438032392616 5.179946700828095
3.0595101824403454 6.07438032392616 4.500070001543689
3.0595101824403454 5.083655687937398 4.303071901582118
