3.135622553782835 7.690268359681369 5.767891723961704
3.135622553782835 6.538873820734015 5.487766358663963
2.7698786467710694 6.513445457568654 4.1790195888053985
2.7698786467710694 6.513445457568654 4.514912773480827
2.7698786467710694 5.124416402833312 4.655231507845387
2.7698786467710694 5.124416402833312 3.8339976227998056
2.7698786467710694 5.5709444203666045 4.434686000033063
2.7698786467710694 7.866434522932774 5.360796861193728
2.7698786467710694 7.866434522932774 5.765023775048742
2.7698786467710694 7.866434522932774 5.132090317403883
2.7698786467710694 10.236270943620083 5.68058281219701
2.7698786467710694 10.236270943620083 6.018767110363317
2.7698786467710694 6.265585570886735 5.143480900775397
2.7698786467710694 6.489740242022382 5.180861133984498
2.6850596834454916 7.709477123933036 5.333887258141714
2.6850596834454916 7.709477123933036 2.881568775899843
0.9876925753764394 2.7698786467710694 2.688321951265707
0.9876925753764394 4.08010082276634 2.687100038146684
0.9876925753764394 6.765057707124235 3.4487382842140812
0.9787846633224082 6.765057707124235 2.672509658090656
0.9787846633224082 2.7698786467710694 1.1796100420840576
0.9787846633224082 5.845630721334313 4.16906652415661
5.451436908345876 5.845630721334313 1.4014831376449262
4.759640345895161 6.819629832636512 4.230555724436025
4.759640345895161 6.819629832636512 3.2254111456126284
2.046574046262674 4.759640345895161 3.0942534706954934
2.046574046262674 3.8069116606715885 2.5493774141092898
1.3936113347022752 3.8069116606715885 2.227133421793091
5.65672445814625 2.8507007898942622 1.561737041070582
1.3936113347022752 5.65672445814625 1.8855090027919654
1.3936113347022752 5.928369338579525 3.137749028501217
1.3936113347022752 5.928369338579525 2.9034661617681348
1.3936113347022752 4.172122414149708 2.163591889679981
1.3936113347022752 4.172122414149708 2.1525201919250243
1.3936113347022752 2.710909797890871 2.08814311290596
1.3936113347022752 4.038662929282342 2.369764710696594
1.3917618653271302 4.038662929282342 1.7081974527150015
6.168714423150501 3.305972258262479 1.9270156059301813
1.4051272338245409 6.168714423150501 2.018849034036073
1.4051272338245409 6.168714423150501 2.9781221448349147
1.4051272338245409 5.003141144063285 2.593049215937195
5.047858534299976 3.22895581524843 2.1030815175210344
1.4051272338245409 3.22895581524843 1.5436626162777236
1.4051272338245409 5.047858534299976 1.7554845869928015
1.4051272338245409 6.046868993860652 3.0118839969139657
3.4297715914088767 6.046868993860652 4.090909619431238
3.4297715914088767 6.045948437787317 3.12736535070318
3.4297715914088767 5.688753165512328 2.97299534586841
3.4297715914088767 5.688753165512328 3.0753341538015566
3.4297715914088767 5.5727726629332786 3.1668444052892912
3.4297715914088767 5.697205834925423 2.7112068773091256
1.4207009084810704 5.728732087715681 2.8971552177642135
3.252752882004906 7.642763939494513 4.131997166161703
1.4207009084810704 7.642763939494513 2.0551408435435032
1.4207009084810704 2.6961754450968702 2.0093814638422094
1.4207009084810704 5.009381553468415 3.968627783391317
1.4207009084810704 5.009381553468415 3.916921627553942
1.4207009084810704 6.524531971617691 3.8622251656924496
1.4207009084810704 6.524531971617691 3.8572256186638225
1.4207009084810704 6.165400413145388 4.059173481096387
3.1224659981107306 6.165400413145388 3.28790211348045
3.1224659981107306 4.968503866566479 2.3954203464931125
6.310204205959845 3.3365008645160583 2.0086721118113537
0.4704045517298998 6.310204205959845 2.226060079072323
0.4704045517298998 3.1224659981107306 0.5724069150522392
3.0980862168485186 0.4704045517298998 0.4704045517298995
3.144452663419934 2.61666895977956 1.0195619876373152
0.986171061291476 5.132503200290291 2.782061262063052
0.986171061291476 3.0980862168485186 0.6540178622363718
0.4704045517298998 3.2406892247789725 1.6773162586066848
0.4704045517298998 5.422503787852438 2.318869636382835
0.4704045517298998 3.3093858253104895 1.3140943576264545
0.4704045517298998 4.7296416556196945 1.8007762186791278
0.4704045517298998 0.4704045517298998 0.4704045517298995
3.8682024081499944 5.619259312286843 2.252700430384226
3.8682024081499944 5.758180696438082 2.8214479227729603
0.4704045517298998 3.8682024081499944 2.248699210633639
0.4704045517298998 3.3425016620606383 1.3691657287096264
0.4704045517298998 5.498412547967941 0.6637894746621319
1.2995048741440667 4.184423921629605 1.7890149080405384
2.67284007763573 4.624227582503853 1.8534947323561453
1.2995048741440667 3.3527042942631593 3.027988411725285
1.2995048741440667 4.918316288521424 3.730450265664637
1.2995048741440667 4.918316288521424 2.4624375634321325
1.2995048741440667 3.4306403182883085 2.3598264460027463
1.2995048741440667 3.7174923057422906 2.0859709387373107
1.2995048741440667 3.7348412438777214 2.622879051341752
1.2995048741440667 4.693281863819934 2.8843790224887154
1.2995048741440667 4.693281863819934 1.498144491485849
1.2995048741440667 4.693281863819934 2.008482613266074
1.2995048741440667 6.657873201452631 3.6023695520026187
1.241839691215699 5.490471512929886 3.1218936866857216
1.241839691215699 6.657873201452631 2.965592422553618
1.241839691215699 3.284254818184469 1.51437336346139
1.241839691215699 2.901569116223961 1.6603404403273712
1.241839691215699 6.57418599177754 3.757391644847855
1.241839691215699 6.57418599177754 2.959273823033451
1.241839691215699 7.568022885620284 4.298648328735211
1.241839691215699 7.568022885620284 3.4031255903223108
1.241839691215699 4.70189918742566 2.686730469804125
