2.4691662482476286 7.771355003599506 5.623105047127566
2.4691662482476286 6.254373142195941 4.630811474166975
2.4691662482476286 5.936676424578856 3.525237240837604
2.4691662482476286 6.444025131711609 5.910302288560924
2.4691662482476286 7.1077584244814975 5.787916224750314
2.4691662482476286 7.1077584244814975 5.188327389198382
2.4691662482476286 7.3886210439584055 6.25858845768729
2.4691662482476286 7.676320853718799 6.343361601732112
5.4865997476512085 7.676320853718799 3.1903226931367783
5.597570044490755 5.4865997476512085 3.3976073249871934
2.4691662482476286 6.635260931412766 4.095033566326551
2.4691662482476286 6.635260931412766 3.525513011844983
6.057185070171915 5.597570044490755 3.632845154049273
6.057185070171915 5.597570044490755 4.174808938722586
6.057185070171915 9.169570639819987 5.4607661567639605
2.4578992951796867 4.2044028235796205 3.0414003080783
2.1650140546392724 6.057185070171915 3.82792106375522
2.1650140546392724 5.752448074367315 4.3341024895678455
2.1650140546392724 6.661703098999222 5.499741092728383
2.1650140546392724 6.661703098999222 5.561467496877451
2.1650140546392724 6.661703098999222 4.371558789196261
2.1650140546392724 6.661703098999222 3.4527420071839816
0.6319913383671794 4.2553085542970805 2.5395381617419233
3.1649031946253996 4.2553085542970805 1.050066401743706
0.6319913383671794 4.2553085542970805 1.5436376678712274
0.6319913383671794 5.670214675496521 2.287827232003639
0.6319913383671794 0.6606708123786516 0.6553916512836503
0.6319913383671794 0.6752621259350531 0.6568999641274053
0.6319913383671794 1.2038447910792205 0.8344250226718283
0.6319913383671794 4.910712761825604 1.8839769120306318
0.6319913383671794 2.567846672662949 1.339662432391753
0.127122913961085 4.965905499691996 2.03753167235664
5.605980420993486 2.6051127754154 1.0054097082497924
0.127122913961085 5.605980420993486 2.806399036842378
5.036195888284823 3.998177259301596 2.5215271204867684
0.127122913961085 5.599003561188532 2.1218506846520504
0.127122913961085 5.036195888284823 1.2599859080357942
0.127122913961085 0.127122913961085 0.127122913961085
0.127122913961085 5.393665794808534 3.172394991191217
0.127122913961085 3.429220498938268 0.37291496468337976
4.950835508690535 0.7448220607215821 0.15088057345187333
3.233212527854491 4.950835508690535 1.39430030620436
2.609345796807102 5.653573505779153 2.424894175653838
6.0787889393678185 2.609345796807102 0.7954136901119354
6.0787889393678185 4.300194899490581 1.9135038329226006
0.127122913961085 2.783377918095106 0.9839922120228922
0.127122913961085 6.0787889393678185 1.933821844196285
0.127122913961085 5.663772655905827 2.2631148705978443
0.127122913961085 0.127122913961085 0.127122913961085
3.229575324406927 2.3281845121365135 0.8043726364766012
0.127122913961085 3.229575324406927 1.0949059119718458
1.2203378544093835 4.404223588551446 1.607657762857749
0.127122913961085 4.404223588551446 0.6280006138909597
0.11941899198317829 1.9968430632728773 0.4793443222244844
0.11941899198317829 5.661907832535878 2.266034058285058
0.11941899198317829 0.8018416638731414 0.14685123659093174
5.568158106155508 5.665852839941252 2.5529725088909014
0.11941899198317829 5.568158106155508 2.495344779685804
2.1391577106155073 5.680519105322137 2.262146901839818
2.1391577106155073 2.5829827463537645 0.9770175633597342
3.3923366027621253 3.398745228470681 1.7941715403272371
2.902125874398458 5.771931081050056 2.653109625554055
3.3923366027621253 5.467848916837177 3.2661275321104837
3.612753846289579 6.058218720432876 3.0270103470397323
1.2254452923509231 3.612753846289579 1.8401481427157629
1.2254452923509231 4.86548317163416 2.4683739053770926
3.3097819488146105 6.061358663858936 4.283885469053904
3.3097819488146105 6.294066129070181 4.4916097027474216
3.3097819488146105 6.63603298201064 6.0554249250201035
3.3097819488146105 6.4553149767211835 5.01412785392851
3.3097819488146105 6.4553149767211835 2.970789959827327
3.3097819488146105 6.369168798128516 3.7738046574166404
3.3097819488146105 5.659899721873806 3.8568092572881914
1.2254452923509231 5.659899721873806 1.9052605167236274
5.5931843852889145 3.3097819488146105 1.6262792647477864
1.2254452923509231 5.3403902642058725 2.491582206767831
1.2254452923509231 7.434087180805342 4.274252247481146
1.2254452923509231 5.57574397568802 4.032678374612744
1.2254452923509231 6.296979784927636 5.514060221859386
1.2254452923509231 6.296979784927636 5.294444949263735
1.2254452923509231 8.420530916955832 5.7925043187239655
1.2254452923509231 6.973616891053398 4.44669227560773
3.1656704228393377 6.973616891053398 3.4534061023747853
3.2543524944687516 5.839083318890285 1.9998852565988736
1.2254452923509231 5.839083318890285 4.000345473676038
1.2254452923509231 5.839083318890285 4.2491185907855415
5.831382530489396 7.62191864027862 4.995584246200438
5.831382530489396 8.992418429891273 5.3182754456414205
5.831382530489396 8.992418429891273 5.222614060059455
5.831382530489396 7.428759265673133 4.044580117881586
5.831382530489396 4.561187162968171 3.7220208856298935
5.831382530489396 4.094828806117722 3.693915253206892
5.831382530489396 6.7978676744901385 4.756163857174554
5.831382530489396 6.7978676744901385 4.916300375048016
5.831382530489396 5.982759423878317 4.85136660617123
2.171608110930674 5.982759423878317 4.304526763329988
2.171608110930674 5.957143267432411 3.5312731742413273
2.171608110930674 5.831382530489396 4.358446359419623
2.171608110930674 7.093404547263582 4.364379045025169
2.171608110930674 5.2641817912987 4.431808574335955
