2.3363110454948033 7.612066136229769 5.051872362339737
3.198929234734536 8.191853262595547 5.169602564910407
3.198929234734536 8.191853262595547 4.386589092241081
3.198929234734536 6.489381883356295 3.5277716615525487
3.198929234734536 6.489381883356295 4.1487582130827505
3.198929234734536 6.170141231478894 3.651508212779277
2.7258218223470227 4.076383393149687 3.0540598664544394
2.7258218223470227 4.131676040710033 3.4639543179516172
2.684265572292127 4.131676040710033 3.0455780765075238
2.684265572292127 3.2396699991701046 3.1526562117875097
2.684265572292127 3.2396699991701046 3.2183082904440288
2.684265572292127 5.040146556299433 3.8415501756041808
2.684265572292127 5.595463613598245 5.030726149042016
2.684265572292127 7.370993068596354 6.16527772028819
1.0055975539927897 6.547016290260341 4.425913537770431
1.0055975539927897 6.547016290260341 2.369118322891614
1.0055975539927897 2.9920557706562545 2.182984463434454
0.8088357310674721 3.3867960246645237 1.0868628368487103
0.8088357310674721 2.6166949732257803 1.3185005828855592
0.8088357310674721 5.200194969526972 2.6124274606579077
0.8088357310674721 5.236420382025187 1.581876195052484
3.043707817062796 3.4401688170448854 2.6840657050313217
5.389456681100988 4.110788918892766 2.411031603820367
5.389456681100988 5.784040925836052 2.5677991899997914
5.389456681100988 7.758449919251225 5.230725392424658
5.389456681100988 7.758449919251225 4.3292745184981705
5.389456681100988 4.674384043269654 2.646405598210455
0.8088357310674721 5.389456681100988 3.3673264305318797
5.220145197218052 5.389456681100988 2.512678102845508
0.8088357310674721 5.424712743536656 3.255153729951988
5.557340275894955 5.424712743536656 3.1019221328019406
5.557340275894955 5.417324892040078 3.2618292050006334
5.557340275894955 3.085784280270634 1.7089577343961473
1.309699915551438 5.557340275894955 2.2231715252340205
1.309699915551438 5.557340275894955 1.545131439679722
1.309699915551438 5.4656401943227735 2.793937788444998
2.2417945230887395 9.015720213473204 4.865953686304627
1.309699915551438 11.47341743894331 5.500611310126906
2.2417945230887395 11.47341743894331 2.6524334994241245
2.2417945230887395 3.1946968685630748 2.3355346563067814
2.2417945230887395 6.628098046977524 3.3458598014019283
2.2417945230887395 6.4920578811550484 4.127044013674238
2.2417945230887395 6.4920578811550484 3.5466755487866077
2.2417945230887395 3.9846460208063488 2.3401861866994835
2.2350478041758817 2.2417945230887395 2.235566782553795
2.2350478041758817 3.699366611783184 2.4611060882977207
2.2350478041758817 3.8976835332033954 3.154740416763775
2.2350478041758817 3.8976835332033954 2.8152426225637255
2.2350478041758817 6.491625932314157 3.889862424734
2.0306943125960264 6.491625932314157 3.42925412211686
2.0306943125960264 8.669485769632807 4.94660213740289
2.0306943125960264 8.669485769632807 4.158524286789964
3.8767913709071355 8.669485769632807 3.2748082227126307
2.8391749363946706 4.51143203895462 4.016893338381289
2.8391749363946706 5.655540905120393 4.451384140899919
2.8391749363946706 5.655540905120393 4.0118603492736264
2.8391749363946706 5.655540905120393 3.476014565764831
2.8391749363946706 4.681692938844762 3.739787916732719
2.8391749363946706 5.3578501856575365 4.199607998692969
2.8391749363946706 5.3578501856575365 4.072097356901873
4.3608490637620605 4.553789140636951 3.4328345404557457
4.3608490637620605 4.553789140636951 2.817570773420958
5.339254792085491 4.3608490637620605 2.3713316537539084
1.5379666948219435 4.3608490637620605 2.557728738098717
5.339254792085491 5.566852478349805 3.5631425585665655
5.339254792085491 5.566852478349805 3.647991277786884
5.339254792085491 3.847468336900612 3.239123951432888
5.339254792085491 3.847468336900612 3.7078032797879863
5.339254792085491 6.530410375026083 5.020169149886826
3.1886598886461397 6.530410375026083 4.6248728670835915
3.1886598886461397 6.548891149348638 5.026815894931128
3.1886598886461397 6.613914977978389 5.0708687743311724
3.1609887621014683 6.613914977978389 4.145022783493074
3.1609887621014683 6.578109140231799 5.438699242162979
3.1609887621014683 7.092877197986573 5.942335796954249
3.1609887621014683 7.646111753287876 6.144159527742222
3.1609887621014683 8.358839402563516 7.202149637194754
2.6687908051545297 8.358839402563516 5.850070920381705
5.41400337977004 7.795591771896731 2.8824980174297283
5.41400337977004 5.547466602094911 3.8267880889809973
3.0081895753898604 5.547466602094911 2.7353911534836466
3.0081895753898604 6.077169656363438 4.108567624390512
3.0081895753898604 6.402463588676188 4.163509114270956
3.0081895753898604 7.9575708684355 3.690599237191039
3.0081895753898604 3.734935432134528 1.7477099172983819
3.4919542684975515 7.5242308452411635 5.086362004608613
3.4919542684975515 7.5242308452411635 3.323569417517476
2.6114996287807455 6.089953507455572 3.7698171229881905
2.6114996287807455 4.95415348246863 4.074773539633596
2.6114996287807455 4.95415348246863 4.115524964129451
2.6114996287807455 5.922557650654749 4.474750058615347
2.6114996287807455 7.6064760470679715 5.084489142454498
2.6114996287807455 8.260516938812822 5.784127264606902
2.6114996287807455 6.126370481338128 4.396415926172697
2.6114996287807455 6.126370481338128 4.300631050410329
2.6114996287807455 5.634067152013742 4.297773488891418
2.6114996287807455 7.316099173557673 5.560948439729651
2.6114996287807455 7.316099173557673 4.815221562545928
2.6114996287807455 7.316099173557673 4.76975900278911
2.6114996287807455 6.863702892791755 5.263178337184647
