5.913506193402931 7.660052139374953 5.735376300989441
5.913506193402931 8.62679600864844 6.934884448285145
5.913506193402931 8.642846203439834 6.06422471228133
5.913506193402931 8.642846203439834 5.166570125611803
5.913506193402931 8.085258157565864 5.257338990908319
5.913506193402931 6.282450812823171 4.79998040142336
5.913506193402931 9.385387517418105 5.840592641393352
5.913506193402931 6.496447295273075 4.141104495049846
5.913506193402931 4.480532573675383 3.8843186233479674
5.913506193402931 6.110859289463619 4.416805386667959
3.9623604174587403 6.110859289463619 4.510440406681487
3.9623604174587403 4.883232921734841 4.033196763941517
3.9623604174587403 4.883232921734841 4.033196763941517
3.180676334000332 4.883232921734841 3.822743356856561
3.180676334000332 3.6995782002330952 4.422944981227134
3.180676334000332 3.2535089972251794 3.820933101166995
3.180676334000332 4.333211606745735 3.779008821005999
3.180676334000332 4.536678138722621 3.9653256579615785
3.180676334000332 3.9985179608239965 3.8977926741945166
3.1690811909803043 5.574148388363074 4.328514607894506
3.1690811909803043 5.574148388363074 4.034983784067345
3.1690811909803043 6.5174844590487915 4.749884266212959
3.1690811909803043 10.267670632788342 8.145700381373159
3.1690811909803043 10.267670632788342 4.825174646684966
3.1690811909803043 6.2568827398527525 5.68739327968558
6.0415772300894375 6.156479118975007 4.444914948495398
6.128453564007383 6.156479118975007 4.599926504560546
3.1690811909803043 8.561691918222683 6.956080666951437
3.1690811909803043 7.560534686596885 4.883623990956976
6.0618753376367 7.560534686596885 3.4698920332400416
6.0618753376367 7.560534686596885 3.5147848003273485
4.563096430363661 7.560534686596885 5.864180641275447
4.563096430363661 8.007301230466068 6.7498789928761145
4.563096430363661 12.082236401364 6.946667636061032
4.122067252453647 12.082236401364 6.1589914849158225
4.111465540050592 6.112228008511014 4.555414941298201
2.85470343475922 6.0618753376367 4.2841735745708345
6.166488256026945 4.563096430363661 3.641042602324333
2.3691107656250954 4.563096430363661 3.508534215390409
2.3691107656250954 4.563096430363661 3.4077720507414706
5.689598576469468 5.241661965784818 3.2155035534521974
6.166488256026945 5.689598576469468 4.785401374063372
6.166488256026945 5.689598576469468 4.490721864894595
6.166488256026945 5.968193852547373 4.744036367640835
6.166488256026945 6.485796739079898 4.670463899796522
6.166488256026945 6.485796739079898 4.467816749963055
6.166488256026945 6.485796739079898 5.382107967939627
6.166488256026945 6.350910665951865 4.483423606089092
6.166488256026945 5.962032309889771 4.0543192318097026
6.166488256026945 5.652387366387874 3.5540234585096977
6.166488256026945 4.887892092148494 3.9513776809460377
6.166488256026945 6.486026693720557 4.335347043461301
6.166488256026945 6.486026693720557 3.7825025305512177
6.166488256026945 6.486026693720557 3.7257372186826356
6.166488256026945 6.486026693720557 4.382286636309948
6.166488256026945 5.893171336024629 5.178014956578613
6.166488256026945 6.649932559358707 5.628306504946538
6.166488256026945 10.568242925950754 6.928104706336167
6.166488256026945 14.599322968606119 8.795589374646072
6.166488256026945 14.599322968606119 9.949148037046275
6.166488256026945 14.599322968606119 6.06477770064288
6.166488256026945 16.93929652415059 9.627496969589965
6.166488256026945 16.93929652415059 7.051561981449728
6.166488256026945 6.254155829322034 3.078788542570689
6.166488256026945 3.3511574390945893 2.982288833229182
6.166488256026945 5.075723850357885 3.98408929833815
6.166488256026945 7.027945540266476 5.729939577804752
6.166488256026945 7.027945540266476 5.5020711379762695
6.166488256026945 7.027945540266476 5.435878306027665
6.166488256026945 6.842959342515751 5.349479515669486
7.068521264211615 6.60371662741462 5.9525032708502055
7.068521264211615 8.591101212491273 7.124120731810239
5.408061430334229 9.21122281656654 7.531084581976775
5.408061430334229 9.21122281656654 8.183266310741214
5.408061430334229 6.645195271364894 8.056906496266501
2.909342350712912 9.167472033112013 6.804483524380885
2.909342350712912 10.30072324856516 7.101611326316557
2.909342350712912 8.16072249296029 5.610853951651109
3.5957438036910294 8.16072249296029 4.0371112428283205
0.6661772303020226 6.110926414735623 2.842676954835571
0.4476319331316678 3.5957438036910294 1.1822060170560713
0.4476319331316678 5.594883195001373 2.1085206161105714
2.8181845301460453 5.394187400454026 2.732531560333421
2.8181845301460453 7.249081343013772 6.41950171653227
2.8181845301460453 7.649131042471938 5.88075149111749
2.8181845301460453 5.578499070733553 3.276975707304121
2.8181845301460453 4.54068642804236 2.0177909943002446
2.8181845301460453 2.909835417650712 0.6569512253048081
2.8181845301460453 3.0722525582343754 1.0697684618707668
2.8181845301460453 5.276630000556487 2.3957885453324903
2.8181845301460453 6.3934928846021535 3.6097034530328567
0.4468444832613092 4.67674364721254 2.24346815517422
0.4468444832613092 5.332014643861484 3.504584401038633
0.4468444832613092 3.8410925126109636 3.272882257727415
5.355490456975211 3.8410925126109636 0.9690364877766403
0.4468444832613092 5.355490456975211 1.0132267109975284
0.4468444832613092 3.2975290225445772 0.9950530485080912
0.4468444832613092 5.740066397894772 3.2198796205041664
0.4468444832613092 5.083802977364982 1.7336952268203767
0.4468444832613092 2.7370425832594667 0.9563998297218658
