0.6688874968481078 7.769834878917191 5.327445036795894
0.6688874968481078 6.592029550567684 3.728747404487925
0.6688874968481078 6.592029550567684 4.729698999590696
0.6688874968481078 5.848341301727405 3.996656819633962
0.6688874968481078 5.666940364293119 5.0053735272132975
0.6688874968481078 5.666940364293119 3.173041367207312
0.6688874968481078 5.675308365400674 2.4639859703224465
0.6688874968481078 0.6688874968481078 0.6688874968481074
0.6688874968481078 5.80388904630675 4.177791100205943
0.6688874968481078 5.400439112786387 3.99835393571979
0.6688874968481078 5.400439112786387 4.148424863997155
0.6688874968481078 6.412927179119748 4.081958766765694
0.6688874968481078 8.831406358936984 6.087724615735325
0.6688874968481078 8.831406358936984 4.556893432908612
0.6688874968481078 5.466923847360395 2.664147463175337
0.6688874968481078 5.466923847360395 1.650808044031463
0.6688874968481078 0.9820276447473764 0.8066691619237857
0.6627636763383831 1.308990529424698 0.8968120565414462
0.6627636763383831 2.4355521522316548 1.9713589562829756
0.6627636763383831 3.8796111793183496 2.8467954795158734
0.6627636763383831 3.8796111793183496 2.9293562791765204
0.6627636763383831 2.996583809934791 2.7723503543213446
0.6627636763383831 2.98237914016508 2.4598412051658696
0.6627636763383831 3.2640714290943476 2.8546772756936103
0.6627636763383831 3.2640714290943476 2.997721346396869
0.6627636763383831 6.6068412050907845 3.339290932465926
0.6627636763383831 6.6068412050907845 3.9954732461236433
0.6627636763383831 4.672255090134332 4.181063124328906
0.6627636763383831 5.246616443632973 3.994378704298897
0.6627636763383831 5.246616443632973 4.19975697623935
0.6627636763383831 5.654655549270689 4.123826366047498
0.6627636763383831 7.7160468664608075 4.874060099433045
0.6627636763383831 7.7160468664608075 2.868240805667465
0.6627636763383831 3.4076099318316833 1.9525582602491787
0.6627636763383831 5.567739455516456 2.948117539629058
0.6627636763383831 5.536623040624274 3.8673327476174824
0.6627636763383831 5.536623040624274 1.3593439204546456
0.6627636763383831 3.396710903154205 1.8298676291363853
0.6627636763383831 5.753614360060283 2.08593653526662
0.6423939483609868 2.699740866616008 1.560335733557275
0.6423939483609868 3.1979766079648226 2.8120499816843902
0.6423939483609868 3.268006652977569 2.8459999212252414
0.6423939483609868 3.2398256126816745 2.959109260157658
0.6423939483609868 5.673495071754111 4.808752446646938
0.6423939483609868 5.673495071754111 5.244386853169503
0.6423939483609868 5.673495071754111 4.93974486111127
0.6423939483609868 5.673495071754111 1.3250784263300819
5.534283591833322 3.409772805375827 1.6386503368863305
0.6423939483609868 5.534283591833322 2.155119357363369
0.6423939483609868 3.4134997894413286 1.300340565551343
