0.7584703913914344 7.644823052152599 4.934867816628902
0.7584703913914344 10.2945950999258 7.795079409224787
0.7584703913914344 10.2945950999258 3.7249260086410887
0.6380840953577978 4.9267049234121245 2.8468441839363563
0.6380840953577978 4.135932226227432 1.7379059678882112
0.6380840953577978 4.859007461587247 2.410871909174165
0.6380840953577978 5.34692233522609 2.7099729208998484
0.6380840953577978 5.34692233522609 0.7322608601551633
0.6380840953577978 5.671551468546845 4.546982499263944
0.6380840953577978 5.671551468546845 2.693815419025372
3.09973847544681 5.671551468546845 1.5523325827300791
3.09973847544681 1.1940375778426078 0.9539944248297553
3.09973847544681 3.2702570214586406 1.7882947824268849
3.09973847544681 5.090923689759119 3.000444117812852
3.09973847544681 5.787257150217634 2.837368046439264
3.09973847544681 0.6639854575277941 0.6634674302843939
3.09973847544681 0.6639854575277941 0.6634674302843939
3.09973847544681 5.601364395815121 2.83591416313082
3.09973847544681 5.542000282118316 4.74776601373839
3.09973847544681 5.806876804192637 3.4065836587912286
3.09973847544681 5.806876804192637 1.42299827331664
3.09973847544681 0.6940672896096953 0.6810461613137019
3.09973847544681 2.9421578641207877 1.7167553949828516
3.09973847544681 2.9421578641207877 0.9982376928993769
3.09973847544681 3.1522126419583647 1.782729158203889
3.09973847544681 3.1522126419583647 1.2336833828587594
3.09973847544681 1.3718558619689394 0.7769834508051067
0.6931180366960317 4.53391199665359 2.927783121615585
0.6931180366960317 4.53391199665359 2.1728774639245896
0.6931180366960317 6.363763713352554 4.8839997227680785
0.6931180366960317 6.363763713352554 6.07704997586597
0.6931180366960317 6.363763713352554 5.963637062332839
0.6931180366960317 6.363763713352554 5.329626279184765
0.2419329934994825 5.5264681183835584 2.0750919320757863
0.2419329934994825 7.387548769922457 3.8147408817109727
0.2419329934994825 0.2419329934994825 0.2419329934994822
0.2419329934994825 2.6839593845531486 1.1210624942788021
0.2419329934994825 6.373298602240741 4.043994406326703
0.2419329934994825 6.265666401495878 4.441153627336039
3.5886413523008014 6.265666401495878 2.876818045021715
0.2419329934994825 5.635155158437982 1.0600693846812597
4.262318183001053 5.237716142131045 1.8405836010615837
3.254957118572659 5.131228952929735 2.6974758154103466
0.2419329934994825 3.3970280126103884 2.2214139553999006
5.672510952400852 0.2419329934994825 0.2419329934994822
0.2419329934994825 5.672510952400852 0.5677676710335644
0.2419329934994825 7.673570086271258 5.242677579728888
5.250818218649979 8.125340491105137 3.8398991776224936
0.2419329934994825 8.125340491105137 3.02992738076272
0.2419329934994825 5.626547815029728 2.7296034212092066
