2.7916027603295928 7.757690424047999 5.614097695910716
2.7916027603295928 7.656878692727327 4.001253132916947
2.7916027603295928 7.650578648255639 3.7416764981517394
2.7916027603295928 4.158110690913002 3.855009194107772
2.7916027603295928 4.158110690913002 3.8031428749950855
2.7916027603295928 4.158110690913002 3.943725022673358
2.7916027603295928 5.483795821417658 4.608686412912854
2.7916027603295928 7.94827159761239 6.270858818411815
2.7916027603295928 8.017962965354961 7.576237526340041
2.7916027603295928 7.716516864072069 7.610833451424168
2.7916027603295928 8.036523665860008 7.777960965252731
2.7916027603295928 8.879667153716165 7.3293947983902425
2.7916027603295928 11.407814447645526 9.20510774524155
2.7916027603295928 11.407814447645526 10.520424997285106
2.7916027603295928 11.407814447645526 11.06316598015289
2.7916027603295928 11.892861141344298 9.36052019438185
2.7916027603295928 11.892861141344298 5.904973204194691
2.7916027603295928 5.856607845996045 4.8566758946247335
2.7916027603295928 5.856607845996045 4.309754176062769
2.7916027603295928 5.7290082862036265 5.142653327602597
2.7916027603295928 6.073338453782561 4.883437611649015
2.7916027603295928 7.8207918818388364 7.161494758221943
2.7916027603295928 10.589607163715794 9.081111234255832
2.7916027603295928 10.589607163715794 8.155007829976368
2.7916027603295928 10.820261130755517 8.085554686617062
2.7916027603295928 10.820261130755517 5.563187166797677
2.7916027603295928 6.576008745972398 6.223581923825569
2.7916027603295928 7.368032122736448 5.7840491667920135
2.7916027603295928 9.134790330608276 7.27449728305588
2.7916027603295928 9.134790330608276 6.641770786499762
2.7916027603295928 11.102292023975297 7.368526800511484
2.7916027603295928 11.102292023975297 4.800607491208721
2.7916027603295928 4.452140599548152 4.3811815149384294
2.7916027603295928 7.58971205151291 6.47019427298382
2.7916027603295928 8.999404486031246 6.770808683638779
2.7916027603295928 8.999404486031246 5.451576844304756
2.7916027603295928 8.999404486031246 4.368693419473737
2.7916027603295928 9.673899304569805 8.490260527263354
2.7916027603295928 9.673899304569805 6.928939510051593
2.7916027603295928 9.673899304569805 4.603057557755983
2.7916027603295928 5.69448236206313 4.895780623578731
2.7916027603295928 6.491627257311517 5.233480595027841
2.7916027603295928 6.491627257311517 4.2606932529879336
2.7916027603295928 4.303363322399729 4.215921565644423
2.7916027603295928 4.920343802068793 4.061174691124
2.7916027603295928 7.645764337162808 5.345995573686471
2.7916027603295928 7.645764337162808 4.5332684013333315
2.7916027603295928 7.645764337162808 5.38327413888749
2.600845674300935 7.624826007283023 3.586730848812445
2.600845674300935 4.609347943325421 3.782783380180818
