2.2925544858206774 7.723244889690145 5.4802935280975955
2.2925544858206774 7.642148317197201 4.08129263198841
2.2925544858206774 4.925346718930189 3.857005751062187
2.2925544858206774 4.925346718930189 4.667507786153457
2.2925544858206774 4.925346718930189 3.7660778452746326
2.2925544858206774 4.925346718930189 4.207783240296397
2.2925544858206774 4.925346718930189 3.1411003529449473
2.2925544858206774 4.338106142679063 3.7054571729321157
2.2925544858206774 4.338106142679063 3.420243890476778
2.2925544858206774 3.9734363908172736 3.646584420440155
1.324537107121007 6.333286354818828 3.7122727993349347
1.324537107121007 5.67955153599717 3.801869619374341
4.975723041374177 5.67955153599717 3.536708239749327
1.324537107121007 5.0510669936222 4.395916133710004
4.975723041374177 5.0510669936222 2.5907720296330274
4.975723041374177 5.800126036511326 3.8538257798655695
4.975723041374177 5.800126036511326 2.957690513253814
4.975723041374177 5.800126036511326 2.798278176125872
4.975723041374177 3.6062600305120402 2.6930237905799452
4.975723041374177 6.65378189691096 4.516597283846637
4.975723041374177 6.657305226503588 5.235876441681233
4.975723041374177 6.657305226503588 4.292973193675655
4.975723041374177 5.624733476091333 4.913650756224591
4.975723041374177 5.430384230407505 5.19484724085496
4.975723041374177 5.430384230407505 5.263354449119978
4.975723041374177 5.430384230407505 5.242292630228561
4.975723041374177 5.430384230407505 5.20306599025486
4.975723041374177 5.629630909411638 5.194122190189803
4.975723041374177 5.636072029071503 4.994960124704999
4.975723041374177 5.636072029071503 3.368809197339151
1.517270203610512 5.363971223749154 3.578005458138863
5.950906580852564 5.7170074211918624 3.586222873171987
5.950906580852564 5.7170074211918624 3.1633423971935923
2.832354256791167 5.950906580852564 3.4233127348427392
2.832354256791167 6.730940194297485 5.71055103635406
2.832354256791167 6.730940194297485 5.132529669698094
2.832354256791167 7.914361816904998 5.279308709062754
2.832354256791167 7.914361816904998 3.571601427031061
2.832354256791167 5.038363443263702 3.9429609132200794
2.832354256791167 4.567495284462524 4.093387855225139
2.832354256791167 4.567495284462524 3.6700856269260282
2.832354256791167 5.660415737202783 4.286093190183653
2.832354256791167 5.660415737202783 3.84203509777105
2.832354256791167 3.872510152372851 3.8270801039860856
2.832354256791167 3.872510152372851 3.825981444520128
2.832354256791167 5.7351250173826855 4.624481984003051
2.832354256791167 6.281975070849182 5.06364064769983
2.832354256791167 6.471842040199096 5.400892500827479
2.186652231928051 6.471842040199096 3.9813892807228597
2.186652231928051 6.379646423318192 4.950392924354214
