2.3585500582866854 7.769385488249068 5.470446374667941
2.3585500582866854 7.793214610409514 6.5275756645556955
2.3585500582866854 7.793214610409514 5.941752437855019
2.3585500582866854 7.793214610409514 5.560795629236887
2.3585500582866854 6.6027189432528 4.375706406468417
2.3585500582866854 4.1473578413265315 3.9760459134163777
2.3585500582866854 5.030142498599307 4.436373865715032
2.3585500582866854 5.030142498599307 4.145941413943697
2.3585500582866854 5.875257892615981 4.809071185578377
2.3585500582866854 5.8792978066379185 4.775268667456644
1.865763397007179 5.90651484182483 3.806370239630839
1.865763397007179 5.90651484182483 2.3506535703852993
1.865763397007179 5.90651484182483 1.9465784259035344
1.865763397007179 3.6086516814189165 2.5977764764601114
1.865763397007179 5.939779262085953 4.741327056947669
1.865763397007179 5.939779262085953 4.216689002864331
1.865763397007179 6.266482307718885 4.774612897326259
1.367730505100806 6.266482307718885 2.185614745950195
1.367730505100806 6.266482307718885 2.0874145362731156
1.367730505100806 3.20528478561511 2.363258055718825
1.367730505100806 4.946750042133061 3.1246494893108174
1.367730505100806 7.047562187188243 5.39154044213707
1.367730505100806 7.047562187188243 6.16899159308718
1.367730505100806 7.047562187188243 5.238084431095603
1.367730505100806 7.047562187188243 4.812862938244083
1.367730505100806 6.77534887148296 6.2882912704688
1.367730505100806 6.77534887148296 6.347523366408411
1.367730505100806 6.538125189367641 6.280595726896559
1.367730505100806 6.538125189367641 6.040366130107271
1.367730505100806 6.538125189367641 2.180546097991353
1.367730505100806 6.538125189367641 2.0658547880674094
1.367730505100806 2.1302245952609735 2.0089865130551803
1.367730505100806 2.1302245952609735 1.9573606995843735
1.114592118012912 2.1302245952609735 1.692706273995265
1.114592118012912 1.9928878492692168 1.5594073765739334
1.114592118012912 4.467422420525036 2.5764183743988127
1.114592118012912 3.992764167362513 3.4317317904818503
1.114592118012912 4.286358578997994 2.980607853844117
1.114592118012912 4.286358578997994 1.6308884499963068
1.114592118012912 2.838657319652523 1.7263319555906094
1.114592118012912 5.512106091298442 4.163625937968785
1.114592118012912 5.512106091298442 2.51996747117428
1.114592118012912 3.146745702727696 2.531691098258401
1.114592118012912 3.734298744627733 3.055975625601068
1.114592118012912 3.734298744627733 2.9138022045092953
1.114592118012912 6.6432545681884925 4.978602098108143
1.114592118012912 8.457119613755799 5.841956326141958
1.114592118012912 8.457119613755799 1.7367607866398251
1.114592118012912 1.114592118012912 1.114592118012913
1.114592118012912 1.114592118012912 1.114592118012913
