2.268213270967373 7.727616279622859 5.318087458638296
2.268213270967373 7.14526926808235 4.7976674578379015
2.268213270967373 7.14526926808235 3.209104832497325
2.268213270967373 3.796115403345944 2.619043750027917
2.2073065968975745 5.2716052045574635 3.9718533297395293
2.2073065968975745 5.680524329788209 4.153636361076101
2.2073065968975745 5.680524329788209 3.4543235983782576
2.2073065968975745 4.415576123708693 3.7220752709400617
2.2073065968975745 4.949929469419892 3.635892710765441
2.2073065968975745 4.121500629782286 2.6818799054696867
2.1652117698554574 3.709047208282066 2.304827641526203
2.1652117698554574 3.016764244846105 2.474990559989075
2.1652117698554574 5.622104815396266 4.190224465213101
2.1652117698554574 5.622104815396266 3.69961861750811
3.7196458923856324 4.399921246501997 2.6914097629308857
1.795456953788261 5.169897315215408 2.637316870733268
1.795456953788261 3.7196458923856324 1.8724245113321556
1.795456953788261 1.795456953788261 1.7954569537882608
1.795456953788261 1.795456953788261 1.7954569537882608
1.795456953788261 5.883713023762773 4.0855247703257405
1.795456953788261 5.883713023762773 4.233872283242835
1.795456953788261 8.225454864686204 5.227083202126547
1.795456953788261 8.225454864686204 2.8892054202431035
1.795456953788261 3.3022824788520215 2.7667655809737215
1.795456953788261 3.6977706723220973 3.5316346323349945
1.7930930687223143 3.6977706723220973 3.31880134021725
1.7930930687223143 3.737280447608303 3.3392965689818728
1.7930930687223143 5.467455607841078 4.710612439671169
1.7930930687223143 5.812356283964942 5.410487619232928
1.7930930687223143 6.5271364633915425 5.676519620743836
1.7930930687223143 9.661232349952657 7.1956394485132105
1.7930930687223143 5.812356283964942 1.8734783330271665
1.7930930687223143 1.7930930687223143 1.793093068722314
1.7930930687223143 1.7930930687223143 1.793093068722314
1.7930930687223143 5.667064133407177 3.4201609158899577
1.7930930687223143 6.427217562735844 5.521452045963033
1.7930930687223143 6.427217562735844 2.715217041102132
1.7930930687223143 5.667064133407177 3.4324066807627855
1.7930930687223143 5.132374838861139 4.026741486131339
1.7930930687223143 5.132374838861139 4.043615612322905
1.7930930687223143 4.660791354479084 3.3201861034751743
1.7930930687223143 4.727169231970482 3.9196739339984994
1.7930930687223143 5.15097712732997 4.33911090425234
1.7930930687223143 4.481747822990769 3.636531980140578
1.7930930687223143 5.731779771313036 4.981146195531868
1.7930930687223143 5.731779771313036 3.283234643298312
1.7930930687223143 5.096163705123825 2.2841085632110665
1.7930930687223143 2.2033547541135623 2.195149520405737
1.7930930687223143 2.2033547541135623 2.195149520405737
1.7930930687223143 5.911213225636359 3.826607247875772
