2.2915199062871356 7.727672119005705 5.669072581767977
2.2915199062871356 7.727672119005705 5.665043405253726
2.2915199062871356 7.524897967149128 6.833872448633147
2.2915199062871356 7.582961408493087 6.6640582987918915
2.2915199062871356 7.7614952445777305 6.105926789147908
2.2915199062871356 7.7614952445777305 5.541097565393332
2.2915199062871356 7.55317095589063 4.23998120605498
2.2915199062871356 4.566812779313409 4.21705402181743
2.2915199062871356 4.5827833286122654 3.9424725966697127
2.2915199062871356 3.277849302575618 3.246500029433699
2.2915199062871356 3.277849302575618 3.015704000682335
2.2915199062871356 3.277849302575618 3.197000895922128
2.2025986898370005 3.2525825955839918 2.7577791935631564
2.2025986898370005 5.90914945084096 4.091120288560696
2.2025986898370005 2.67101730584594 2.6616489335257603
2.2025986898370005 4.5565144793972685 3.378137859475265
2.2025986898370005 4.26818647846488 3.3050254873639
2.2025986898370005 6.1739145485511315 3.896690351877285
2.2025986898370005 7.929001532948799 5.425242558725912
2.2025986898370005 7.929001532948799 4.839886901063268
2.2025986898370005 7.391510250951475 5.212940560403576
2.2025986898370005 5.444932806743392 4.128702245432766
2.2025986898370005 5.067148409429588 2.833916133661881
2.2025986898370005 5.067148409429588 4.5201922985954095
2.2025986898370005 5.067148409429588 4.078168009395554
2.2025986898370005 5.067148409429588 4.2048467249040495
2.2025986898370005 5.440456815473954 4.502400642430516
2.2025986898370005 6.321013529006038 5.304868806849588
2.2025986898370005 6.321013529006038 4.7006168446564685
2.2025986898370005 4.8779124407881405 4.628843677010278
2.2025986898370005 6.336878555658917 5.49588789034079
2.2025986898370005 6.336878555658917 4.4742233801627735
2.2025986898370005 6.34293630385358 5.109687290535103
2.2025986898370005 6.34293630385358 4.354488332282067
2.2025986898370005 4.418803923729385 4.275271165109103
2.2025986898370005 4.414717873315645 3.943371376449136
2.2025986898370005 5.8051040545931905 4.687196323209722
2.2025986898370005 6.666026949368582 5.259385216882664
2.2025986898370005 6.666026949368582 6.467126614738631
2.2025986898370005 6.607115064714197 5.306492280078718
2.2025986898370005 6.607115064714197 5.055158531378853
2.2025986898370005 6.165812447479663 4.969104289385722
2.2025986898370005 6.204086727965116 5.6250406088898295
2.2025986898370005 7.5206395537737265 6.341016833525215
2.2025986898370005 7.5206395537737265 5.542139969833661
2.2025986898370005 5.561545851012539 4.9048140814808185
2.2025986898370005 5.561545851012539 3.9735140944117124
2.2025986898370005 5.785188105321172 4.1575151471564125
2.2025986898370005 7.259716097539528 4.635059033170633
1.1253373065938352 7.259716097539528 3.4276737057264715
