2.580750236631147 7.673188172869514 5.580417055685976
2.580750236631147 7.0275436634233355 4.847376947577774
2.580750236631147 7.0275436634233355 5.037507122093346
1.9909763110811771 6.451358730729755 3.126422653383232
6.108108442156869 6.290468782589208 4.734833173290416
6.108108442156869 6.290468782589208 3.8112350358377847
6.108108442156869 5.750833207804817 4.394930287230747
6.108108442156869 6.542270661373205 5.11285700234534
6.108108442156869 6.542270661373205 3.215952147802019
2.80694954517411 6.108108442156869 3.5689255159637345
2.80694954517411 3.7293290115261155 2.9931576829114617
2.7339077513497796 2.80694954517411 2.7777328276443773
2.7339077513497796 2.80694954517411 2.804027873421137
2.7339077513497796 5.736746951783076 5.2431080717292105
1.7250056432528749 5.736746951783076 3.5037900198309715
1.7250056432528749 5.736746951783076 1.8052404694234783
1.7250056432528749 4.305918827326305 2.8089891805637155
1.7250056432528749 4.305918827326305 1.776623906934343
1.7250056432528749 1.7250056432528749 1.7250056432528749
1.7250056432528749 1.7250056432528749 1.7250056432528749
1.7250056432528749 3.445869359346521 2.3789338553684596
1.7250056432528749 2.326463489815073 2.1983820237817797
1.6105117458708134 2.326463489815073 1.9062139778020386
1.6105117458708134 2.2506344169975923 1.6256040772409905
4.719387890298648 5.542786783625122 3.183421760972536
1.6105117458708134 5.542786783625122 3.0595282148609373
2.659855365431991 3.8626596965319995 1.7722549236650613
1.2513541127942323 3.8626596965319995 2.4599678481073055
1.2513541127942323 3.4844879071694774 2.3711346724570395
1.2513541127942323 4.901697558443235 3.836494282537066
1.2513541127942323 6.542597531478709 4.384754622114859
1.2513541127942323 6.542597531478709 4.883134437395891
1.2513541127942323 6.040071750973695 5.454794809443932
1.2513541127942323 6.040071750973695 5.244981206303681
1.2513541127942323 6.353503944395541 4.305807083445506
1.2513541127942323 6.353503944395541 3.9019551082947794
1.2513541127942323 5.740256126343667 4.891219009354263
1.2513541127942323 4.546906809954102 4.342795388497666
1.2513541127942323 4.546906809954102 3.9886760763511386
1.2513541127942323 4.546906809954102 3.631962580219984
1.2513541127942323 6.041856381406593 5.281492627677855
1.1484384922076285 6.041856381406593 2.986229179289716
2.829331664355792 5.208183350937254 2.8657158156670253
1.1484384922076285 5.208183350937254 1.6806247844294107
1.099081235699391 3.0629082254536013 2.00369299054536
0.5398578762952018 3.292914285227589 1.7792525611826162
0.5398578762952018 3.292914285227589 1.5725966087956216
0.5398578762952018 3.016876299995357 2.000330389017616
0.5398578762952018 5.744059638159975 2.8425047362313047
0.5398578762952018 5.744059638159975 2.0659247578041655
