0.8647383166950608 7.723303017410224 5.512411541695827
0.8647383166950608 6.421727821388604 4.861172244580421
0.8647383166950608 6.701170430512001 5.330858012875364
0.8647383166950608 8.38758535223581 5.833444350017633
0.8647383166950608 6.701170430512001 3.208176634778604
0.8647383166950608 6.680805058446111 5.394878799213839
0.8647383166950608 8.429623587842054 7.041881723799435
0.8647383166950608 8.429623587842054 6.352803448938411
0.8647383166950608 6.680805058446111 3.8701659913749817
0.8647383166950608 6.659587000896277 2.6591444756666522
0.8647383166950608 3.6640512329496855 3.025510728477242
0.8647383166950608 3.6640512329496855 3.552078716299499
0.8647383166950608 3.6640512329496855 2.175365856247624
0.8647383166950608 4.049690176223056 3.000415525192906
0.5207251551523275 4.049690176223056 1.0947512195659317
0.5207251551523275 1.5047095653228628 0.5935247462242687
0.5207251551523275 3.0171510249997913 1.5692240204882628
0.5207251551523275 3.0171510249997913 0.5706536725492765
0.5207251551523275 5.270766930977711 3.70741448825976
1.2053774870493332 5.270766930977711 1.3555204396096923
0.5207251551523275 3.031162999946759 1.5249002930701006
0.5207251551523275 3.031162999946759 0.6759148554958649
0.5014193728951253 5.629410535716563 2.138789379086454
0.5014193728951253 3.2728222463960717 1.623333299661322
3.0042914671609435 5.897498461743268 4.638272083537262
0.5014193728951253 5.0874392396709105 0.7613804397386336
3.0042914671609435 4.3100180928319 3.2115686636839307
3.0042914671609435 4.3100180928319 2.6983271607792387
3.0042914671609435 3.909984331454045 2.093109947695747
3.0042914671609435 3.909984331454045 2.593778823576891
3.0042914671609435 7.543247303660841 4.627299350398278
3.0042914671609435 6.680125096898482 5.446965386770983
3.0042914671609435 8.876560447012713 6.4897177056278705
3.0042914671609435 5.855823668306002 4.700583176294554
3.0042914671609435 5.855823668306002 5.596457985152471
3.0042914671609435 5.855823668306002 5.627701092214404
2.8953987491687703 6.536283063929908 4.695156093803917
2.8628049989515216 6.536283063929908 4.197414754282479
2.8628049989515216 6.536283063929908 4.692669202474374
2.8628049989515216 5.597755626766798 3.5889222392653664
2.8628049989515216 3.585696655036465 3.4422785965237654
2.8628049989515216 6.131263432790561 3.8155930844697052
2.8628049989515216 4.623603330782782 3.4974038272831844
2.8628049989515216 4.916343764911595 3.9979432816213567
0.1897275446562543 4.916343764911595 2.5217035915106694
0.1897275446562543 0.1897275446562543 0.18972754465625408
0.1897275446562543 4.269587525202901 1.984865936096777
0.1897275446562543 4.269587525202901 0.271324744267187
5.4759201990203366 2.1331231890028772 1.0448216281687694
0.1897275446562543 5.4759201990203366 2.669704970430307
