6.273634972505999 7.757174208334847 5.639235167958935
6.273634972505999 7.755612832448838 6.437433860133283
6.273634972505999 7.755612832448838 5.881642965724144
6.273634972505999 7.755612832448838 6.235059135991669
5.927455514703073 7.755612832448838 6.063933136395713
1.867783548024701 9.892972957469782 7.006391815834546
5.959988249113795 9.892972957469782 5.45967597983102
5.927455514703073 7.755612832448838 5.534955731531807
3.307948145501481 7.526106562210725 4.7443289805746165
3.307948145501481 6.02921071882319 5.0320598414673245
4.9633003697209865 6.02921071882319 4.695710822231887
4.9633003697209865 7.723150592738833 5.603638448350729
4.9633003697209865 7.723150592738833 5.659412348713249
4.9633003697209865 7.3866787705772765 6.2521012049106455
4.9633003697209865 7.3866787705772765 5.591082370406008
4.9633003697209865 7.3866787705772765 5.8424111431953945
4.9633003697209865 7.3866787705772765 5.62733250017577
4.9633003697209865 6.317649118650394 5.72993169325851
4.9633003697209865 7.274831179570258 4.785790319206449
3.7428905130023016 6.317649118650394 5.0443423982326685
3.7428905130023016 7.042761122731552 5.696263188885707
3.7428905130023016 8.377991201755194 6.645329517698716
7.77597047360528 10.01284828000312 5.985471399474576
4.43990611961874 10.01284828000312 5.866212328940163
3.4474688863535374 7.77597047360528 4.978735126442398
3.4474688863535374 7.625804142742382 5.1555027731396175
3.4474688863535374 6.615855917025538 5.249218672634778
3.4474688863535374 6.615855917025538 4.426473799609208
4.553634248629308 5.493294922697075 4.541953352295456
3.4474688863535374 6.515701761091357 5.15055611883586
3.4474688863535374 7.735066502437771 5.521949520308329
3.4474688863535374 7.735066502437771 6.239405310023556
3.353854392821145 7.653956098576687 4.159757989486418
3.1626863095904914 9.906898181441752 6.550125427368837
3.263212594138395 6.622138778760334 5.753397769629014
3.263212594138395 7.649947752649796 5.739549520153722
3.263212594138395 8.83220942445455 6.038106930679581
3.263212594138395 8.83220942445455 6.120761645173393
3.263212594138395 8.83220942445455 4.658710009957438
3.263212594138395 8.83220942445455 4.808585424615258
3.263212594138395 6.663971048724395 5.187702030893636
3.263212594138395 6.365635194020896 5.498942902120181
4.460715330379635 6.365635194020896 4.897702990851643
3.263212594138395 6.365635194020896 5.187876527191537
3.263212594138395 6.361084764244552 6.181937522550256
3.263212594138395 7.652434377762814 5.379893075832761
3.263212594138395 4.31609557720412 6.054649902449081
3.263212594138395 6.576228148187763 4.931145751991219
2.020690425208795 5.807174103754129 4.0570509877586085
2.020690425208795 7.472663832575101 4.87828590206629
