2.3011935329017885 7.783112018155501 5.4609282866453945
2.4037372693022516 8.196810870106237 4.842113658087951
3.843687407789791 8.196810870106237 5.125775707895674
2.9981676251561464 6.389311902431444 4.942928036290479
2.9981676251561464 6.389311902431444 5.4662905084588855
2.9981676251561464 6.389311902431444 4.424152236787769
2.9981676251561464 6.034985048860513 5.350815455566061
6.146724594992886 6.281400779170802 4.3523219464972165
3.873804188542462 6.281400779170802 5.426046217194929
3.873804188542462 6.648190839085043 5.7357605822114905
3.873804188542462 7.202003379928005 6.252710866637131
3.873804188542462 7.26761790054872 5.682808141416137
3.873804188542462 7.7758379985932855 5.853174293389885
3.873804188542462 7.7758379985932855 5.673448603408661
3.873804188542462 7.7758379985932855 6.083133232911138
6.4534047017759235 7.643824060007274 5.344468343405059
3.139424439875665 7.135110980876629 6.474975458052424
3.139424439875665 7.3014348886896325 6.354366735837028
3.139424439875665 7.135110980876629 5.885722411481556
3.139424439875665 6.656020934422692 5.558316709246364
5.787210453073602 7.735761129119766 5.141593583300638
3.139424439875665 7.732587322325031 6.8885482878175255
3.139424439875665 7.4563849267611335 6.233891740461546
3.139424439875665 7.4563849267611335 5.136489628208982
4.151221713252511 7.4563849267611335 3.7006287668095745
4.151221713252511 6.471306849586039 5.002044650226123
4.151221713252511 6.667504086587574 5.588745756046581
4.151221713252511 6.754640604863695 5.695261443833351
4.151221713252511 6.754640604863695 6.170751712686959
4.151221713252511 7.455752560296149 6.385439131482083
4.151221713252511 10.178026718930603 7.709642422247762
4.151221713252511 7.66104532200748 5.926521273902179
4.151221713252511 7.66104532200748 6.200115557952411
4.151221713252511 7.866100062838022 6.081578522374801
4.151221713252511 7.746344871381467 4.9373519827719425
2.6106384120583823 7.746344871381467 3.9276195427327854
6.503070807030095 2.6106384120583823 4.956634586845961
3.4806958106301917 7.908280114478492 6.14415911915594
2.6106384120583823 7.908280114478492 4.661322826375358
4.115796985340811 7.908280114478492 5.6191997271121075
6.114988051824607 7.136686914823683 4.925920889173397
4.115796985340811 7.136686914823683 5.2173082054776065
4.115796985340811 7.477530032245902 5.302392843004157
4.115796985340811 7.59628387468206 6.1087461073954055
4.115796985340811 7.59628387468206 5.016430839572287
4.115796985340811 7.59628387468206 5.455506846819292
4.115796985340811 7.59628387468206 5.772175340810094
4.115796985340811 6.697068288235048 5.2762960030319315
4.115796985340811 6.697068288235048 5.044234306723816
3.2368946631286737 8.182878140526329 5.560517790507361
