6.609327793760581 7.717142320309179 5.462728991923502
6.609327793760581 7.005463575851094 5.1253941940422525
6.609327793760581 6.14808801789091 5.306611189053256
6.609327793760581 7.292146775617422 5.0510915522337765
6.609327793760581 7.2941954501365895 4.683306126095779
6.609327793760581 6.512595807515943 3.990223220241471
3.617349149550187 6.609327793760581 4.737103073367424
6.509695675060314 6.609327793760581 5.398068736052011
6.509695675060314 6.174732172714563 4.672136791470591
5.359286401157142 6.509695675060314 4.6090056298164255
5.359286401157142 6.509695675060314 5.124430658280628
2.608793351186432 6.509695675060314 4.619129512630917
5.689028980593534 6.809772547814799 5.007105962510584
2.608793351186432 6.809772547814799 5.019761906895785
5.689028980593534 6.809772547814799 5.030046601326321
5.689028980593534 6.7387529921806735 5.949572014564756
5.689028980593534 6.747328539920646 5.391906189396318
4.843224421482443 7.688092833066806 6.427409344857033
3.6834040946851876 7.688092833066806 6.29524585064185
3.6834040946851876 7.518146012273668 6.672977460245156
4.679164468436706 7.518146012273668 5.593128151947152
6.6313796501195235 7.518146012273668 5.248758697918752
3.2249379098586144 7.518146012273668 4.940764760222325
3.2249379098586144 6.589528665233708 5.440786841374389
3.2249379098586144 7.123671434217005 5.146216082528935
3.2249379098586144 6.122694627242364 4.520958470214428
3.2249379098586144 7.123671434217005 6.081583724912798
4.502351974051582 7.645609104247441 5.359219263376697
2.7708802685795146 7.645609104247441 5.180663316528276
2.7708802685795146 7.645609104247441 6.160679971631714
3.294732456956965 7.645609104247441 6.3418492851755275
3.294732456956965 7.055684336239262 5.289888045413502
3.294732456956965 7.055684336239262 5.511713448776202
3.294732456956965 6.495696133335411 6.115360593614616
3.2635142851535055 6.8763892417528645 4.625918658655957
3.2635142851535055 6.8763892417528645 4.252890012962134
3.2635142851535055 6.32836592323919 4.622760752887777
3.2635142851535055 7.7109422559947856 6.375572312018334
3.2635142851535055 7.7109422559947856 5.6755328740203765
3.2635142851535055 7.730495549528703 5.121461949722891
3.2635142851535055 8.914380800063562 6.159307507405794
3.2635142851535055 4.808769043431635 6.125351135400528
3.2635142851535055 4.808769043431635 5.440909903836082
4.2609237719379 6.760282762718257 4.435036665261991
3.2635142851535055 6.793601227816113 4.684143194465574
1.672617512511835 7.6840831784954755 3.9635727227792046
1.672617512511835 5.978065515514459 3.600778381774418
5.42768665441999 6.329204383722736 2.9396238114079463
1.672617512511835 6.329204383722736 4.048010521361936
1.672617512511835 6.811470725296067 5.033819345480783
