2.430506384486709 7.734227788363668 5.3954503089586066
3.0242881495637097 7.734227788363668 3.8635503051742357
3.0242881495637097 6.299612625208191 4.626228918764144
3.0242881495637097 6.229296896148522 4.0349192508906295
3.0242881495637097 7.706898577571849 5.3210910253559796
3.0242881495637097 7.706898577571849 5.033098144224413
3.0242881495637097 7.706898577571849 4.6963331890774676
5.470922942801273 6.459113031444261 3.911724918964442
3.6266034033655896 6.607584431901696 5.219929711773947
5.164182086572794 6.607584431901696 4.208120664834156
5.646111903068892 6.607584431901696 5.732935927875203
5.646111903068892 6.639665789976558 5.634892289570497
5.646111903068892 6.6906540850072425 5.323878328450112
3.759666838796456 7.730585020293596 5.8572034837671945
3.759666838796456 6.522016067712464 5.419224239635484
3.759666838796456 7.656602098250534 5.98606635500504
3.202190201034082 7.774359891337275 5.836619618063501
3.202190201034082 7.774359891337275 4.88413465914736
3.202190201034082 7.774359891337275 4.898431492356736
3.202190201034082 7.774359891337275 3.775765040196201
2.554255630791826 5.6075797682096855 4.224461357480933
2.554255630791826 5.6075797682096855 4.4236728540406025
5.971111733849398 7.20713824370732 5.614472817435614
5.971111733849398 7.401745089278329 5.476646123281517
5.971111733849398 5.6878925768550594 4.9258554938524375
5.971111733849398 6.443045101301074 4.350434061228657
5.971111733849398 6.7354918973317925 3.906364491720424
5.971111733849398 7.52991277621944 6.412910561248742
5.971111733849398 7.52991277621944 5.400859453308924
5.971111733849398 7.52991277621944 5.627366827819114
5.971111733849398 7.512562065159324 4.896600392825319
5.971111733849398 7.512562065159324 5.948955539014478
5.971111733849398 7.692486136652278 6.367935253506448
5.971111733849398 7.692486136652278 5.73857825721706
4.5738740523608605 7.692486136652278 4.508326566651455
4.5738740523608605 6.616020959682423 4.995377583855833
7.198401017278213 6.616020959682423 4.417210401794279
3.363225846673608 7.198401017278213 5.8108122251733425
3.363225846673608 7.198401017278213 4.83446886131431
3.363225846673608 7.198401017278213 5.337872929155509
3.363225846673608 7.198401017278213 4.846182083154968
3.363225846673608 8.470453489233225 5.849963632867521
4.25498911251114 8.579907314745832 4.889644447620988
3.363225846673608 6.627955205690718 5.758224958733272
3.363225846673608 6.442748110947228 5.06243611809507
3.363225846673608 5.835595876902847 5.710363627565405
3.363225846673608 6.442748110947228 5.3441096821991785
3.1295576883547906 6.6183326518336365 5.80293381919669
3.1295576883547906 7.703141622189435 6.366083461407278
3.1295576883547906 7.703141622189435 6.995682689955601
