1.2376349796316508 7.737942401310507 5.270526529101671
1.2376349796316508 7.737942401310507 5.701624855501459
1.2376349796316508 7.171244117702345 4.833497645643929
4.579442214647749 7.771151317706266 4.834677738111084
5.683192299980195 7.771151317706266 3.7438800931047482
4.720403845800988 6.6472203840978175 4.101511093010464
4.720403845800988 6.6472203840978175 4.393153967266001
4.720403845800988 7.614725833805576 5.459800300876538
4.720403845800988 7.614725833805576 5.066307529827481
4.720403845800988 7.614725833805576 5.544564806917002
4.720403845800988 7.614725833805576 3.832350137124099
4.720403845800988 5.946239464127906 3.9567618788111667
3.2101964469828705 5.946239464127906 4.13556990169294
3.8337154496832437 6.2661959036433394 3.265596345745135
2.9770970629457776 5.973927696956803 4.201891487325882
2.129078424851681 5.973927696956803 3.707445287424415
2.129078424851681 6.47787943527236 4.022349559641654
3.4168303365552153 6.47787943527236 5.006414870586518
4.385213820698034 8.44049746043656 5.613765201614859
3.2101964469828705 8.44049746043656 4.343699462195895
2.7581724187480288 8.44049746043656 5.120997670222874
2.7581724187480288 6.595575719797811 5.3906624532685745
2.7581724187480288 6.831314588125249 5.794756793341287
2.7581724187480288 7.799389841987487 5.346133080786948
2.7581724187480288 8.576100423485377 5.015971540208411
3.288551986399096 8.576100423485377 3.1279908918059633
5.225183587068845 6.186021740342618 4.546867843865907
5.225183587068845 6.231008009379501 4.519539042581441
3.108676421590865 6.231008009379501 4.612821296770903
3.0899818061838578 6.609999315118117 5.2664108420237055
5.704393601991573 7.3116083582345155 4.17858320354074
2.736792792232539 6.820267158827377 4.589360629735322
3.0899818061838578 6.820267158827377 5.800971755741779
2.736792792232539 6.912763955892922 5.493960887353689
5.983715561828372 6.912763955892922 5.1594286542516405
5.983715561828372 9.21743101472101 6.483240385592203
5.983715561828372 10.9871607592707 8.326458025429561
3.3530887007162318 10.9871607592707 5.1171710352010855
6.624334226521018 10.9871607592707 4.3942119771269725
6.624334226521018 7.6294606234993605 5.46178310223075
6.624334226521018 7.6294606234993605 4.367184417025548
6.624334226521018 6.665758570048816 5.5388158862765
6.624334226521018 7.122223500374481 6.385591678495597
5.852690717169732 7.122223500374481 5.921414109693984
5.3842237301968545 7.122223500374481 4.897495061008043
4.94595836699229 5.852690717169732 4.28627270780378
3.3006369032017457 7.643060983741918 5.238037269050888
3.3006369032017457 7.643060983741918 5.257211893838722
3.3006369032017457 7.643060983741918 4.769846938440881
3.3006369032017457 5.713631125507021 4.468123166868443
