6.085801524512913 7.7294487745955305 5.6233789754042895
6.085801524512913 8.11108626885943 6.106378187273857
6.085801524512913 8.11108626885943 5.674302297003992
6.085801524512913 8.11108626885943 4.86403994145694
4.044456218195577 8.11108626885943 5.645163940699092
4.044456218195577 7.756558381827633 4.9667886496102245
4.044456218195577 7.76779261878057 5.200457990374115
4.044456218195577 7.76779261878057 4.65521366822764
4.044456218195577 7.76779261878057 4.966039111356704
4.044456218195577 6.643471901724276 5.629147699922802
4.044456218195577 7.722585240474899 4.951003829421751
4.044456218195577 7.722585240474899 6.301016177035592
3.224625283583301 6.221929594945536 5.45077448377594
3.224625283583301 6.9455999781690245 5.75215202717803
3.224625283583301 7.688316655275889 5.915745548737648
3.224625283583301 7.688316655275889 5.734815574194255
3.224625283583301 7.688316655275889 5.66939274449673
3.224625283583301 6.082304677660378 5.096547798915605
3.224625283583301 6.362942522797731 5.498557314442086
2.950856565570501 6.1918629357575306 3.8060460397231646
3.224625283583301 7.760053362049527 5.4145123366488885
2.950856565570501 7.760053362049527 4.9714832528180235
4.620211696553373 7.760053362049527 4.4889012169942895
4.620211696553373 7.760053362049527 4.801663707809694
4.620211696553373 7.541796589616688 6.25790382556474
4.620211696553373 7.541796589616688 5.0063559648772555
6.287631035665367 7.541796589616688 3.9137657643808
6.287631035665367 6.236724314093443 4.892434817382378
4.620211696553373 6.4722205641460775 5.3784703787066395
4.620211696553373 8.18029899969316 5.928907662655495
3.325252456305503 8.18029899969316 6.374015813742164
3.2786666246818688 8.18029899969316 6.156754796615107
3.2786666246818688 8.18029899969316 5.9942057746760495
4.349096900635185 8.18029899969316 3.8456788878937407
3.817982215972656 8.647236647482774 5.8204631416698
3.325252456305503 11.114236547136287 7.014686655883214
3.325252456305503 11.114236547136287 6.260932625443962
3.325252456305503 11.114236547136287 6.331332546465238
3.325252456305503 7.654217199606634 5.13713298660589
3.325252456305503 7.654217199606634 6.2781072158099915
3.325252456305503 6.6649227196290575 6.874243211047325
3.325252456305503 7.654217199606634 5.419648346549748
3.325252456305503 7.654217199606634 5.606892444484439
3.325252456305503 7.761659418433153 6.1660631991908454
3.325252456305503 7.761659418433153 6.33062420809216
1.748926872428005 7.761659418433153 4.777508381039409
1.6314395641683999 7.761659418433153 4.518102935415517
1.6314395641683999 4.79322749579703 2.3991704779907206
1.6314395641683999 6.965009281887545 5.064069049389412
1.6314395641683999 7.049781217550546 4.439961042296888
