3.4056217024164117 7.761505889770135 5.413858944790855
3.4056217024164117 7.721535987070736 5.447176949141312
3.4056217024164117 7.7073207737148675 5.776783169375602
3.279866020921507 7.7073207737148675 4.3866033321567155
3.279866020921507 7.728375014953507 5.200075582440979
3.279866020921507 7.728375014953507 4.676660603840829
6.357201148753138 7.728375014953507 3.1041164133190846
3.1746626183821154 7.6093113809433675 2.0405511984871523
0.8650115559990614 5.297514413060707 3.5213703701470163
6.357201148753138 7.306908605598435 5.064440816467078
5.145514851608958 7.306908605598435 4.109615109693379
6.357201148753138 7.306908605598435 5.295038468895033
4.561250344292798 7.574562464675482 4.733974713201098
5.636461014428612 7.574562464675482 4.775646600378661
4.561250344292798 7.746738540852155 6.3479612578861335
4.561250344292798 7.746738540852155 5.512633468363272
5.862389295146812 7.714392470587404 4.665511327896997
3.9095641951687665 6.476591019537327 4.952698887965731
3.9095641951687665 6.476591019537327 5.013702917343981
5.971930364983475 7.308879182416204 5.238188293388894
6.094520245459272 7.3714904467028255 4.978513547918688
4.473936993550467 6.198859206290361 5.497821741546364
4.3446593446668835 6.198859206290361 5.078206737403362
4.3446593446668835 6.5478308488127155 5.083048050871929
5.867549061624551 8.494922267757035 5.513964644066709
4.094943384578308 8.494922267757035 5.409227359376872
4.962154365419686 8.494922267757035 4.442409887931069
3.7769365621262563 6.415674465679508 4.380633266549729
3.7769365621262563 6.415674465679508 4.2000227959073495
3.7769365621262563 6.243392442954338 4.531483811620335
3.7769365621262563 6.509694371389838 4.672735978157668
3.7769365621262563 6.243392442954338 3.7252589552219746
3.7769365621262563 3.90696445433958 4.175517164372446
3.7769365621262563 7.770403590302193 5.097225371618496
3.7769365621262563 7.770403590302193 4.027687951437851
4.522274031338572 6.665610559231286 2.4599921377574483
4.270828385609459 5.60135771974657 2.8163011232100614
3.7769365621262563 5.840606791622484 4.318053108702418
3.7169880532579076 6.31194579052703 5.0908081347079985
3.7169880532579076 6.31194579052703 5.591563416514934
3.7169880532579076 7.673488925803355 6.317812955257621
2.9982216914324664 6.9685711273500015 5.121615533643967
4.21907429351074 6.465823738773 3.127405345288405
3.606330094074853 6.673199525994818 4.933227399039581
3.606330094074853 6.673199525994818 5.8058248690836765
3.606330094074853 7.772078412102758 6.358176518678999
3.94609983745524 7.772078412102758 6.0235257666844815
3.94609983745524 7.772078412102758 4.6756773752728575
3.0084201543967386 7.772078412102758 5.95590008366506
3.0084201543967386 6.607314350054786 6.148851173213045
