3.9281810338640395 7.776760988265172 5.397348224470779
3.9281810338640395 7.776760988265172 6.128393430007903
3.9281810338640395 7.4400224707304385 6.086273363014855
3.9281810338640395 7.319898276603656 6.419414161999797
3.9281810338640395 7.1217103806433375 5.881400445138252
3.9281810338640395 7.247444264523235 6.449728016472159
3.9281810338640395 7.585577952755592 6.339566150656644
3.0299379965302085 7.585577952755592 3.9008099854623572
6.462279758173821 6.839997737552263 3.4608391101484535
3.0299379965302085 6.2213592758028575 4.454774708525076
3.0299379965302085 6.553956235908803 5.121542174540248
3.0299379965302085 6.553956235908803 4.8685853797278345
3.0299379965302085 7.289385280961248 6.0509840576820055
3.0299379965302085 7.689134694146581 5.571680180581166
3.0299379965302085 10.094682131786469 6.7165591831649
6.549832296599835 10.762434184221869 4.932963527073802
6.549832296599835 10.762434184221869 5.664125473500419
3.206159794410404 10.762434184221869 5.711785003580283
3.206159794410404 7.445323621433486 5.300198489729241
3.206159794410404 7.9796412623067585 6.129279220641053
3.206159794410404 9.160122698476249 6.770691924426053
3.206159794410404 9.06458147334767 6.162090437822935
3.206159794410404 9.06458147334767 6.745637931124406
3.206159794410404 8.921498282965132 6.380751025895798
3.206159794410404 6.56093677406135 4.99352414899201
6.064388980579615 7.6388419554730635 4.797576725190067
5.520858719229636 7.6011787228934296 5.37783905716566
5.68609657467287 6.064388980579615 4.888313678764475
4.016599122772593 6.480174386989269 5.673390668180637
4.016599122772593 6.553400213157484 6.201130168322038
4.016599122772593 9.41254665184925 6.775840404751077
3.1691214587727825 9.41254665184925 5.284922676352056
3.1691214587727825 9.41254665184925 5.360152330069343
3.1691214587727825 7.757087759158974 5.347356533654602
2.8336297454817516 7.757087759158974 5.183727786169086
3.781921940703843 7.757087759158974 3.6959292002546102
3.1012278141968683 6.653799938692931 4.259507238525203
3.781921940703843 6.653799938692931 4.383880529000544
3.781921940703843 6.653799938692931 5.321917943934479
5.690564922779522 6.358771845778435 4.930941925331013
3.781921940703843 7.283348549622831 5.89508319453276
3.781921940703843 8.33336740188198 6.454422920252328
3.781921940703843 10.814362774780063 7.021875728669636
3.781921940703843 10.814362774780063 5.412116498246337
3.3524549466209987 10.814362774780063 4.733980193643743
3.5029351365792647 7.612471587010411 5.186268889027611
3.5029351365792647 7.612471587010411 4.927800990025017
3.3244321329425373 6.269433604476873 4.209188416071848
2.8046298118543658 6.269433604476873 4.265846115111213
2.8046298118543658 7.018672729203354 4.633712178919472
