5.110809558222556 7.7469193843737365 5.273322852146753
5.110809558222556 7.579412153425768 5.025455504249107
5.110809558222556 7.579412153425768 4.743847440742454
5.110809558222556 6.252821010383155 5.285478063729486
5.110809558222556 6.252821010383155 4.92265313569136
5.110809558222556 6.228470690457588 3.797746467736622
5.110809558222556 6.0924054451406775 4.910063848607544
5.110809558222556 7.610487492310032 6.03461017475654
5.110809558222556 7.6601314395884454 6.534020716937875
4.496378383025569 7.6601314395884454 5.836327806107784
4.263023086925056 7.469632833756956 5.06583561311811
4.418984178387454 7.469632833756956 3.8855010743192606
5.086279843096868 6.459241492703484 4.457752463584229
5.086279843096868 6.9185635613286625 5.226908397679993
4.1109533922824895 6.366381189610507 5.505891576761726
4.1109533922824895 6.9185635613286625 5.418982609810327
5.66447692970225 6.9185635613286625 3.657596767382821
5.263327608101331 6.870523071692226 5.187348454758375
4.518500810841314 6.870523071692226 5.184144198905329
3.953501001457639 6.352753879078055 5.150809363794367
3.953501001457639 7.673693389305203 4.565563464089262
2.5981720000227253 7.673693389305203 4.135761153521131
2.292737172357491 7.673693389305203 2.9901168878657542
5.976922343750719 5.878739367155109 4.323065211118112
5.976922343750719 5.9659280754354675 4.411736778517101
2.5981720000227253 7.016607676162037 4.85155635016914
2.159268468120836 7.016607676162037 2.9151895142480537
2.159268468120836 7.016607676162037 5.169826764090431
3.9737213557006936 6.566191311250723 4.365657283757724
2.78821630758295 6.232218855883758 5.99617986440231
2.78821630758295 6.339496619226878 4.805719867846815
3.0707464423722155 6.403961323756121 4.70228247165953
2.78821630758295 7.4761052573709055 5.655147219200833
2.78821630758295 8.608905569850792 6.727651457946211
3.9737213557006936 8.608905569850792 5.157049033414364
3.9737213557006936 8.608905569850792 4.764430981417662
3.9737213557006936 5.421378250843109 4.491330439271327
3.9737213557006936 7.530961903232896 5.3203904728676426
3.9737213557006936 7.530961903232896 5.333106968800451
3.9737213557006936 4.591066164948153 5.239450313162854
3.9737213557006936 6.295468982355956 5.470223738920556
3.9737213557006936 6.295468982355956 4.85387842775848
3.9737213557006936 7.438885998177785 6.338146502797322
3.9737213557006936 7.52133202592645 5.993041486119355
2.961268754157594 7.52133202592645 6.050352692297377
2.961268754157594 7.52133202592645 4.414464608228214
3.504717260142169 7.563231637000396 5.711497144588789
2.961268754157594 7.563231637000396 4.903497342538958
2.961268754157594 7.532607456307899 5.661604119540033
2.961268754157594 7.532607456307899 4.983281596815655
