2.0809209323079796 7.745603223066688 5.54148258974493
1.5091911216310874 7.742024589637019 3.539542759288697
4.593223990668786 6.220604766722598 3.4384226854952256
4.593223990668786 4.899703935164556 3.7586771877426433
4.593223990668786 6.874541683486417 5.301903179207582
4.593223990668786 6.142741980137771 4.698544868877512
5.191541844963094 6.698190554312486 5.587803904811791
4.396758111324068 6.342295875259989 5.383994359319058
5.539523892404109 6.342295875259989 4.050100205046553
3.4877096307090736 6.342295875259989 4.7091296038885595
3.4877096307090736 7.526497859139148 5.8497751922036665
3.4877096307090736 7.526497859139148 5.779792022640816
3.4877096307090736 6.548714853225654 5.751496484268626
1.0826777023180658 6.555323204691767 3.507636520133616
3.3334095347560724 6.555323204691767 3.5789405556463594
3.6134136439258 5.622185188179159 4.7586775892521676
3.3334095347560724 5.622185188179159 3.900855027046506
3.3334095347560724 5.622185188179159 3.3534920814524214
4.296171299541726 7.601726737802387 5.978897710823543
3.0478212584055133 7.722060888060659 5.181139160727104
3.0478212584055133 7.77539664854981 5.694320183200283
4.296171299541726 7.77539664854981 5.884722681118194
4.296171299541726 7.77539664854981 6.240507139612344
4.296171299541726 7.419680358434192 5.656399927152559
4.296171299541726 7.419680358434192 5.01400937417479
4.296171299541726 9.185762851835438 5.892766337409787
3.130384518240693 9.185762851835438 4.758508638056989
4.721246409022562 9.185762851835438 5.444141610343691
4.616987163809512 9.185762851835438 4.242559161480327
4.616987163809512 7.567501650076194 3.725205454832458
3.4045858163938267 7.567501650076194 5.245463259819538
3.4045858163938267 7.212615505287767 6.234446857435065
3.4045858163938267 7.667906772106836 6.797564730849246
3.4045858163938267 7.6928609981740035 7.224310817038487
4.26504943005428 7.6928609981740035 5.022009223886296
4.26504943005428 7.6928609981740035 5.357580757703739
3.4045858163938267 7.6928609981740035 5.283383897342584
3.4045858163938267 6.365882585313095 4.971583017430179
5.470672736626067 6.365882585313095 4.792119894586064
3.4045858163938267 6.557056415561302 5.162055298722183
4.19116365036988 6.557056415561302 4.0413465919501155
2.5766625307275217 7.454856602392409 6.4556529586106555
4.19116365036988 7.454856602392409 4.913429196738557
4.19116365036988 7.454856602392409 4.265121282353422
3.2634393106930664 7.454856602392409 5.087218132616299
5.860030214785489 7.454856602392409 3.3904500825382193
3.1430655591741012 6.508726544590573 4.82936761752881
5.762791618296784 5.954233106169955 4.316151364163658
2.994920819794704 5.954233106169955 4.3063083501917205
2.994920819794704 5.762791618296784 5.008415766788418
