4.891530464610899 7.742855229890356 5.379740992832309
4.891530464610899 7.610951239848678 3.427952370772538
4.891530464610899 6.636482354228239 4.873015650770508
4.891530464610899 6.982550718311455 4.582981689667864
5.447667323079703 6.982550718311455 4.338655269199056
5.447667323079703 6.486118499575852 4.957317632592014
5.447667323079703 6.486118499575852 5.152509375814147
5.886217741528789 6.831111313433459 5.422739008987858
5.447667323079703 6.692158711285405 5.503295832902747
5.546918520014426 6.692158711285405 4.822340064551159
3.695705853297739 7.597604267054997 4.095980901696092
6.620524706317429 7.597604267054997 4.9878229458812
3.695705853297739 7.597604267054997 4.565755712840388
3.695705853297739 7.597604267054997 5.424146161951994
3.163710012816779 7.752438216546469 5.512459128612955
3.163710012816779 3.9901826738562325 6.281097427790686
3.163710012816779 7.160358906005653 6.050465360707287
3.163710012816779 7.5246242901925005 5.138443899569898
3.163710012816779 6.344753575006926 4.976722712664315
2.8620830200360925 7.561400005740946 4.726816014455489
3.969423949956646 7.561400005740946 4.569542114177195
0.7161006918703454 7.561400005740946 3.6241508811981515
5.298652795374053 7.453843489784472 3.7572928729999444
1.9025872597939402 7.5939014814455525 4.8651371058527015
1.9025872597939402 7.5939014814455525 4.486872706396386
7.575950090216542 6.2010872937485075 3.50467431899001
5.926280936775655 7.575950090216542 6.2091923555445705
5.926280936775655 7.6650621591392 6.074568284015073
5.926280936775655 8.507995119945647 7.371369423520933
2.596521867431815 9.050309418510341 7.299729722733514
3.9845834800885354 9.050309418510341 5.302333056373135
2.575967450576162 6.619222402230239 3.8026742789376833
2.575967450576162 6.200880791985565 4.397596286779725
2.3717513873317206 6.450399376908834 3.55885386069988
2.3871246243707387 6.332770412264583 4.1631744595395705
3.4361429897021307 6.332770412264583 3.915395616590951
3.4361429897021307 5.124313521154715 3.5251842034590966
6.57743433894991 7.308085623730763 5.557164956883348
5.407194704708125 7.308085623730763 4.46335066562651
5.407194704708125 7.308085623730763 5.1583229940653395
5.407194704708125 6.57743433894991 5.372217690949404
5.407194704708125 8.350445592870107 6.788199955762232
3.2062787619228463 9.206382484150486 6.542137200643788
3.2062787619228463 9.206382484150486 5.960626729639231
3.2062787619228463 9.206382484150486 6.030105536894061
3.2062787619228463 5.0655834678344185 6.161248524610962
3.2062787619228463 7.632300597472312 6.097836675232485
3.2062787619228463 7.632300597472312 5.410343464703516
3.2062787619228463 7.632300597472312 4.491028731301856
2.7769708213388573 6.263613784003994 4.709473938662873
