6.411620122596329 7.725071338457763 5.601677734368283
6.36370134632876 7.725071338457763 4.66079937685923
6.3711192084729085 7.744154762513695 5.2630273192167385
6.36370134632876 7.744154762513695 5.073676496427856
5.735128423911327 7.744154762513695 5.503706151837773
5.152213988881883 7.686125375656198 6.70575125178859
5.404395747116354 7.686125375656198 5.971708745377606
3.6898636469302457 7.686125375656198 4.914275257608609
3.6898636469302457 6.60364437545179 3.422245950110389
3.6898636469302457 6.378663237059886 4.486658566504717
1.2411205390934517 6.378663237059886 3.836362826155317
5.416951472761813 6.628005073034398 3.767660706639992
5.416951472761813 6.44940809508309 5.0147206216829
3.003315415730395 6.44940809508309 4.008451779217489
1.7051618776032496 6.44940809508309 4.801508634368384
5.438002732922406 7.368866046378928 4.581664803404648
3.003315415730395 6.035409551773725 5.956408363241908
5.438002732922406 6.643179797456934 5.625349836505916
3.003315415730395 8.329615250807212 6.590406345325897
5.438002732922406 8.113803328524169 6.267761363837641
5.438002732922406 8.113803328524169 5.477762072559442
5.438002732922406 8.113803328524169 5.339737192786448
4.56364592351995 6.725152519790685 3.7628190861839506
5.8966934381508445 6.725152519790685 3.8250861342332496
5.438002732922406 6.352895868387979 5.955873942990519
4.35117477462633 6.352895868387979 5.28924045241566
4.262842406995539 7.642015380428422 6.064142052893113
1.8733994411462764 7.642015380428422 4.982062481216197
1.8733994411462764 7.642015380428422 4.196032886997574
3.056290615247829 7.642015380428422 4.634371850904203
3.056290615247829 6.7922654218243625 5.037129134448415
3.056290615247829 9.319823975237663 5.64864364016253
3.056290615247829 9.319823975237663 5.442030074184597
3.056290615247829 9.319823975237663 4.007648178517025
3.056290615247829 7.716309631711924 4.414393141469701
2.681357804084062 7.716309631711924 4.4067597332006505
2.8496287677399192 6.770942799270829 4.674650617454171
2.8496287677399192 6.7812111835812185 5.221958310267497
2.8496287677399192 7.608050111906747 4.989094487834679
2.8496287677399192 7.594129389301674 5.374709599815766
3.194318306528889 7.594129389301674 4.013158572944272
2.853767592750135 6.745615411630206 3.916423491579611
3.6512535183188963 6.745615411630206 3.708236509071048
4.888757855186171 4.913077041400321 3.7382009303024817
4.630322861151658 4.908064070781695 3.937589714281574
3.1240438249153013 7.434609957276699 5.555783630319265
3.426048535477069 7.434609957276699 4.656397024195148
3.103385606074959 7.434609957276699 3.775471148152218
3.0895089619072924 6.398596935429943 3.720514794001009
3.0895089619072924 5.796555790657063 4.482163962321973
