0.6667378231314847 7.606316034741193 5.376061683818461
0.6667378231314847 6.655415057459923 5.218146476403415
0.6667378231314847 4.389522168606931 4.275322063890474
0.6667378231314847 6.253902993058055 4.666753558376871
0.6667378231314847 6.630402458328337 6.494015783185201
0.6667378231314847 6.565920337511546 4.5928688593714835
0.6667378231314847 5.311811419329313 4.5475037555666775
0.6667378231314847 7.686147272722293 4.59750230932085
0.6667378231314847 6.648838515137626 4.943157327165003
0.6667378231314847 6.619134919390767 5.475069410974246
0.6667378231314847 6.71386742072071 6.288542323771058
0.6667378231314847 7.539353591373809 6.700839339969287
0.6667378231314847 6.648900107499923 6.281260302837118
0.6667378231314847 6.346663837465609 5.940126499457332
0.6667378231314847 6.114463895340808 5.903291859671525
0.6667378231314847 9.03235144034361 6.629961536604436
0.6667378231314847 5.794183322341734 5.144607537126956
0.6667378231314847 7.9755509457102605 4.9307623703832295
0.6667378231314847 6.660896539388958 4.9902496606262545
0.6667378231314847 9.817372363122475 7.8988626937932755
0.6667378231314847 10.534915525739468 7.350902363187778
0.6667378231314847 6.040541791646735 5.72798192446584
0.6667378231314847 7.775725390430756 5.215025683450783
0.6667378231314847 6.579003469074436 5.728678851333753
0.6667378231314847 3.2693675167858243 2.7376135470394667
0.6667378231314847 5.7136409913698 4.156179694364528
0.6667378231314847 7.461199570534321 6.602163097581549
0.6667378231314847 7.761942852095061 5.523592274978678
0.6667378231314847 5.799214890725416 4.733871624480355
0.6667378231314847 4.533848382375364 3.8036947419637155
0.6667378231314847 7.1973377878093405 6.89945481330968
0.6667378231314847 10.751518434836825 7.857082210923722
0.6667378231314847 6.581891959223583 6.353649348945392
0.6667378231314847 4.06902312954125 3.6607663571487374
0.6667378231314847 6.531296654681142 6.3909531017223875
0.6667378231314847 7.741815706671018 5.479462588729231
0.6667378231314847 6.104666093958162 5.718177302927727
0.6667378231314847 7.481999620790981 6.469926152328348
0.6667378231314847 6.422961472149577 5.629625397513895
0.6667378231314847 4.957223882334041 4.040310845117295
0.6667378231314847 5.902974642614371 5.153729811572279
0.6667378231314847 9.201177917685772 8.685644449407715
0.6667378231314847 7.012887316098487 6.168173921598941
0.6667378231314847 3.860095476682066 2.4859182618034406
0.11281918968812166 2.725804711013606 1.3781306125932227
0.11281918968812166 2.6650648137348907 2.357743701831451
0.11281918968812166 5.44272283820883 4.240584473544152
0.11281918968812166 4.828465498508656 3.708343455304612
0.11281918968812166 6.5033684649284105 5.478406356554241
0.11281918968812166 7.62813782257758 6.744582568043657
0.11281918968812166 2.924666058815785 2.596881476787465
0.11281918968812166 6.167993333607107 5.213221660991889
0.11281918968812166 5.898205594629548 4.442918607764689
0.11281918968812166 5.465246578483853 4.084939684994904
0.11281918968812166 2.812625024915022 2.6734074157537493
0.11281918968812166 5.431619043432054 5.127792754853452
0.11281918968812166 4.980579269355012 3.5422962834315452
0.11281918968812166 4.909629169319707 3.490962114756834
0.11281918968812166 6.729003649069993 6.455485963985796
0.11281918968812166 6.817040050561488 5.155007797349884
0.11281918968812166 4.9860606566552335 4.847187150404681
0.11281918968812166 6.4825010512521715 5.283683610570788
0.11281918968812166 7.712588544460438 6.474285809933629
0.11281918968812166 6.324585962223214 4.954860824421122
0.11281918968812166 3.2271358864868707 2.85567494898149
0.11281918968812166 6.4541097318449765 5.1058293508920904
0.11281918968812166 2.89749249932185 2.280698166690162
0.11281918968812166 5.5468431267413685 3.967551639261671
0.11281918968812166 5.7362068978730605 4.1160223442136745
0.11281918968812166 5.72462141376829 5.149495703437442
0.11281918968812166 6.280932833082932 5.2791751056965275
0.11281918968812166 5.197707112557577 4.12937821691955
0.11281918968812166 6.21069321026291 5.913209228493413
0.11281918968812166 5.518464266611357 4.276651583022053
0.11281918968812166 4.787578352687724 3.9112086260602363
0.11281918968812166 5.614271545320971 5.208837000462617
0.11281918968812166 7.429108349381577 6.373044957635078
0.11281918968812166 6.483096138285504 5.750680421858954
0.11281918968812166 6.075236296277637 5.568956307431835
0.11281918968812166 6.6614172611194675 5.52000060627709
0.11281918968812166 5.789931809026445 5.370752219592145
0.11281918968812166 5.691236394708998 5.507040607185688
0.11281918968812166 3.2514725734105636 3.054701463129943
0.11281918968812166 7.482943131306644 6.922057850589762
0.11281918968812166 6.420896931359433 4.6392625658424755
0.11281918968812166 5.384885354959856 2.7896798462450847
0.11281918968812166 5.896046664663384 5.583375456417303
0.11281918968812166 6.2635842202670915 5.634253217667984
0.11281918968812166 3.947254177297712 2.973373295434192
0.11281918968812166 5.995797268203802 5.085588386565201
0.11281918968812166 3.840244048411034 3.446903036748351
0.11281918968812166 6.6792784167994625 6.538625980260037
0.11281918968812166 5.629953519273144 4.868074695238028
0.11281918968812166 6.6681483453546875 5.4733556220246875
0.11281918968812166 7.00595820398412 6.281513550229745
0.11281918968812166 5.706667676582171 4.7884166197162115
0.11281918968812166 6.96496151781982 6.2342269715257315
0.11281918968812166 6.521883442793811 4.161504934048722
0.11281918968812166 6.494162930650415 5.09550289505125
0.11281918968812166 5.183535021210314 4.812050367715584
