1.6150773936666352 7.772315875759054 5.357238913627206
1.6150773936666352 6.554378187758406 5.544758576752681
1.6150773936666352 6.429294240205202 5.401511469094154
1.6150773936666352 6.643550846279108 6.48190936408127
1.6150773936666352 4.608986431527946 4.414708945379614
1.6150773936666352 4.4528574278074196 4.217970754347821
1.6150773936666352 6.600924294570529 5.180891831795639
1.6150773936666352 8.246576390561007 6.265311448697463
1.6150773936666352 4.499358604450681 4.436437938404955
1.6150773936666352 6.281694273181767 6.027819851797467
1.6150773936666352 7.747431489159817 6.756208607780998
1.6150773936666352 6.476983678781348 5.951603117043621
1.6150773936666352 7.105754245256712 5.5531099819656164
1.6150773936666352 5.6162937363004275 4.5555302708651535
1.6150773936666352 6.124765335993832 5.80538003161167
1.6150773936666352 9.076702654175739 8.136233168120532
1.6150773936666352 6.964858368474708 5.612080801854301
1.6150773936666352 4.724339314286976 4.484724074714013
1.6150773936666352 6.29854164591049 4.878878522632979
1.6150773936666352 6.154063850573664 5.204900515584261
1.6150773936666352 7.6236665665264205 6.114399783083936
1.6150773936666352 7.580526926063339 7.1609937834711275
1.6150773936666352 6.547526296818436 4.700692316480579
1.6150773936666352 3.912088095743979 3.7375326990637245
1.6150773936666352 6.365923029064607 5.1518635998533275
1.6150773936666352 6.306393480951215 5.123289416758897
1.6150773936666352 6.306393480951215 5.298464834886796
1.6150773936666352 5.407059216513808 4.960060404034576
1.6150773936666352 6.496918205250278 6.120837593738328
1.6150773936666352 5.964348972646931 5.839544903399693
1.6150773936666352 5.931864023516123 4.311453754812995
1.6150773936666352 7.662919439975232 6.934173170435283
1.6150773936666352 7.692044815293565 6.0581859969192555
1.6150773936666352 5.198373517046075 4.676943955599767
1.6150773936666352 6.274083281193761 5.971070886629234
1.6150773936666352 7.597849813459954 5.977523331173631
1.6150773936666352 5.777923767712284 4.720547574945418
1.6150773936666352 6.431159586015873 5.120597390843351
1.6150773936666352 6.369916691940688 5.321774381176934
1.6150773936666352 7.03224328802232 6.0537230268472975
1.6150773936666352 6.47112013368325 5.933156153809137
1.6150773936666352 7.4557944242754175 5.981137899880139
1.6150773936666352 7.784014158206318 6.913045424698414
1.6150773936666352 6.031639155815107 5.115064508938219
1.6150773936666352 6.569013441608142 6.42429986877664
0.08840478279300301 6.249633213260502 3.076327881634876
0.08840478279300301 5.540083804732319 4.7857933804118495
0.08840478279300301 5.3024650213377384 4.671736364382449
0.08840478279300301 6.512251760164737 4.768977530239728
0.08840478279300301 4.583593512831353 3.3150141997840787
0.08840478279300301 5.656870054181599 3.781075458863592
0.08840478279300301 6.553405824437359 4.558656520472972
0.08840478279300301 3.7196047253244413 3.4053609196177748
0.08840478279300301 4.207810292793518 3.6086637797882677
0.08840478279300301 5.230375674487949 4.698197350065341
0.08840478279300301 5.64385634663854 3.4121514604944356
0.08840478279300301 7.30576397384678 5.794934954664761
0.08840478279300301 6.294163448241683 5.673415813633723
0.08840478279300301 5.820803244297 4.068623500378917
0.08840478279300301 6.214430590267934 5.268938815298629
0.08840478279300301 6.471703562602084 5.439006875324134
0.08840478279300301 6.436077207519528 5.413884576216293
0.08840478279300301 6.251621867497075 5.293598066813006
0.08840478279300301 5.1594961856045245 4.923857069187037
0.08840478279300301 6.302988078598222 4.748391155611326
0.08840478279300301 7.153545042736498 5.674954256299848
0.08840478279300301 5.318474859571253 4.6500141065742575
0.08840478279300301 5.246606443324062 4.179599473256249
0.08840478279300301 6.352350035314689 3.2810121624309807
0.08840478279300301 6.432596878494863 6.252897999892924
0.08840478279300301 7.489444065351082 6.102174948232045
0.08840478279300301 3.1388811928414566 2.688718537325465
0.08840478279300301 6.651387119033533 5.7543370289968445
0.08840478279300301 6.0927513287104205 5.660945646747295
0.08840478279300301 6.277605800382407 4.218678341552457
0.08840478279300301 6.118749181274598 4.603114627479375
0.08840478279300301 5.394983553946847 4.217815160595138
0.08840478279300301 6.238852228786076 5.074801690871442
0.08840478279300301 6.010023709338931 5.54706059796489
0.08840478279300301 4.588484337720288 3.5988875924014874
0.08840478279300301 3.9741188447164757 3.875025210365665
0.08840478279300301 4.033004349130497 3.9467856654200157
0.08840478279300301 6.643495495739689 5.379349235477964
0.08840478279300301 4.489234904051024 4.018005497399995
0.08840478279300301 6.231594448816775 5.438948020086675
0.08840478279300301 9.109573689655255 7.114763050180022
0.08840478279300301 5.190721810310777 4.582160305955309
0.08840478279300301 5.739004128684641 5.455240278644729
0.08840478279300301 3.8046165146788806 1.9465106487359438
0.08840478279300301 5.52384672125973 4.839067085144457
0.08840478279300301 7.756821308271183 5.894933729163101
0.08840478279300301 6.646640372170175 6.219586244425635
0.08840478279300301 4.322675945099817 3.7909068261051346
0.08840478279300301 7.222900468413201 5.041755259639001
0.08840478279300301 7.540143803516317 5.869500900396226
0.08840478279300301 7.779439257601631 6.074512983638971
0.08840478279300301 4.625010986567013 4.499101135295723
0.08840478279300301 7.198146255597489 6.84436362330309
0.08840478279300301 4.604547605439894 3.4819684876571713
0.08840478279300301 4.927959424752579 3.238734880637464
