1.0642650240358873 7.780319205718648 5.315329990681869
1.0642650240358873 6.080006199276596 4.613442813403761
1.0642650240358873 6.988380988677752 5.61588773462487
1.0642650240358873 4.46966211175334 3.547283461987509
1.0642650240358873 4.031322862370473 3.7170970352632553
1.0642650240358873 5.753482624818027 4.57864110299403
1.0642650240358873 6.647795722357955 5.1677369164768105
1.0642650240358873 5.97327322238171 5.0978807854841435
1.0642650240358873 6.214105634273825 5.122495851784067
1.0642650240358873 5.95172287074606 4.8093209570080635
1.0642650240358873 7.732473275694652 6.580084128907697
1.0642650240358873 6.599046216135637 5.545466547567229
1.0642650240358873 6.608332831504367 6.394784231412091
1.0642650240358873 5.379960371010828 4.86440593684154
1.0642650240358873 7.1751712897986035 6.594834598002397
1.0642650240358873 7.428067697288757 6.497899639960714
1.0642650240358873 5.45192791628595 5.3429921638843965
1.0642650240358873 6.295942689756448 6.039519908612432
1.0642650240358873 6.164154378069934 5.846268137719403
1.0642650240358873 5.165625961220652 4.417548491038566
1.0642650240358873 7.168706229007677 6.234143261828815
1.0642650240358873 8.244445642346587 7.271184702100207
1.0642650240358873 6.515974211584371 4.315779493951411
1.0642650240358873 3.7416946941906137 3.198755858974378
1.0642650240358873 5.657440926837506 4.176026189329521
1.0642650240358873 6.3944095114975035 4.807452853750455
1.0642650240358873 5.532682881926906 5.389223822775304
1.0642650240358873 7.727222256747911 5.645745908972555
1.0642650240358873 7.527837388408308 6.672693788988488
1.0642650240358873 6.290604948232591 5.8764283064786325
1.0642650240358873 7.583812931483683 6.781750846658862
1.0642650240358873 6.207106927034733 5.043767359851693
1.0642650240358873 5.710250865339702 4.5726219112942355
1.0642650240358873 7.676473962262095 5.993455537959302
1.0642650240358873 6.205011445404736 4.75027387626296
1.0642650240358873 5.589388650567894 4.956721242888223
1.0642650240358873 6.4350385868878455 6.024578699315495
1.0642650240358873 6.85902521572517 5.948638622172535
1.0642650240358873 6.834396829857848 5.421302348338665
1.0642650240358873 6.086118888198282 5.729986429751526
1.0642650240358873 6.300601998294653 5.052932527072458
1.0642650240358873 6.300759252852156 5.0530111543512035
1.0642650240358873 10.308153614035573 6.998173659854128
1.0642650240358873 6.250938693582409 5.041208926498242
1.0642650240358873 5.335165678802181 4.822769573406569
1.0642650240358873 6.356605164497022 5.904503109474024
1.0642650240358873 6.790299292204782 6.087153165351672
1.0642650240358873 7.43794276906725 6.603577127655817
1.0642650240358873 5.81805727164387 4.82172415851015
1.0642650240358873 5.966737520486557 4.965211346624096
1.0642650240358873 7.636587368734592 6.01433813053942
1.0642650240358873 7.741894116028114 6.949095720738305
1.0642650240358873 6.208797967386115 5.289984695056419
1.0642650240358873 4.263366867454636 3.858702115859606
1.0642650240358873 5.19428245278786 4.149664651621959
1.0642650240358873 6.6675534408807735 6.537449802369064
1.0642650240358873 5.778705057516202 4.55216209434594
1.0642650240358873 5.7656560738001765 5.561421599231486
1.0642650240358873 5.536058878855577 5.06505890896785
1.0642650240358873 6.8745266983117155 4.887122591343531
1.0642650240358873 6.097508963702754 5.79319241739403
1.0642650240358873 4.393955220499656 3.705418152078045
1.0642650240358873 7.6520311662555525 4.403888877012653
1.0642650240358873 5.920972201289189 4.994032760034759
1.0642650240358873 5.960225769463481 5.801444065685161
1.0642650240358873 6.052359783488022 4.838548327958018
1.0642650240358873 7.744905495677408 6.891983687283397
1.0642650240358873 4.936427132277991 3.8567080794719275
1.0642650240358873 4.157803645476211 3.911918679984997
1.0642650240358873 5.913585313268001 4.925548808550693
1.0642650240358873 5.276219950316168 4.802474713322732
1.0642650240358873 7.027726069316865 4.222574485377252
1.0642650240358873 5.191216074048771 4.139796351671674
1.0642650240358873 6.096174694571225 5.2370105448489825
1.0642650240358873 4.571848833997873 4.451658425176256
1.0642650240358873 6.538050836667814 5.340278184737066
1.0642650240358873 5.611843557380009 4.539038582862909
1.0642650240358873 4.561861865480864 4.261388787759389
1.0642650240358873 5.548324487678293 4.718814082821929
1.0642650240358873 4.601739676004062 3.311737953326585
1.0642650240358873 5.777920130847569 5.319750804522561
1.0642650240358873 5.896794597285272 5.7609125411733215
1.0642650240358873 4.976335736973535 3.922404670779232
1.0642650240358873 6.865624673346074 6.650436722583908
1.0642650240358873 6.61884344605761 5.444570418436522
1.0642650240358873 4.545756335882732 3.7094921989084235
1.0642650240358873 6.437815126323503 6.220831369637746
1.0642650240358873 5.119917373959332 4.781355903873661
1.0642650240358873 6.086338181433714 5.879778358970217
1.0642650240358873 8.299632254268447 7.195045602326596
1.0642650240358873 6.532086739659956 5.127984001074886
1.0642650240358873 6.653767874388404 5.461732758568696
1.0642650240358873 8.581372520962843 6.427165569339308
1.0642650240358873 4.373919139055378 3.4828082627181978
1.0642650240358873 4.010672344606142 3.5889806953339
1.0642650240358873 4.3970211900528895 3.248477407496011
1.0642650240358873 5.470837292758347 3.785385458848738
1.0642650240358873 4.99547644050439 3.2438107791304884
1.0642650240358873 6.6483132184934775 4.997730604908827
1.0642650240358873 6.464388372805722 5.06755890281968
