3.0115303481940505 7.760064194388018 5.668012389184309
3.0115303481940505 6.7469344085593175 5.379981921654881
3.0115303481940505 9.74619549417546 8.755147377835424
3.0115303481940505 6.282012462398381 5.830774973914613
2.7629801818620163 3.1828500978477092 2.96948874486179
2.7629801818620163 6.2386415153277675 6.0731234232466
2.7629801818620163 5.5648883687547475 4.77491836169337
2.7629801818620163 6.226563769184548 5.959710138746062
2.7629801818620163 3.838727047659557 3.4541569198972257
2.593779734427248 4.580280852657825 3.55068428012662
0.845323771430206 5.269307893638217 3.003805269349992
0.7636095442836894 3.585984901298801 2.1199840001938743
0.7636095442836894 5.130178056975954 4.233452031871815
0.7636095442836894 5.0426120051684755 4.6532036642757655
0.7636095442836894 7.626724740674183 5.81771921438423
0.7636095442836894 7.655001541359962 7.247699659297647
0.7636095442836894 6.046765375697699 4.836165136842991
0.7636095442836894 6.5695228132263 6.073650463592279
0.7636095442836894 4.221036400120518 3.5303774439236815
0.7636095442836894 5.084267864662344 4.071841070242992
0.7636095442836894 6.531976503101575 4.552847673171749
0.7636095442836894 6.341170619853166 5.211554762719061
0.7636095442836894 7.384704092919799 5.9317045316217465
0.7636095442836894 6.670758146725266 5.531209520904581
0.7636095442836894 5.843559669448876 5.106286551075818
0.7636095442836894 6.293116536527794 6.071370846875994
0.7636095442836894 7.4994160124363685 6.888286542865939
0.7636095442836894 6.1564181311173805 5.2625354216473115
0.7636095442836894 6.565014764861463 6.252860276252752
0.7636095442836894 9.99357756302992 9.195158772020774
0.7636095442836894 15.337605717361955 9.541167320523924
0.7636095442836894 6.356857842878366 5.275878134502948
0.7636095442836894 6.125019012911579 4.629219322783485
0.7636095442836894 6.329536228919146 5.341748573494158
0.7636095442836894 3.9629920068398055 3.601752721926619
0.7636095442836894 6.164791118092037 5.710195323060791
0.7636095442836894 7.491966822442432 6.411096536640551
0.7636095442836894 6.497599187387255 6.035294085790372
0.7636095442836894 6.34665829146353 5.250033044865143
0.7636095442836894 7.102383702785177 6.450393007939974
0.7636095442836894 7.5413397371733115 5.8670233392617215
0.7636095442836894 7.768959517478114 6.460209230385585
0.7636095442836894 6.129369912461588 5.837867316688317
0.7636095442836894 7.468824966331146 6.1428055202113185
0.7636095442836894 6.288179874677791 5.5524829743846364
0.7636095442836894 5.58064697672561 4.786912975395685
0.7636095442836894 6.564612077070013 5.059639854999772
0.7636095442836894 6.322423828537303 5.294486340035924
0.7636095442836894 6.57689646215044 6.23627150132292
0.7636095442836894 6.57689646215044 5.44506064157855
0.7636095442836894 5.60832765675708 4.017904676209381
0.7636095442836894 3.1235308939039013 3.014267502902149
0.760760467235166 5.678078059879507 3.21947624509831
0.760760467235166 5.293184764401875 5.046650228749299
0.760760467235166 6.639938688283987 6.329805722056069
0.760760467235166 5.651792342491472 5.550706085836431
0.760760467235166 6.450387132852548 5.005442687362979
0.760760467235166 6.020386941921188 5.008005462596673
0.760760467235166 6.334943879193347 6.155310578301226
0.760760467235166 5.405682852619261 4.897197050008715
0.760760467235166 8.498020084435662 7.098611520712028
0.760760467235166 6.00869334167642 5.187929192928973
0.760760467235166 5.257554103926452 5.161466095490546
0.760760467235166 5.393642846887889 5.193543554021034
0.760760467235166 7.50434066048741 5.921968128790671
0.760760467235166 4.876133891608248 4.773599333260769
0.760760467235166 6.353446700441559 5.867376263770234
0.760760467235166 5.298002271019797 4.460236786160104
0.760760467235166 6.120383730688953 5.622663910362032
0.760760467235166 5.387430284824102 5.1316943947095295
0.760760467235166 5.585100621014348 5.455648039185129
0.760760467235166 5.445943366248198 4.89922193660658
0.760760467235166 6.174298337785881 5.6337051046090645
0.760760467235166 6.6646472419874705 5.47058611628795
0.760760467235166 6.017466379539751 5.7404241741645565
0.760760467235166 5.544112762680406 5.047076374359044
0.760760467235166 5.741238093094271 5.088338298868244
0.760760467235166 9.250010503437316 7.3985241768620265
0.760760467235166 6.501838452788963 5.304568701148283
0.760760467235166 6.528749646727935 5.885102073183819
0.760760467235166 5.919837247842789 5.754293376740261
0.760760467235166 2.8974159471458276 2.232462883109782
0.760760467235166 5.772479495282749 3.5512169552899087
0.760760467235166 3.2485065144866536 2.917068124137898
0.760760467235166 7.443336167765587 5.823100389193478
0.760760467235166 7.715894342192199 5.891638004358652
0.760760467235166 4.41753440392705 4.309864181639454
0.760760467235166 5.642509407985191 4.598545602572634
0.760760467235166 5.639846623075595 5.128100397964228
0.760760467235166 3.533148855471435 2.8133077018086015
0.760760467235166 6.07156305517292 3.858847348788582
0.760760467235166 3.4279045533498658 2.537018097877053
0.760760467235166 5.730951066444234 4.429284746952118
0.760760467235166 5.875910072493539 4.555748167470275
0.760760467235166 6.374269790687709 5.328745299474334
0.760760467235166 5.588328208593669 4.982763150100844
0.760760467235166 5.592767381957497 5.379161060822587
0.760760467235166 4.567843159685523 4.126903277276961
0.760760467235166 6.8137722535010035 5.63249301657781
0.760760467235166 7.067957207723449 6.181170446779142
