2.1572689094540576 7.6654253545120365 5.1021311305030554
2.1572689094540576 6.274871124721695 5.917779503054688
2.1572689094540576 6.702194627420205 6.122894784349971
2.1572689094540576 6.647684228243509 6.461194637484965
2.1572689094540576 6.57423941600311 4.722867401989593
2.1572689094540576 7.489642099292638 7.0523512943433095
2.1572689094540576 6.5943499277993745 6.328138463929865
2.1572689094540576 6.869483503963695 5.015550159014807
2.062750913268364 3.6202964530106034 2.843414043063198
2.062750913268364 6.278330802465824 4.790461447110133
2.062750913268364 6.310076479342786 5.824192946854823
2.062750913268364 6.165450100986952 4.706343992897098
2.062750913268364 5.874303597530918 4.95297215551491
2.062750913268364 7.564919121548719 6.506090606198963
1.735281807718231 6.120959376649726 3.93466997429498
1.735281807718231 5.038184687355837 3.7838035731356263
1.735281807718231 5.888883977147302 5.543332129724677
1.735281807718231 5.680004437770727 5.249172953668338
1.735281807718231 6.548391125599732 4.87029517150966
1.735281807718231 5.324341524892194 4.803267163471013
1.735281807718231 7.454135740376357 6.58753393798192
1.735281807718231 6.341676184586447 5.229512556209877
1.735281807718231 6.341676184586447 5.944831137138767
1.735281807718231 9.386079175217654 8.09982380574231
1.735281807718231 5.25023695461066 4.105208648265208
1.735281807718231 5.556450417158089 4.300442113670234
1.735281807718231 6.640060106575479 5.363643025206918
1.735281807718231 6.086335511856706 5.224561991478654
1.735281807718231 7.709081844706773 6.020823879777282
1.735281807718231 6.187841635524659 5.995909232892315
1.735281807718231 5.992084842068543 5.561494073300591
1.735281807718231 7.587371468836686 6.326100832310107
1.735281807718231 7.568460939856514 6.375464432748934
1.735281807718231 6.172487537062221 5.741175434068267
1.735281807718231 6.529601191291139 6.345613808495427
1.735281807718231 1.735281807718231 1.7352818077182326
1.735281807718231 6.08051739433202 5.902601875740556
1.735281807718231 6.49862555845289 6.400347376347813
1.735281807718231 7.432043782068044 5.700658879367312
1.735281807718231 6.635853029661419 5.856241784885458
1.735281807718231 10.532404518311571 8.723929439670814
1.735281807718231 7.680695566635299 7.06908848038982
1.735281807718231 9.47780111628464 6.790891882200472
1.735281807718231 7.160906260564579 6.057076386959308
1.735281807718231 4.983447885892993 4.089401060458754
1.735281807718231 4.558517980559994 3.7573880937846784
1.735281807718231 6.5955254233457445 4.338952954477816
1.735281807718231 6.14435024718475 5.645163557198665
0.3917735501349324 5.655536253208517 3.050525066823388
0.3917735501349324 7.5152942703350245 6.805522974477973
0.3917735501349324 7.676030099073911 6.638654692229867
0.3917735501349324 7.4097392226654275 5.8459404956349745
0.3917735501349324 6.3713364737355 5.784641347759756
0.3917735501349324 6.618144138482659 4.750207339632365
0.3917735501349324 6.647272754739667 4.8512647305836465
0.3917735501349324 6.633515721726948 4.925690720757803
0.3917735501349324 2.836610827753472 2.757086025634959
0.3917735501349324 5.95071328262928 4.699045995120944
0.3917735501349324 4.137039872565666 2.494236140773916
0.3917735501349324 6.96182943083023 4.668878583296505
0.3917735501349324 6.256721393844774 6.116256767631783
0.3917735501349324 5.610265633483472 5.143374845527129
0.3917735501349324 6.204948427622995 5.2339047695116605
0.3917735501349324 6.394381796186089 5.564557060851723
0.3917735501349324 6.572509864299565 5.982994928171114
0.3917735501349324 7.540318500311793 6.445528509828166
0.3917735501349324 6.571821520840643 5.602437328151591
0.3917735501349324 5.770296596466256 5.491628229222773
0.3917735501349324 7.076507147090831 5.5168510556269466
0.3917735501349324 7.765606196246658 7.588052652034957
0.3917735501349324 3.115269920804242 2.931207181538925
0.3917735501349324 7.645043334256291 5.34857104952841
0.3917735501349324 6.260631615606098 5.340874795035421
0.3917735501349324 4.743838676646298 4.565116976189525
0.3917735501349324 6.684955241356494 5.4355230319146175
0.3917735501349324 6.638504551512657 5.461866950244248
0.3917735501349324 6.4139172918404554 5.387558020502452
0.3917735501349324 6.452217926790915 6.057894191124036
0.3917735501349324 7.212204372749113 4.663208763725654
0.3917735501349324 6.187437409847231 5.223089286390851
0.3917735501349324 5.101113684581009 4.298634983628776
0.3917735501349324 4.255374530356331 3.635321793827523
0.3917735501349324 6.5158847044293395 4.816519080538814
0.3917735501349324 5.704820124511077 4.879126853201936
0.3917735501349324 7.31264432223421 6.440320876519677
0.3917735501349324 6.306097764056368 4.778885841953353
0.3917735501349324 6.74990599504498 6.448552786138586
0.3917735501349324 5.505257915462334 3.850568646026664
0.3917735501349324 7.748090490976077 5.166411240945007
0.3917735501349324 6.238835867385102 4.632082535116286
0.3917735501349324 3.2485283313406055 3.115233391229767
0.3917735501349324 2.9805476867795275 2.513599626223296
0.3917735501349324 6.107524471277447 5.257885979893177
0.3917735501349324 6.2863877288797205 5.057543635021477
0.3917735501349324 4.567828058290168 4.142433682756267
0.3917735501349324 5.9862246485765205 5.381370028776706
0.3917735501349324 5.618644136130619 5.26670625343056
0.3917735501349324 5.737648028084269 5.081683066159195
0.3917735501349324 4.961796027403231 3.5429321580374937
0.3917735501349324 6.434750312377389 4.909024067192648
