2.961062974090457 7.651021980133823 5.626625220418645
2.961062974090457 4.569361883460299 4.401597377192942
2.961062974090457 4.189657464499188 4.1288277172910846
2.961062974090457 6.607515223989843 6.250873839421587
2.961062974090457 4.636420573171865 4.145976956206686
2.961062974090457 5.051975151775583 4.683647750134921
2.961062974090457 5.8019269384332794 5.046255419807118
2.961062974090457 5.023444763549296 4.226671664137274
2.7155323019174884 4.508438560632712 3.581037919544252
0.12154066757805326 2.7155323019174884 1.4142841436184515
0.12154066757805326 5.317191907846627 3.9137493626045767
0.12154066757805326 5.234105572718629 2.878701023456884
0.12154066757805326 5.833106794007868 4.42793354512887
0.12154066757805326 7.544248224324734 6.843596898633268
0.12154066757805326 4.6874279271136245 4.4317248396818645
0.12154066757805326 5.957153288116725 5.230972862424462
0.12154066757805326 3.061474951426121 2.907443328332428
0.12154066757805326 5.965632470043161 5.680850593268609
0.12154066757805326 7.645703577618502 7.003738958908306
0.12154066757805326 6.77690331179531 6.167640585825777
0.12154066757805326 6.16360795897705 6.036410861568126
0.12154066757805326 4.518248427537703 3.7319673868396173
0.12154066757805326 5.5098871874076885 4.246926702344386
0.12154066757805326 5.736156744835192 4.64210378605402
0.12154066757805326 6.712512446988111 5.895673908156609
0.12154066757805326 6.444670412303228 5.400340748489541
0.12154066757805326 4.982462608037817 4.672476387750742
0.12154066757805326 7.7770389589781335 6.419707591680887
0.12154066757805326 7.7770389589781335 6.909769827013673
0.12154066757805326 7.479346443348275 6.90513442538008
0.12154066757805326 6.983287168630932 5.422027710404965
0.12154066757805326 7.4702015235234445 7.226658256109261
0.12154066757805326 7.708652384100139 6.879963167908163
0.12154066757805326 7.6108938973601905 6.443016030071445
0.12154066757805326 6.31597858609306 4.19513372784964
0.12154066757805326 3.1630471665371798 2.517417208709509
0.12154066757805326 6.44850633241068 5.990567720004541
0.12154066757805326 3.8469722668663384 3.464398121616974
0.12154066757805326 4.595909316568886 2.6033898992896933
0.12154066757805326 7.663720607264018 6.01232470650047
0.12154066757805326 5.6564127057809905 5.242099182576036
0.12154066757805326 7.528895238657499 6.323444455770269
0.12154066757805326 3.7615302655953298 3.5365269437903533
0.12154066757805326 6.272437640638515 5.879742374991536
0.12154066757805326 5.898326312189411 5.05178601584036
0.12154066757805326 5.574937835927749 2.8482392517529007
0.12154066757805326 6.32633889957037 5.799907931796611
0.12154066757805326 6.159067298867662 5.803503240448566
0.12154066757805326 6.579344386540008 6.370982319770274
0.12154066757805326 7.686673421903862 7.239808310992705
0.12154066757805326 6.666237335301663 6.4802088378719525
0.12154066757805326 7.566842643657736 6.876738800039574
0.12154066757805326 9.021130374827324 5.682246263711595
0.12154066757805326 4.140978778270252 2.575593491332546
0.12154066757805326 7.234012275525398 6.57229978356157
0.12154066757805326 7.648598414253785 7.377769421221196
0.12154066757805326 7.779486122919186 7.141664015044244
0.12154066757805326 7.749321324803969 5.148115629156933
0.12154066757805326 4.541096650548351 3.550992322186965
0.12154066757805326 4.3145564991921255 3.833070211059584
0.12154066757805326 3.88679687468796 3.3144749047399302
0.12154066757805326 6.2107518278129135 5.926609740909912
0.12154066757805326 4.378669186190713 4.108576912074819
0.12154066757805326 4.346492771570681 3.958622600513369
0.12154066757805326 5.069566432198826 4.343919637308762
0.12154066757805326 4.299312738021378 2.765973223285326
0.12154066757805326 6.077061692415533 5.542017408525229
0.12154066757805326 5.127693820379637 4.408991055878599
0.12154066757805326 5.59840768750739 3.7617086618820297
0.12154066757805326 5.304904286489943 4.59446141769103
0.12154066757805326 6.47269168978065 6.066751395814099
0.12154066757805326 3.9914968575930954 3.3643274338154288
0.12154066757805326 5.510521160304354 4.612669213396076
0.12154066757805326 4.355984224280416 3.946383345894663
0.12154066757805326 6.436233128379609 5.538685296296992
0.12154066757805326 5.1743580210735445 4.695319282320759
0.12154066757805326 6.340930692976169 5.692436714729781
0.12154066757805326 5.543784493200391 4.051335039911526
0.12154066757805326 6.6634267571946175 4.653760788629198
0.12154066757805326 6.329423281287429 5.554315264916045
0.12154066757805326 7.492840901883364 5.085078367731003
0.12154066757805326 6.289299757610589 4.6406447461720965
0.12154066757805326 6.116989149607651 4.489729056807908
0.12154066757805326 6.2416267601185815 5.276211338137324
0.12154066757805326 5.034988800920935 4.362337461881699
0.12154066757805326 6.775740199556772 5.419867821746254
0.12154066757805326 6.597759140235819 5.647508710548423
0.12154066757805326 7.649647772099511 6.00433477784784
0.12154066757805326 6.6628770666218 5.4741927941902455
0.12154066757805326 7.42150726320294 6.673360370794669
0.12154066757805326 4.8963158325187806 4.27973880070824
0.12154066757805326 6.396047590574689 4.007280870172684
0.12154066757805326 6.646935793044378 6.300071834863026
0.12154066757805326 5.065244724764131 4.636163882870614
0.12154066757805326 6.004704536382171 4.200179010688891
0.12154066757805326 0.8080547677812615 0.5149889705271715
0.12154066757805326 5.6901297988447475 5.292012318894223
0.12154066757805326 6.390530096198493 4.96908707556586
0.12154066757805326 5.171057687319635 3.901313302635726
0.12154066757805326 6.553956406312878 5.92864123940244
