2.632414818021346 7.724529922867191 5.271449453316361
2.632414818021346 3.619052629122859 3.5636350950450173
2.632414818021346 6.631641496895025 6.258456640545419
2.632414818021346 6.686373746622461 5.544368202715413
2.632414818021346 4.930603841292541 4.680903597367236
2.632414818021346 7.643293401695535 6.485401401087503
2.632414818021346 7.072720532888049 6.087294280089817
2.632414818021346 6.174533271530333 5.919283648632854
2.632414818021346 7.4400027881095685 5.109134215570048
2.632414818021346 6.647009601886143 6.263714948773307
2.632414818021346 4.586639739833668 4.42287913010108
2.632414818021346 6.237256078755781 5.106082331700801
2.632414818021346 8.787866849044248 6.196339474873717
2.5970679358717565 4.123311902873361 3.3303719776755183
2.5970679358717565 5.4080022084737465 5.156651903661466
2.5970679358717565 7.632649758150709 5.883649822940969
2.5970679358717565 6.242225657043061 5.216246254409299
2.5970679358717565 5.7128812957376915 5.051827621627761
2.5970679358717565 6.2841641437195825 5.933755209803499
2.5970679358717565 6.266168095289441 4.55753598496248
2.5970679358717565 6.691928729454862 5.573655622584759
1.22226814980645 5.9091244909707115 3.499455189286603
1.22226814980645 6.077188535287338 3.6497283425468936
1.22226814980645 5.6014951465124305 5.249050070411498
1.22226814980645 6.172430201915759 6.066042669985212
1.22226814980645 6.180154484795494 5.3557858806582646
1.22226814980645 6.129889624451405 4.727197172797285
1.22226814980645 3.520809580128955 3.474838751522508
1.22226814980645 7.284072626793069 5.367480490641595
1.22226814980645 6.596564629048206 4.512984427028283
1.22226814980645 4.581741209665449 4.211607575778825
1.22226814980645 6.163323956751544 5.382166966736582
1.22226814980645 7.655502785749507 6.876983292648947
1.22226814980645 7.57027099903701 7.368868321511367
1.22226814980645 6.507558065312491 5.136357158163342
1.22226814980645 6.470917950066749 6.23914159951248
1.22226814980645 6.221724762403888 5.771894869383321
1.22226814980645 7.257312599727047 5.862984971647637
1.22226814980645 5.701494213979419 4.724463967321994
1.22226814980645 4.035356591430606 3.9741348516588904
1.22226814980645 6.293440587542644 5.8469852518602865
1.22226814980645 7.377569302799511 6.843222039801873
1.22226814980645 5.549939618570416 4.049060165644141
1.22226814980645 6.224827574481594 4.584538612058217
1.22226814980645 6.1451367199309175 4.843386233990671
1.22226814980645 6.662873375736446 5.500661844495763
1.22226814980645 6.565617034134075 6.440885317351383
1.22226814980645 6.602127633520993 5.46874517059305
1.22226814980645 6.287260122537322 5.2947304694316895
1.22226814980645 7.5159294146314295 6.32832112139745
1.22226814980645 7.316083907551976 6.847898877863943
1.22226814980645 6.711195775938073 6.400624114980848
1.22226814980645 7.637311321901969 6.030998061263116
1.22226814980645 4.7833295502256234 4.2688706642762755
1.22226814980645 7.673325229182563 7.039108923839706
1.22226814980645 4.245447241449678 4.013959801061476
1.22226814980645 6.614821937938345 6.155527373475589
1.22226814980645 5.951534390155917 5.669653552305996
1.22226814980645 6.4142335396218435 4.916276278161934
1.22226814980645 6.27837992341696 5.986956419573362
1.22226814980645 6.300994966795798 5.181392353534076
1.22226814980645 6.559558591058732 4.988013021793318
1.22226814980645 4.2056938261005605 4.013102742498878
1.22226814980645 5.8750184341375835 4.675512554563876
1.22226814980645 6.634385336209412 6.032903442392443
1.22226814980645 5.806800539520374 5.6292209835811216
1.22226814980645 4.410141729294651 3.7800160421722193
1.22226814980645 6.40138752689446 6.2184343705596685
1.22226814980645 5.998305877505636 5.245547980361088
1.22226814980645 7.628529816005614 6.411909773866316
1.22226814980645 4.248315916484607 3.730706387302122
1.22226814980645 6.93514098135233 5.015125856719441
1.22226814980645 6.42615697166395 4.840650166278663
1.22226814980645 6.485356720393984 5.918055245537702
1.22226814980645 6.150060853426126 5.099293297350573
1.22226814980645 6.419517256342932 5.692866319564422
1.22226814980645 5.509174782915334 4.481673965757192
1.22226814980645 6.634247717385573 6.051688232714424
1.22226814980645 4.415628039475411 3.863141606662113
1.22226814980645 5.744411695452516 5.501095472598437
1.22226814980645 7.5969699714633645 5.2729282241835165
1.22226814980645 6.29122398395144 5.647302322228968
1.22226814980645 5.977778390414144 4.593339101139695
1.22226814980645 6.412264597085461 6.142094819195306
1.22226814980645 7.552402048013631 5.817767473142286
1.22226814980645 4.07950049600565 3.750716027545133
1.22226814980645 4.383603596285585 4.150524136601641
1.22226814980645 6.277295428925758 4.5973097556829154
1.22226814980645 6.4345859524064295 6.262045566431755
1.22226814980645 7.654151396198488 6.680000443424007
1.22226814980645 8.413147693789735 6.125787746343963
1.22226814980645 6.620465284703563 5.400779987278862
1.22226814980645 6.388129246696124 4.656207195851809
1.22226814980645 4.828067913237604 2.9605840807770982
1.22226814980645 6.340004279667969 5.271143923742998
1.22226814980645 5.610317680721373 4.737854398882901
1.22226814980645 7.2032782083169185 5.713644183288872
1.22226814980645 6.465250265818305 5.87445405595175
1.22226814980645 7.675946623436992 7.284051071506306
1.22226814980645 6.587281230293993 5.670614545331472
