2.6957144137261193 7.700633468134582 5.48572167449828
2.6957144137261193 6.653158257666526 6.120477397388836
2.6957144137261193 6.718425135062612 5.22550859975284
2.6957144137261193 5.171017026974528 3.94665142382414
2.6957144137261193 6.203169778599502 5.632525820756521
2.6472615907085992 5.354932554949077 4.002066129289188
2.6472615907085992 4.92061365646564 4.670773572376493
2.6472615907085992 5.646487531878279 4.852846016334471
2.6472615907085992 3.389807508228245 3.0052533235050016
2.6472615907085992 5.624953122115443 4.6399939201328415
2.6472615907085992 7.255917044062572 5.397433264979745
2.6472615907085992 6.98612623539117 6.323507543839732
2.6472615907085992 8.237460312339227 7.172895753019446
2.6472615907085992 7.736644509511297 6.946807559010001
2.6472615907085992 5.871778235554405 5.634400136390276
2.589963298156985 3.9017352377611982 3.2207597950180404
2.589963298156985 6.332177153865622 5.244406447084312
2.589963298156985 6.332177153865622 5.072676278409563
2.589963298156985 9.062664255550093 6.335103566468978
2.589963298156985 7.337919683835278 5.936970540007784
2.589963298156985 7.708480747822204 7.501047057560692
2.589963298156985 7.72303596401782 7.430462380029785
2.589963298156985 5.311582328387789 4.464516499653826
1.6934769937900858 3.8080237957628857 2.726389184824369
1.6934769937900858 6.3522386685145555 5.854392925603012
1.6934769937900858 6.544796513737129 5.273058530571052
1.6934769937900858 6.435441421655856 4.82775287758542
1.6934769937900858 5.368948714432413 4.895494014228856
1.6934769937900858 6.301658155196272 5.058307438895833
1.6934769937900858 6.501487697521611 5.4377682522129325
1.6934769937900858 6.084661182345734 4.864173880945108
1.6934769937900858 5.090615722578455 4.461640591890824
1.6934769937900858 4.2699501489122085 4.2030421511784395
1.6934769937900858 4.426344554803983 4.1885491827134675
1.2024726291485988 3.6812632299832804 2.402112204842078
1.2024726291485988 6.182183086032111 5.851657250737504
1.2024726291485988 6.624321981789453 6.328423285765182
1.2024726291485988 6.368135213076389 6.192735772759407
1.2024726291485988 6.470050668451442 6.2488425632856615
1.2024726291485988 5.130510145251204 4.813849870267758
1.2024726291485988 4.580800995253217 3.838876791458131
1.2024726291485988 5.0856369607759575 3.847721214774614
1.2024726291485988 6.717707105455531 6.339986398205008
1.2024726291485988 6.072552283421825 5.64954934751425
1.2024726291485988 5.538123055684288 4.5027210189368825
1.2024726291485988 4.560060170820968 3.7179384687696144
1.2024726291485988 6.380632575858691 5.962591831073731
1.2024726291485988 5.64451176436809 4.795401341348735
1.2024726291485988 6.6893223355929265 5.995914333764088
1.2024726291485988 7.373625013512402 6.175051692187926
1.2024726291485988 6.0802985394994415 5.528388455181445
1.2024726291485988 7.114807445700013 5.655439510865617
1.2024726291485988 5.5010725675084835 4.55442329536533
1.2024726291485988 4.1550324422081 3.726259845001051
1.2024726291485988 6.169271969056833 4.56367343022956
1.2024726291485988 5.955807628543326 4.964559440214758
1.2024726291485988 6.373257439625164 6.110721921320856
1.2024726291485988 7.30640432566042 6.390106235336913
1.2024726291485988 5.922564364545416 4.931707210863449
1.2024726291485988 6.474123931284556 4.780013884843316
1.2024726291485988 3.8908594645391337 3.473852064955574
1.2024726291485988 4.008777776250387 3.3738094284689004
1.2024726291485988 5.7457415258378575 4.14688010968054
1.2024726291485988 4.216623692054622 3.8169644866943053
1.2024726291485988 6.299231830570363 5.9867052894883015
1.2024726291485988 6.313176103198849 4.755320603866505
1.2024726291485988 5.200295675232351 4.207031305729573
1.2024726291485988 6.04165204120261 5.698694742634847
1.2024726291485988 7.339406209110443 5.903761209923496
1.2024726291485988 5.352314300906162 4.884299873774977
1.2024726291485988 4.651445961261405 4.313534991839693
1.2024726291485988 4.7023664278233035 3.901676644908186
1.2024726291485988 6.563419936684479 6.329965884438128
1.2024726291485988 6.338098466905755 4.647048475579473
1.2024726291485988 5.869755226551611 4.8182460971631365
1.2024726291485988 4.579729057230104 4.310248259331589
1.2024726291485988 5.630340707739066 4.978026815387051
1.2024726291485988 6.667359257085 5.024345296065597
1.2024726291485988 7.702038996577093 6.693450508060977
1.2024726291485988 8.556331096156626 7.940315990272685
1.2024726291485988 7.763110681627843 7.543459519656933
1.2024726291485988 7.407656139530639 6.656650439076313
1.2024726291485988 7.4697883706251424 6.820895632913224
1.2024726291485988 6.2208452600295026 5.279585848272916
1.2024726291485988 6.581826603459351 6.345696838146917
1.2024726291485988 6.465979324668957 5.312461378996179
1.2024726291485988 4.835755038987475 4.566580643329555
1.2024726291485988 6.344313667606453 5.832167123978536
1.2024726291485988 6.421574389783174 5.393770073752162
1.2024726291485988 6.070653033287197 5.62093984007795
1.2024726291485988 6.4040279543183765 4.988553176960613
1.2024726291485988 7.808240501623802 4.5257409742819865
1.2024726291485988 3.2189647998164728 3.1745260455110396
1.2024726291485988 6.542957945481419 5.457301831912857
1.2024726291485988 4.592492539319803 4.505812041375054
1.2024726291485988 7.58696662999138 6.2481699382063605
1.2024726291485988 7.455772657306838 5.878835224598106
1.2024726291485988 6.6976922110227015 5.5376698524319625
1.2024726291485988 6.525467682184203 4.931360283253321
1.2024726291485988 7.58045355016368 6.879047594379376
