2.295108369256021 7.651701018964861 5.500256611135875
2.295108369256021 6.223495907142826 5.484080835020254
2.295108369256021 4.582112077060241 4.478465889754893
2.295108369256021 6.508787361504979 6.15838113193567
2.295108369256021 6.3032233369833826 6.066559764543492
2.295108369256021 6.066118075542768 5.73087253859472
2.295108369256021 4.11705558158166 4.067184437443671
2.295108369256021 7.682414141919267 6.32616819527174
2.295108369256021 6.367032953606227 5.310527256039932
2.295108369256021 6.659226480707915 5.014971751304132
2.295108369256021 6.718754366923884 6.1167694220513065
2.295108369256021 6.162578245198464 5.616947143385825
2.295108369256021 6.863020119804121 6.712472554804329
2.295108369256021 6.263192689345278 6.084953848260193
2.295108369256021 6.462053083610872 6.1347961769906805
2.295108369256021 7.772615374635965 5.788150595763925
2.295108369256021 4.02278609710708 3.7318857526956877
2.295108369256021 7.613757299934221 6.0615075448146625
2.295108369256021 5.5793088755754745 5.1975999759803395
2.295108369256021 6.0701931731607 5.961654824563109
2.295108369256021 4.4027020823294265 4.008309290231374
2.295108369256021 5.573180295762615 4.86577598454146
2.295108369256021 4.299247273844085 3.9249692496139925
2.295108369256021 3.8415697842084175 3.4633808415629277
1.7585776136708557 5.817518922045373 3.7987788829698186
1.7585776136708557 5.990900221433812 5.184495842260418
1.7585776136708557 4.635124435456579 4.449873819815984
1.7585776136708557 7.594762856431039 6.120128137059957
1.7585776136708557 7.56285645194844 6.995795976722468
1.7585776136708557 7.56285645194844 6.40542684665814
1.7585776136708557 5.720559683140504 5.372631693417237
1.7585776136708557 6.393107015193859 5.443859343102052
1.7585776136708557 6.58317298158245 5.150168341910778
1.7585776136708557 7.552412179292119 5.923064388095125
1.7585776136708557 6.5951742964609 4.832649987073618
1.7585776136708557 4.007284043532689 3.7783729384116684
1.7585776136708557 6.606896089043236 6.432171690252367
1.7585776136708557 6.435955945480053 6.04331026210368
1.7585776136708557 7.498335914133509 5.119606990044579
0.5111101426747564 4.646785828785305 2.5211838214277393
0.5111101426747564 6.517014950801805 5.513424541321012
0.5111101426747564 6.517014950801805 6.3328635918240055
0.5111101426747564 5.964812427985073 5.01517664720058
0.5111101426747564 6.396971226357763 5.794697059426402
0.5111101426747564 7.660241731375546 6.785170061346467
0.5111101426747564 7.602245954578411 6.7645408873631325
0.5111101426747564 7.432199164755691 4.0128198691096735
0.5111101426747564 6.715459694678195 6.334376203261588
0.5111101426747564 5.775150820473705 4.947345142059932
0.5111101426747564 5.952006686287849 4.479641822398263
0.5111101426747564 6.445317400572552 4.749113649621122
0.5111101426747564 8.338799761115782 5.747552439735041
0.5111101426747564 7.652297758972541 6.287667335795789
0.5111101426747564 6.531973865726883 5.771258265644914
0.5111101426747564 6.432126235923182 5.198718084563381
0.5111101426747564 7.521840266251981 6.909732791901123
0.5111101426747564 4.632303900500464 3.662627053627472
0.5111101426747564 6.003319791406906 4.8362511258867675
0.5111101426747564 4.3593082160551475 3.879188419196103
0.5111101426747564 6.078949744572515 4.8679286887914355
0.5111101426747564 5.212937998560623 4.911276597956333
0.5111101426747564 5.873029953676671 4.227223830255407
0.5111101426747564 4.484664436869895 3.7794398203403454
0.5111101426747564 4.005340973445101 3.1109479806549603
0.5111101426747564 4.504826019946332 4.150952313221243
0.5111101426747564 6.947491164032263 5.009523364253002
0.5111101426747564 4.70377620343762 2.8837109226917095
0.5111101426747564 5.746122044579302 5.075386772966842
0.5111101426747564 6.15740063543986 4.446554657118376
0.5111101426747564 5.846432308857775 4.946894814181692
0.5111101426747564 6.66734948543834 6.376014662465343
0.5111101426747564 4.533745832849064 3.733515743853294
0.5111101426747564 5.100182193377417 4.232063932049069
0.5111101426747564 7.221504489639967 5.695724187099411
0.5111101426747564 3.8826352440452188 2.4947401313983715
0.5111101426747564 7.48341297976261 4.535867947355245
0.5111101426747564 5.563583448120166 3.6795146309344733
0.5111101426747564 6.278529360976378 4.525459227898952
0.5111101426747564 6.140729234171054 5.884233983216332
0.5111101426747564 3.4842713066694206 3.136702391124789
0.5111101426747564 7.628291769991337 5.410639857784256
0.5111101426747564 7.638549476942737 5.988092856860886
0.5111101426747564 8.24234541741904 6.378586630240968
0.5111101426747564 6.729399140555614 3.9598562231272627
0.5111101426747564 5.090267831209083 3.9597764868998566
0.5111101426747564 6.0046586203791925 4.608679457694333
0.5111101426747564 6.206665178239003 4.723297861900227
0.5111101426747564 6.215503369568829 5.826117323592591
0.5111101426747564 6.462079216687684 5.397904993403136
0.5111101426747564 7.486313540250485 5.816430711257745
0.5111101426747564 6.619725159048169 5.493629811047624
0.5111101426747564 4.462220201052848 3.598854019205137
0.5111101426747564 5.480082565369553 4.899678751881016
0.5111101426747564 8.196187650098253 7.343308112312031
0.5111101426747564 6.248984901053326 6.132639728141263
0.5111101426747564 6.583754731614441 6.079769987178743
0.5111101426747564 7.71417621232419 5.567645377380719
0.5111101426747564 7.2453545494287255 6.669479050056417
0.5111101426747564 6.085154216747 4.974845392230011
0.5111101426747564 4.945238483914977 3.8190442574358805
