1.8035398866706527 7.652029767586976 5.419528634441496
1.8035398866706527 6.232286813035614 5.968499031338081
1.3311841737399104 2.9652935849750297 2.1576859936160857
1.3311841737399104 6.998350716182603 5.139398579679928
1.3311841737399104 7.382184981157993 6.300569606516991
1.3311841737399104 5.919674466630472 5.581742199291892
1.3311841737399104 6.779048723790758 5.66503796034548
1.3311841737399104 5.477694663549936 3.986051424388977
1.3311841737399104 3.2835105681357715 2.859173776975838
1.3311841737399104 7.4197124751698755 6.240628908909201
1.3311841737399104 6.028959474685735 5.436974409525646
1.3311841737399104 6.662697831652135 6.251873147150018
1.3311841737399104 6.171262178373212 5.467001720258103
0.7298356814132565 6.520063343617281 3.5211719291177195
0.7298356814132565 3.020581209510081 2.8717837628528553
0.7298356814132565 6.005486979780759 5.177822827130701
0.7298356814132565 6.005486979780759 4.213505278064322
0.7298356814132565 3.712116224809304 3.4164308684664593
0.7298356814132565 5.698287121985366 4.432983681130136
0.7298356814132565 5.341870855548759 4.745498535525163
0.7298356814132565 3.4701033682180555 2.3538745369492706
0.7298356814132565 7.384700815278196 5.809118273670282
0.7298356814132565 5.961748011847568 5.735058665850023
0.7298356814132565 7.951834804966726 6.538089750754577
0.7298356814132565 7.357038460701613 7.2079023875877075
0.7298356814132565 6.0967040310613605 5.4750221785287305
0.7298356814132565 7.347233658394732 5.715047991575187
0.7298356814132565 5.736133664031392 5.274834378553875
0.7298356814132565 4.188868753678342 4.047544019107718
0.7298356814132565 7.055764505780553 5.356475473448926
0.7298356814132565 4.267878116491325 3.0141236056768026
0.7298356814132565 5.345243269923518 4.56626701619251
0.7298356814132565 7.720157856599906 5.992571435726957
0.7298356814132565 4.216398573612043 3.942929848000497
0.7298356814132565 5.707621544386818 4.306887953047498
0.7298356814132565 7.667572306397139 6.588851159715819
0.7298356814132565 6.008841761064939 5.4691155339703155
0.7298356814132565 5.892560100568982 4.921179284652116
0.7298356814132565 5.857277509605101 5.628716881680227
0.7298356814132565 6.348892764907983 6.235172190681446
0.7298356814132565 5.743972349731422 4.1964634641706695
0.7298356814132565 5.164198176051933 4.500554029076992
0.7298356814132565 4.534237978842608 4.456526494616275
0.7298356814132565 5.398636688268038 5.272250874394691
0.7298356814132565 5.6379632961255055 5.199020965321092
0.7298356814132565 5.505273938941112 4.306087220726901
0.7298356814132565 4.296296072653739 3.9830379734985173
0.7298356814132565 7.253564527049241 6.368652692800684
0.7298356814132565 7.695142098254534 6.603187163248213
0.7298356814132565 6.514496483956979 5.622364330943473
0.7298356814132565 3.9650618215554556 3.748848111350497
0.7298356814132565 5.326429286472052 4.478224364685347
0.7298356814132565 5.4923748852379966 5.218263795822421
0.7298356814132565 7.6294381283529145 6.658867805901025
0.7298356814132565 6.215646879668451 5.732883298356172
0.7298356814132565 9.9315150251553 6.578600980578174
0.7298356814132565 7.540603085689023 6.949280229879677
0.7298356814132565 6.4958618313368 5.717540087818218
0.7298356814132565 6.198266415486991 5.199372438111866
0.7298356814132565 7.689512810902853 6.640086219813885
0.7298356814132565 7.3238892217542055 6.646794169683457
0.7298356814132565 5.703362437031878 4.213515540356381
0.7298356814132565 7.321251904739082 5.048225469095636
0.7298356814132565 1.448847584480991 1.3198086083604788
0.7298356814132565 5.750497839887764 4.738003527021029
0.7298356814132565 6.2092765081503565 5.746520469396038
0.7298356814132565 7.38035896133009 7.113015346603976
0.7298356814132565 5.565268257601588 4.259050698264694
0.7298356814132565 5.437986551578533 4.6401007458669605
0.7298356814132565 7.51279191655432 5.72681273386085
0.7298356814132565 7.660534880910824 6.054365885638532
0.7298356814132565 8.282365322407921 6.182167947088275
0.7298356814132565 8.054237043440281 5.272907488098613
0.7298356814132565 8.054237043440281 7.907749016199731
0.7298356814132565 6.244961182722907 5.789715365288316
0.7298356814132565 4.9284760357086945 4.432996224661293
0.7298356814132565 5.866734565215982 4.577218287619193
0.7298356814132565 4.951780052592451 4.26392795385637
0.7298356814132565 5.626613444869829 4.124968956951431
0.7298356814132565 5.419441308454704 5.114187323577634
0.7298356814132565 7.676008097781384 7.171201646456126
0.7298356814132565 7.587138975647973 6.786215805279719
0.7298356814132565 7.2480075207423535 5.788446024087673
0.7298356814132565 5.663819448981229 5.099000857098638
0.7298356814132565 5.2207071845655015 5.049949115278771
0.7298356814132565 5.185008475489621 4.480324681679997
0.7298356814132565 8.068445983025107 5.193724086547577
0.7298356814132565 5.828091747314424 3.934347504473104
0.7298356814132565 6.116127136666034 5.689432666108272
0.7298356814132565 3.6259804982338513 3.1499647150866847
0.7298356814132565 4.974641799907328 4.5254889299288985
0.7298356814132565 5.50133572447934 5.367576178052409
0.7298356814132565 5.387232259872864 4.960422321567375
0.7298356814132565 6.586578736610722 5.522397779237496
0.7298356814132565 6.642329490551777 6.26542071828739
0.7298356814132565 6.005885009346187 5.7577925153484895
0.7298356814132565 7.072105711077889 4.811484077437473
0.7298356814132565 7.3022001612736425 6.279190113106678
0.7298356814132565 5.66730789460938 5.34339040187071
0.7298356814132565 6.101149772150869 5.669836343665636
