2.1711775809705895 7.764652642791301 5.880124108891421
2.1711775809705895 6.448966563670393 5.593112750975205
1.1798471049661754 6.361501723505864 3.6868679313853114
1.1798471049661754 5.096132943642267 4.703757303113748
1.1798471049661754 4.441862269152697 3.9967166160776784
1.1798471049661754 5.564046857059974 4.956265927723151
1.1798471049661754 6.138096363910343 5.931378011648594
1.1798471049661754 6.794058204370945 6.524603546248668
1.1798471049661754 4.660228729646946 4.490103656165694
1.1798471049661754 5.840403517711636 4.770882284313233
1.1798471049661754 6.374385728957165 5.076925794141738
1.1798471049661754 5.359479443930624 4.636267096297134
1.1798471049661754 7.532892672583962 6.794649420007483
1.1798471049661754 5.623112363266067 4.635303706650481
1.1798471049661754 4.4923411833483975 3.2542140381214493
1.1798471049661754 6.630874279111367 6.10705027261382
1.1798471049661754 4.697034325341992 4.527356497781103
1.1798471049661754 6.3980093229187105 5.963178899937984
1.1798471049661754 4.540040788502637 4.047982279928093
1.1798471049661754 6.193098349114571 5.259560080631578
1.1798471049661754 4.52655186191452 4.248233314042696
1.1798471049661754 5.851789788659815 5.640648454843234
1.1798471049661754 5.954366103370425 5.691936612198539
1.1798471049661754 7.444602487452517 6.894303845195859
1.1798471049661754 6.171414860172881 5.965759785432812
1.1798471049661754 6.631219180168383 5.741529403514347
1.1798471049661754 7.650472138596191 7.129012054425174
1.1798471049661754 6.868168521684808 5.595461848696907
1.1798471049661754 5.982354227948342 5.109394411713101
1.1798471049661754 8.181754018937106 6.418139179878994
1.1798471049661754 4.089036895781831 3.997073719527863
1.1798471049661754 7.7119783170963405 6.62114762651424
1.1798471049661754 6.582401088479926 6.333772940089428
1.1798471049661754 6.867844199302697 6.445802682532404
1.1798471049661754 6.60370251559954 6.13520359835077
1.1798471049661754 6.585262645507388 5.572958387103424
1.1798471049661754 5.961371575793397 5.732638281249481
1.1798471049661754 7.003833622304004 6.638075582444299
1.1798471049661754 6.645374954286172 5.2357495564043415
1.1798471049661754 6.011153132171671 4.931323081789379
1.1798471049661754 6.792248625411908 4.993212370070239
1.1798471049661754 4.08520375610583 3.933842855809945
1.1798471049661754 4.23658773307487 4.008815683057982
1.1798471049661754 7.70312646706769 7.055931774983052
1.1798471049661754 6.895523341703283 6.093701878166143
1.1798471049661754 8.068514729672815 7.78099798632553
1.1798471049661754 5.274759699248552 4.2912268825314746
1.1798471049661754 3.5358399313114863 3.441588587947067
1.1798471049661754 7.692142805841053 5.594622066890107
1.1798471049661754 4.564716690827758 3.6148554675065365
1.1798471049661754 6.686684384784044 6.529633845020783
1.1798471049661754 5.523159322746231 4.041265680856178
1.1798471049661754 6.1674035944758 5.522535694245289
1.1798471049661754 6.254787633976282 4.69659070517368
1.1798471049661754 3.2199998876796063 3.0065207865441237
1.1798471049661754 7.634183599393259 6.031228308782428
1.1798471049661754 6.62841220799087 5.739227449114034
1.1798471049661754 6.749414675793675 6.25060671911051
1.1798471049661754 5.1955977210291735 4.686884676992832
1.1798471049661754 4.087252881303222 3.6199407314805883
1.1798471049661754 6.645246136995382 5.612264609806508
1.1798471049661754 6.823922362017505 6.163146404032812
1.1798471049661754 8.505272872463271 7.088170517634958
1.1798471049661754 8.410565754408903 5.57339976618094
0.7284960212771243 6.576051900558316 3.5443498650058776
0.7284960212771243 7.026180689667498 6.502487526627359
0.7284960212771243 6.609705656972004 5.914447703746578
0.7284960212771243 6.785634873980326 5.026733189293336
0.7284960212771243 7.511918095829213 5.794390978940753
0.7284960212771243 6.679138544318096 6.163549509338851
0.7284960212771243 6.283734057140162 5.002056786985152
0.7284960212771243 6.115878401929262 5.875723709017591
0.7284960212771243 4.370667852574719 3.7574808621860547
0.7284960212771243 6.0182609958298485 5.116103446378597
0.7284960212771243 6.789475680925998 6.106837775196807
0.7284960212771243 5.921722045225039 4.757615412084196
0.7284960212771243 6.132106150787106 5.916531540290714
0.7284960212771243 4.983577123586105 4.69908473069513
0.7284960212771243 6.793168279292924 5.7395895953695835
0.7284960212771243 6.670818006843522 6.335575411472832
0.7284960212771243 5.236877569087319 4.655408464441116
0.7284960212771243 5.133404675966627 4.452082560192826
0.4957968511969786 6.249748069033135 3.3774264435166605
0.4957968511969786 5.471686246887391 4.6012842861373455
0.4957968511969786 6.455552049774912 4.985228898088585
0.4957968511969786 6.664866308331188 5.158295022392968
0.4957968511969786 6.370755892458973 4.493566390692017
0.4957968511969786 6.5454463776223335 4.60666504863766
0.4957968511969786 6.469459963610582 5.847782787710863
0.4957968511969786 4.5946028202495945 4.384856205151608
0.4957968511969786 5.955662612176898 4.97416745397695
0.4957968511969786 7.671979124560917 5.729772772207935
0.4957968511969786 6.9492537784827135 4.918727593958872
0.4957968511969786 6.5977333810211185 5.515233638992847
0.4957968511969786 6.654516482614184 5.520279027126816
0.4957968511969786 5.724144346911633 5.5614703804089105
0.4957968511969786 6.441920596349508 4.410810175558269
0.4957968511969786 6.333210574248632 4.70982175696917
0.4957968511969786 6.2734150596911995 5.267782108480452
0.4957968511969786 6.322339689820883 5.146314198017189
