1.9152169329662603 7.719937907778107 5.551795759979117
1.9152169329662603 4.9825325366842215 4.229519272901368
1.9152169329662603 5.908832467721226 5.045900222795234
1.9152169329662603 4.350144018073159 4.297878395340439
1.9152169329662603 6.382060421326713 5.700771701344109
1.9152169329662603 5.662470563777376 4.673522504101469
1.9152169329662603 6.645541680234398 5.353191424466815
1.9152169329662603 6.053271936646489 5.145076460236714
1.9152169329662603 6.5289943645023705 5.634587155180939
1.9152169329662603 6.2796602870478395 6.157074875430541
1.9152169329662603 6.5121688652075065 6.274741026291803
1.9152169329662603 6.053101188418573 5.385913401307078
1.9152169329662603 7.404465764942387 6.23382829787706
1.9152169329662603 5.1641632450755175 4.400761133149355
1.5778003832516672 6.002327723844292 3.796812384542272
1.5778003832516672 6.656410472704714 6.345506394668865
1.5778003832516672 6.184098066961493 4.480766216686799
1.5778003832516672 6.060037478447573 5.249996310064253
1.5778003832516672 7.415535454294881 6.616301547889915
1.5778003832516672 4.578332700104735 4.129223348748926
1.5778003832516672 6.2294290402415555 5.372121658317392
1.5778003832516672 4.380587578248861 3.330420306239534
1.5778003832516672 3.335634176497152 3.2697386074451815
1.5778003832516672 5.728652846588989 5.043297218856695
0.7120729056073221 2.7891011453050543 1.7679015750090759
0.7120729056073221 5.975718053157976 5.652484242542739
0.7120729056073221 3.1752039650833273 2.2971650064422224
0.7120729056073221 7.009715894212533 5.412443863690937
0.7120729056073221 7.590553195131708 6.814803736331049
0.7120729056073221 6.5244563543508995 4.696920051490659
0.7120729056073221 3.342931931913047 2.6762699697657335
0.7120729056073221 4.575088411898896 3.747876480403341
0.7120729056073221 3.0292838667802866 2.8341969904214084
0.7120729056073221 7.634809079637636 6.826835299975259
0.7120729056073221 4.803001584052478 4.522608216227915
0.7120729056073221 6.644534364176668 6.417685759118537
0.7120729056073221 5.929661266321393 4.829426612297241
0.7120729056073221 6.65693338871084 5.629319201900356
0.7120729056073221 4.985862780419197 4.851275210405789
0.7120729056073221 3.79496264232569 3.352962540847137
0.7120729056073221 5.177496737650223 4.810123121856704
0.7120729056073221 4.12116924813936 3.6516254863279465
0.7120729056073221 6.316102784121259 4.705193583599259
0.7120729056073221 8.068312120290598 7.572048785275303
0.7120729056073221 7.42215433925152 6.285310397468582
0.7120729056073221 5.7800987514931315 4.645075211168135
0.7120729056073221 5.846896649288638 4.279714437214637
0.7120729056073221 5.253385310372725 3.550921720623968
0.7120729056073221 5.8700183785703395 5.376313708976065
0.7120729056073221 7.1054501857083 6.798664784444634
0.7120729056073221 6.267226544234941 5.266165466473678
0.7120729056073221 3.507191743635144 2.1555242896287066
0.7120729056073221 3.075322663206141 2.5855477690612556
0.7120729056073221 5.7903200997839726 4.451715660508781
0.7120729056073221 6.079192681685026 5.00721506370456
0.7120729056073221 4.5735608609881595 3.8609170349896123
0.7120729056073221 5.587089607311963 4.461983970237845
0.7120729056073221 5.972629573461887 4.937211501449734
0.7120729056073221 6.585481981071052 6.0469249428340035
0.7120729056073221 4.955199054341119 4.293663101541344
0.7120729056073221 5.320737502083212 5.180309747687911
0.7120729056073221 5.224228577151653 4.762131296943596
0.7120729056073221 6.08144928636435 4.538754569038451
0.7120729056073221 4.132557931093885 3.193500601376402
0.7120729056073221 6.743378377508639 6.282137176419308
0.7120729056073221 10.494005917107934 6.868746420138779
0.7120729056073221 7.520002330347383 6.1886681316865895
0.7120729056073221 7.743528363406872 6.254653314855144
0.42934826495827183 4.993154468231207 2.625629735342264
0.42934826495827183 7.650536045680926 5.933826645898481
0.42934826495827183 6.462661540892395 6.259738109382291
0.42934826495827183 6.203056264056066 4.726678651414972
0.42934826495827183 5.63483677982418 4.657120972732241
0.42934826495827183 6.476370802895289 4.807731332297077
0.42934826495827183 6.057209750918332 5.222068307072638
0.42934826495827183 7.3351799067118115 5.49441496068091
0.42934826495827183 5.099601552877203 4.183638043216203
0.42934826495827183 4.0764146863348785 3.4736634784630946
0.42934826495827183 5.807762423411923 5.5152831584088755
0.42934826495827183 6.648905211054597 5.516084566948044
0.42934826495827183 5.842182919641054 5.145384131115272
0.42934826495827183 2.9001735222590423 2.644278751836598
0.42934826495827183 4.453390187604249 3.8536501617445693
0.42934826495827183 5.88681154461559 5.283453611263528
0.42934826495827183 4.0201747823196605 3.3689407204765534
0.42934826495827183 6.55405297164096 5.300999200689957
0.42934826495827183 5.669343373752611 4.3199014081365865
0.42934826495827183 4.900035201540003 3.9688600170091006
0.42934826495827183 6.4970930121424395 6.360168051004186
0.42934826495827183 6.597159899011892 4.467502746796471
0.42934826495827183 6.46273199209492 6.198064733634209
0.42934826495827183 7.683604274963971 6.886108982689884
0.42934826495827183 6.043112230011381 4.986603739635997
0.42934826495827183 7.739856812442326 5.649830699854108
0.03799565906868496 6.889417394934007 3.3345051444018328
0.03799565906868496 6.042698498072927 4.527258915511834
0.03799565906868496 5.4405025751974385 5.1891137007079
0.03799565906868496 2.6756194661440706 1.3568075626063776
0.03799565906868496 6.387763731374751 5.008552881142229
0.03799565906868496 7.687455772142716 5.214255328481314
