0.7337905573842858 7.67465025587407 5.622384240324412
0.7337905573842858 6.659022415356791 5.720770815367884
0.7337905573842858 6.181155370352325 5.0644693327467944
0.7337905573842858 6.833045389867818 6.230102434812973
0.7337905573842858 6.67076144442688 4.758006717509305
0.7337905573842858 4.275341330951779 3.608205063041255
0.7337905573842858 7.541813960642532 4.581914217912331
0.7337905573842858 5.048888284605454 4.274363573234872
0.7337905573842858 6.194590713631836 4.847214787748065
0.7337905573842858 5.639229128038565 5.00076000671463
0.7337905573842858 6.005163840430562 5.298334334238072
0.7337905573842858 6.440985987817314 5.065739416084782
0.7337905573842858 6.128055677135251 5.878784709403736
0.7337905573842858 6.589183146526192 6.44893022047131
0.7337905573842858 6.540964241792768 4.690502556915128
0.7337905573842858 4.760571622101697 3.829297850988559
0.7337905573842858 3.0590953224641173 3.0125892271625205
0.7337905573842858 6.253908065301591 5.785109230336443
0.7337905573842858 6.09683074201612 3.6893770976192406
0.7337905573842858 4.254487559974923 2.805052370239462
0.7337905573842858 5.176085596816225 4.245619266761635
0.7337905573842858 7.63935957958155 7.056002754065828
0.7337905573842858 6.345048474365633 5.384817930430139
0.7337905573842858 6.407343741205903 5.591799975705012
0.7337905573842858 3.2457989103474785 2.080919571699903
0.7337905573842858 4.534462033892712 4.292103628608938
0.7337905573842858 6.907597341009902 6.671259442497781
0.7337905573842858 7.02369348179867 6.475244507857359
0.7337905573842858 6.07387014622276 5.9248614959357795
0.7337905573842858 7.691708065847912 5.481777330632854
0.7337905573842858 6.4054816427673416 4.640075056296323
0.7337905573842858 6.725789359577853 6.52456232698175
0.7337905573842858 7.322333075701371 6.373050741584953
0.7337905573842858 10.049012349397822 8.86958369499399
0.7337905573842858 5.453574290591234 4.7138243563441895
0.7337905573842858 6.57705091978368 5.452422616001977
0.7337905573842858 5.946309896402756 5.340110393263559
0.7337905573842858 6.467395188892009 6.143787577252218
0.7337905573842858 7.325203254095092 6.0585731621144285
0.7337905573842858 5.732127000338661 4.394495847124131
0.7337905573842858 7.098914825929098 5.032981086455723
0.7337905573842858 7.04241358571948 6.867919727256792
0.7337905573842858 6.615925256284406 5.324368900388389
0.7337905573842858 6.384612801482309 6.21566972517391
0.7337905573842858 10.384254144128427 8.364833588462554
0.7337905573842858 10.269122050043011 7.296841013152604
0.7337905573842858 4.547647834884394 4.445203413603144
0.7337905573842858 6.480124546421564 5.939463695576369
0.7337905573842858 6.61388964909062 5.568470520678972
0.7337905573842858 6.291272469709881 5.814902785967627
0.7337905573842858 5.5859351558348855 5.2684259840391165
0.7337905573842858 6.295661898927705 5.011424137968917
0.7337905573842858 5.002872101738774 4.727172083586727
0.7337905573842858 6.505040434258454 6.13133683912275
0.7337905573842858 7.976749958608723 5.331536196223814
0.7337905573842858 8.921359457339683 7.472605644722214
0.7337905573842858 7.325222397859482 6.024705054318642
0.7337905573842858 7.780658459000062 6.759981623458889
0.7337905573842858 6.250907014066229 4.9256311161447375
0.7337905573842858 7.434855994290183 4.583192769161588
0.7337905573842858 6.5138485277218585 4.231394712533042
0.7337905573842858 5.344130171704311 4.880341642220335
0.7337905573842858 6.8940980274427215 6.391758287821226
0.7337905573842858 4.575464386525024 3.8337245524045325
0.7337905573842858 5.70652405442236 4.647898790762841
0.7337905573842858 5.89239385674388 5.596805376669693
0.7337905573842858 5.9972213302873065 5.647122563970537
0.7337905573842858 6.218481290678113 4.845082646536756
0.7337905573842858 6.643265757870232 5.609034384859567
0.7337905573842858 6.841808786136195 6.065680479919913
0.7337905573842858 7.681714455809855 6.789328944152159
0.7337905573842858 7.487250522338799 6.561952938532598
0.7337905573842858 6.6629045094045125 5.527375075878206
0.7337905573842858 9.020659251566105 8.63941407676067
0.7337905573842858 6.151223479597753 6.029325808651956
0.7337905573842858 8.183853389686723 5.525835580142619
0.7337905573842858 4.545703000405009 3.807121047617685
0.7337905573842858 4.0999590872666545 3.5204874170245275
0.7337905573842858 4.764396313206465 3.822514014509395
0.7337905573842858 5.937429730386942 5.081507328037621
0.7337905573842858 6.322619574544721 5.319608958443045
0.7337905573842858 7.397942651685645 6.6698043633539825
0.7337905573842858 6.423653815220728 6.258731940851161
0.7337905573842858 7.660340264763409 5.433458195987189
0.7337905573842858 6.907473142628646 6.2227063552939255
0.7337905573842858 5.717652719735835 5.273101578856378
0.7337905573842858 5.066627791566162 3.843951898930058
0.7337905573842858 6.649309812792815 6.259272391135162
0.7337905573842858 7.596224415191967 6.734610395393756
0.7337905573842858 6.644865115391077 5.481252888867271
0.7337905573842858 4.473148790855749 4.15617051583852
0.7337905573842858 5.852815360105918 4.841455744498509
0.7337905573842858 4.132180461360075 4.040821289189832
0.7337905573842858 7.120194819856708 5.445732810591801
0.7337905573842858 6.633648170320946 6.3889593542133385
0.7337905573842858 6.162306912080403 5.592550385449065
0.7337905573842858 7.6080095798656 5.979964969776945
0.7337905573842858 6.548639043869379 5.1585112753516205
0.7337905573842858 7.150132041924502 5.633123051044463
0.7337905573842858 6.5077633335186 4.55086748970038
