2.043527236592063 7.748010475603573 5.367055943555402
2.043527236592063 5.122637973005453 4.595906291757038
2.043527236592063 7.397731226500763 6.6428863174231685
2.043527236592063 4.077658918320235 3.225479150437655
2.043527236592063 5.655982518850259 4.372072676159347
1.4172670469606108 6.549013265957015 3.995665360251439
1.4172670469606108 5.505986079421451 4.580725513587482
1.274505726008727 6.0451570715503244 3.662686625198564
1.274505726008727 5.389940249665155 5.10748179989414
1.274505726008727 7.588517616024786 5.300537348031058
1.274505726008727 6.299477900942762 5.826595019196812
1.274505726008727 6.278695831459103 6.150707509270363
1.274505726008727 5.656628962601761 4.74999400929682
1.274505726008727 4.315592101417764 4.085509106365093
1.274505726008727 7.131547285169862 4.265341067226908
1.274505726008727 5.959893529189895 4.170075884812002
1.274505726008727 4.911573167386223 4.765703980116171
1.274505726008727 6.505619388753786 5.5308461663726005
1.274505726008727 5.40340215027075 4.493407104983553
1.274505726008727 5.781605765053566 4.741657061996054
1.274505726008727 5.607066277345126 4.497864460573955
1.274505726008727 7.039296790837662 6.159950386229185
1.274505726008727 7.743926163242271 6.900405611726516
1.274505726008727 5.136309635065025 4.654004426740846
1.274505726008727 6.517684862748116 5.939123659082854
1.274505726008727 6.470031957929024 6.12526242038462
1.274505726008727 5.968242347708191 4.6197627107991925
1.274505726008727 6.486166984762072 6.05080760740967
1.274505726008727 6.400213190191362 5.258998598158701
1.274505726008727 6.473952829920897 5.872444756168421
1.274505726008727 4.121739747462556 3.7844083561201183
1.274505726008727 7.533487436061423 5.385093501131511
1.274505726008727 7.243428519800403 6.82916370489699
1.274505726008727 7.398796514311973 6.645461091925501
1.274505726008727 6.8545282456200916 6.153523867338935
1.274505726008727 6.480711176431555 6.261252671320827
1.274505726008727 7.558010445287815 5.8932966271522265
1.274505726008727 5.725581943425762 4.238489105241213
1.274505726008727 5.699071432985345 5.557025361824873
1.274505726008727 5.587499022525051 5.284425681572447
1.274505726008727 6.284350740480065 5.6922367787663655
1.274505726008727 6.552817083814784 5.352549833091352
1.274505726008727 7.5223553248344235 5.883940611559487
1.274505726008727 6.660955339017473 5.913190939256497
1.274505726008727 5.3808845240158725 5.298756948055727
1.274505726008727 5.494637381283198 3.8034105637545967
0.688098661654259 2.567632598092207 1.639593771160323
0.688098661654259 4.4094963648340695 3.840336781515845
0.688098661654259 4.993583556838839 4.375064305479129
0.688098661654259 6.083439652843012 4.663018910027967
0.688098661654259 5.700201306086928 5.286978949361443
0.688098661654259 7.6838534808605985 6.064415121370545
0.688098661654259 5.434092370059002 4.974027383416697
0.688098661654259 6.423930258776306 5.419154140419534
0.688098661654259 5.502423159574512 4.403792935529449
0.688098661654259 4.154401771544613 3.846674242635911
0.688098661654259 3.7174510064293576 2.6616195078704097
0.688098661654259 6.127535009372991 5.029060957945913
0.688098661654259 5.872285132494952 5.1451266662868775
0.688098661654259 7.67404063343589 7.281312346823654
0.688098661654259 7.456978220637234 6.711941546568116
0.688098661654259 5.172402277551768 4.130972095965618
0.688098661654259 4.409709197537548 3.598293658909488
0.688098661654259 5.564822836366478 4.938179911972633
0.688098661654259 5.048181171756095 4.0877877237373745
0.688098661654259 4.5440740445155825 4.305487601798418
0.688098661654259 6.190501851872792 5.862491521248618
0.688098661654259 6.344190642985307 5.721180502426831
0.688098661654259 6.390221396133338 5.548579719569384
0.688098661654259 6.778273934765467 6.470205210759823
0.688098661654259 5.7272655250291855 4.815285798372872
0.688098661654259 4.544048045666848 4.025389989135222
0.688098661654259 6.4522998768096365 4.912192354547575
0.688098661654259 5.557414877139575 4.444928616401893
0.688098661654259 6.363097112428292 5.291305318234017
0.688098661654259 6.6970516457102605 4.702156711404552
0.688098661654259 5.956130226484632 4.54554448675869
0.688098661654259 7.53344742961529 6.036932441088306
0.688098661654259 7.014917689751879 4.939453421634316
0.688098661654259 5.8633333718744005 5.5321662708847805
0.688098661654259 6.411151452339514 5.634742957646761
0.688098661654259 8.541673348406594 7.435409374862697
0.688098661654259 7.705223825270455 7.373199633841307
0.688098661654259 6.5277383057257765 6.277873824704759
0.688098661654259 6.834403190376216 5.251086279357374
0.688098661654259 7.764007940012295 6.04102672716059
0.688098661654259 7.603387385004611 5.798856816342904
0.688098661654259 5.7988902247775584 5.061483681688711
0.688098661654259 7.706393174684681 6.310985297428831
0.688098661654259 6.037247046072899 4.964849109328263
0.688098661654259 4.480293596054853 4.053569886367483
0.688098661654259 5.995143680314008 5.355325002252055
0.688098661654259 3.201999605312953 2.365545328647939
0.688098661654259 4.1845168385935025 3.612928133294102
0.688098661654259 5.464909707007436 5.042323961833033
0.688098661654259 5.893408317444553 3.6513581006221925
0.688098661654259 3.5958730604313414 2.5025904721155876
0.688098661654259 6.333181436849383 6.095473851728222
0.688098661654259 5.575191286552471 5.474228445564686
0.688098661654259 6.664530066806947 4.595268026977988
