1.0835159388084432 7.737306945782533 5.507309327535613
1.0835159388084432 6.622888875552292 6.309518215365005
1.0835159388084432 6.3533009370094256 6.192625483230423
1.0835159388084432 5.762022022139565 5.039173406961574
1.0835159388084432 7.356109793757817 6.139586970697982
1.0835159388084432 6.019293948245 5.00290293479298
1.0835159388084432 5.5855111484495445 4.724195021174993
1.0835159388084432 5.620832658636559 5.216881508438206
1.0835159388084432 7.55768286977562 5.64570557018558
1.0835159388084432 5.056076027053926 4.688066400505748
1.0835159388084432 7.306297381307749 6.453310383200372
1.0835159388084432 7.393669415839227 6.669639203069392
1.0835159388084432 7.094493289253386 5.555343749713319
1.0835159388084432 6.591289053305989 5.380841731646719
1.0835159388084432 7.590666830104809 5.653586103648364
1.0835159388084432 6.351400715977604 4.923946943144017
1.0835159388084432 6.65464713450168 6.179706510376251
1.0835159388084432 7.628198272345243 6.38043989169416
1.0835159388084432 7.6061136646254575 5.283347355176046
1.0835159388084432 3.5605013289813994 3.359363807568812
1.0835159388084432 3.771747205679667 3.4571978256481883
1.0835159388084432 6.6587575346900785 6.5461153278523705
1.0835159388084432 6.7895137590433166 4.856431089467286
1.0835159388084432 4.4331749410698436 3.2958160126005436
1.0835159388084432 6.413479117641238 6.248268550576521
1.0835159388084432 7.455322000530016 6.943156561547331
1.0835159388084432 7.084066211067043 6.669080271539322
1.0835159388084432 6.523715355269296 6.377010099358008
1.0835159388084432 6.657148676677352 4.700011143843107
1.0835159388084432 3.9167375420608157 3.3939465422652653
1.0835159388084432 5.605164218541873 4.371509044056054
1.0835159388084432 4.495907958101576 3.90700072448681
1.0835159388084432 6.280305390514318 6.088320234062731
1.0835159388084432 7.318307408834457 5.204408583821224
1.0835159388084432 6.055581972542999 4.78275385698459
1.0835159388084432 4.529018868360268 4.0664077766885764
1.0835159388084432 5.899432969081314 5.575964949415411
1.0835159388084432 7.707078065849993 6.9346618634577935
1.0835159388084432 5.9391661827178766 5.659562813731001
1.0835159388084432 4.382107123094851 3.987769844279688
1.0835159388084432 6.534051727156115 5.7245786243289425
1.0835159388084432 6.5948274922808245 6.370771594288073
1.0835159388084432 6.170718988641848 5.12647079492984
1.0835159388084432 5.45031216005313 5.35092469828483
1.0835159388084432 8.267465241479194 6.934304706005857
1.0835159388084432 5.155904286296085 4.654074051900501
1.0835159388084432 6.652966823971138 6.094355656840873
1.0835159388084432 7.646127688597209 6.291559496532103
1.0835159388084432 6.699314583171436 6.199824611345247
1.0835159388084432 5.7902537703166 4.95782620624605
1.0835159388084432 5.560012031525254 4.176490276988688
1.0835159388084432 4.88086616902568 4.254650848579594
1.0835159388084432 7.3774314375470045 5.434372186637393
1.0835159388084432 3.5916837570181177 3.495289483652755
1.0835159388084432 4.323874828995386 4.078643817951543
1.0835159388084432 6.755135904560138 5.922689034090086
1.0835159388084432 5.636012834813929 5.011417631537293
1.0835159388084432 6.547288422771668 3.924147739782799
1.0835159388084432 6.138918381713118 4.174298993364232
1.0835159388084432 6.552721205755049 6.260275730928564
1.0835159388084432 6.523642506913834 6.408637972812994
1.0835159388084432 7.76787569147946 6.655721239551126
1.0835159388084432 5.729402239656729 5.350301875718042
1.0835159388084432 5.706737797899489 4.499932474158527
1.0835159388084432 5.9586296624259205 5.046905708818413
1.0835159388084432 7.462594358213664 6.311369608386129
1.0835159388084432 6.416600979729868 5.919381312947537
1.0835159388084432 4.475185190710928 3.9675641812540654
1.0835159388084432 7.3332603727669845 6.2516779944479515
1.0835159388084432 6.523447420494939 6.370202321079615
1.0835159388084432 4.0891882924804825 3.744545957992581
1.0835159388084432 6.518278876466219 5.400806331181297
1.0835159388084432 5.674702438346873 4.871851795302081
1.0835159388084432 5.378626040552739 5.275269972498912
1.0835159388084432 5.290027976159816 3.8545616653349266
1.0835159388084432 4.930149239587529 4.361997076231049
1.0835159388084432 7.150975828966766 6.697055333390421
1.0835159388084432 7.103647227111983 6.726285164547107
1.0835159388084432 7.370768774206049 6.971691802624579
1.0835159388084432 7.574074002264089 6.800644333395399
1.0835159388084432 6.39433378256183 6.09290454880897
1.0835159388084432 6.380293968338236 6.26341557314879
1.0835159388084432 3.9706359890276492 3.502199417231009
1.0835159388084432 6.336697765954323 6.130247575454731
1.0835159388084432 5.174053739581797 3.7089468844101634
1.0835159388084432 4.175614871067037 3.868939435022686
1.0835159388084432 7.256695596238995 5.842143451471989
1.0835159388084432 4.458250591729563 3.6923097970282175
1.0835159388084432 6.62316382093044 6.195092117769983
1.0835159388084432 7.4503148253942815 5.552136602045705
1.0835159388084432 6.169360400487374 5.295026505960888
1.0835159388084432 6.304069914504087 5.416646381048747
1.0835159388084432 6.303053913963019 4.958399558314305
1.0835159388084432 4.612319812219699 3.6250726337788315
1.0835159388084432 5.208075667989085 4.7174135920642355
1.0835159388084432 7.444762651524643 6.201898476230724
1.0835159388084432 4.879657524795455 4.038448635928173
1.0835159388084432 6.078880459408584 4.561905208210133
1.0835159388084432 4.589880310145798 3.242067504102589
1.0835159388084432 6.305330853120548 5.791686678339164
