2.900040538297326 7.784282952494813 5.509036280650298
2.900040538297326 7.6276587543734475 5.321714424374586
2.900040538297326 5.48535068191584 4.739051865445229
2.900040538297326 7.379103039854707 6.774234249702739
2.900040538297326 6.955125783948381 6.765582673001526
2.900040538297326 8.312251689241126 7.851396251356082
2.900040538297326 4.608010099129601 4.444899484352437
2.900040538297326 7.534263691848189 6.682346843160244
2.900040538297326 5.844194482287122 4.969449523489655
2.900040538297326 4.587712239169928 4.363567400490034
2.900040538297326 5.926608571490505 5.119242481163898
2.900040538297326 4.542115456105449 4.123441720275982
2.900040538297326 6.680804343423368 6.5516173454047975
2.900040538297326 4.422613600643992 3.730303049512997
2.900040538297326 4.76848665885014 3.838134307792877
2.900040538297326 4.76848665885014 4.575386306935058
2.900040538297326 5.699389298808573 5.076757520396406
2.900040538297326 6.3462621387006415 6.052967942873249
2.900040538297326 6.730791100596505 6.173990076219138
2.900040538297326 6.254016660881248 5.618530306106378
2.900040538297326 6.341151847636354 6.1465251638954115
2.900040538297326 6.770780347113428 6.348118534821846
2.900040538297326 6.080286314882905 4.8621010641803615
2.900040538297326 4.826386368652507 4.212121576024322
2.900040538297326 4.9886950924249795 4.749027389129743
2.900040538297326 6.40838423820351 5.8506320864211965
2.900040538297326 6.40838423820351 5.04725749953416
2.900040538297326 6.395124959263107 5.831814955536714
2.900040538297326 6.195345710237476 5.979543786431392
2.900040538297326 7.316394979174483 5.275003965712073
2.900040538297326 6.907937956527244 5.531723152266388
2.900040538297326 6.5301135075437635 5.392316875817256
2.900040538297326 6.991459523798419 6.356039192096556
2.900040538297326 4.6197670089010785 3.973773097761848
2.900040538297326 6.077664240285312 5.952760839076748
2.900040538297326 6.630825701626538 5.357693894405238
2.900040538297326 6.2767953578661135 5.87996197124904
2.900040538297326 5.695580767672727 4.452571851726245
2.900040538297326 4.851401106624216 4.683478506655945
2.900040538297326 4.659352988774735 4.54781927495057
2.900040538297326 7.600635634984664 5.667568329432681
2.900040538297326 5.8640474092984505 5.098217343041184
2.6004340428207304 5.899171369769373 4.255794836204582
2.6004340428207304 4.102006073482656 3.3512200581516924
2.6004340428207304 6.360951815609216 5.812780664919623
1.9738274599509507 5.421062155894539 3.70997693958014
1.9738274599509507 6.0511328364409 5.8001592475821795
1.9738274599509507 4.207413116388544 3.6893975992664383
1.9738274599509507 2.702980222022259 2.568338770938017
0.661336630761618 5.132629376204861 2.833806965158161
0.661336630761618 5.031037261918652 4.729932259759728
0.661336630761618 7.154917347236761 6.654566218809712
0.661336630761618 9.582412240428539 7.788503017848357
0.661336630761618 8.162609628407633 6.44888251016046
0.661336630761618 6.665557583983109 4.632206983086186
0.661336630761618 6.003999639785633 5.778594327819253
0.661336630761618 7.215182256567836 5.138774821844989
0.661336630761618 7.102750437059626 6.212539698157693
0.661336630761618 6.459053496148897 5.736589437672997
0.661336630761618 6.884706772390212 6.141417031404115
0.661336630761618 6.252847308557673 5.661225696845397
0.661336630761618 7.671383789208999 5.871671266692795
0.661336630761618 6.329182344368565 5.888302480783206
0.661336630761618 5.522213383220052 5.311714739965384
0.661336630761618 6.627532655032542 5.919482176718208
0.661336630761618 5.78894802158101 4.602451702308272
0.661336630761618 5.465536094099868 4.296383998681755
0.661336630761618 6.806725120145762 5.081251937932322
0.661336630761618 7.544172531529648 6.190768069026743
0.661336630761618 4.5063476402910965 2.57366337741826
0.661336630761618 5.140173249873396 4.901722561800463
0.661336630761618 5.816174814264038 5.233695882168364
0.661336630761618 6.014478456522628 5.131502498117461
0.661336630761618 7.088875670239778 4.623119903143779
0.661336630761618 6.68660838399374 5.9258395495815375
0.661336630761618 6.893717723901355 6.729275767220463
0.661336630761618 6.652031216066852 6.517770534849189
0.661336630761618 7.22419318675712 5.734293237560066
0.661336630761618 10.046565493146273 9.484885760811448
0.661336630761618 9.919493050895909 9.575222656458331
0.661336630761618 8.699162644043955 7.11099923343335
0.661336630761618 4.54497051413551 4.458714144923734
0.661336630761618 4.511042677354855 3.9504435785700944
0.661336630761618 7.666465942124718 5.424993867281164
0.661336630761618 6.985541837530132 5.619687356940107
0.661336630761618 6.825079538665047 6.03758802441791
0.661336630761618 5.5185844568810545 4.103917082424186
0.661336630761618 6.258224012877552 5.860120269110809
0.661336630761618 6.5369820081749275 6.379307010173286
0.661336630761618 6.305936626431542 4.826748862263591
0.661336630761618 6.65639193637692 6.498715047469713
0.661336630761618 5.917466816670206 5.6493469115532955
0.661336630761618 6.273121319478726 5.371393619112649
0.661336630761618 2.7368240142687736 2.395804328640089
0.661336630761618 4.366165692122568 3.413460869813412
0.661336630761618 6.403990146592303 5.322500217243174
0.661336630761618 6.459127591260039 5.010570704044913
0.661336630761618 7.701482658115509 7.069086933808233
0.661336630761618 6.958421600039518 6.285803750316186
0.661336630761618 5.887610888794427 4.745645515708194
