0.7786796773469615 7.708231542107065 5.276293085218712
0.7786796773469615 5.377693301478814 4.9283307349010945
0.7786796773469615 5.746260680266129 4.914736498939983
0.7786796773469615 4.478718012256188 3.809191453996993
0.7786796773469615 6.356952181485166 6.123666723610941
0.7786796773469615 8.625160032296465 6.788172562184622
0.7786796773469615 6.5587234130250955 4.965026815758952
0.7786796773469615 6.468147329369007 5.052051305454431
0.7786796773469615 6.172330014839698 4.351514044655773
0.7786796773469615 6.75976222508031 4.945069060351411
0.7786796773469615 4.948719430222933 4.654443824628602
0.7786796773469615 6.369879662904879 6.03519486367959
0.7786796773469615 7.664393292729978 6.170718563447826
0.7786796773469615 5.597637656023402 5.130002847387846
0.7786796773469615 3.918577861067345 3.827191053051598
0.7786796773469615 6.933079670140282 6.533081889272929
0.7786796773469615 7.453653080417546 7.003343814148799
0.7786796773469615 4.9894176968825725 4.006822474811919
0.7786796773469615 4.255006593932748 2.607623735215697
0.7786796773469615 6.610122653669247 3.738079443889217
0.7786796773469615 5.430458003705322 4.053822810337289
0.7786796773469615 4.569273927963554 4.422427716018799
0.7786796773469615 6.227929193592711 4.39006642554273
0.7786796773469615 6.56515407519025 5.116648739547751
0.7786796773469615 7.755477175711674 7.570048302702278
0.7786796773469615 7.413443379321636 6.6561941415828745
0.7786796773469615 6.56980284318665 5.17881622281939
0.7786796773469615 6.02132242767814 5.138551325290516
0.7786796773469615 3.69600545808725 3.612949604678425
0.7786796773469615 6.277094111766381 5.332197933817031
0.7786796773469615 3.979070900104045 3.880975836802895
0.7786796773469615 4.012680774970029 3.9113537909541325
0.7786796773469615 5.641423709418213 4.478983156625285
0.7786796773469615 6.648154484831327 4.690739140871916
0.7786796773469615 7.40248835800668 6.348545992611835
0.7786796773469615 5.559555974443377 5.43293761805287
0.7786796773469615 7.122208325369133 6.506239538769329
0.7786796773469615 4.576418636190191 4.3167661777387725
0.7786796773469615 3.848267171546756 3.7645324353749077
0.7786796773469615 7.772675730663966 5.582560831892993
0.7786796773469615 5.675144877424248 4.028271881303376
0.7786796773469615 5.675144877424248 3.2912682461328178
0.7786796773469615 5.076840741348359 4.0095048878774415
0.7786796773469615 7.157020924971299 6.068023853977012
0.7786796773469615 7.41782224373458 6.047379048463121
0.7786796773469615 6.427710648803011 5.9702773770210085
0.7786796773469615 6.126028250968936 5.262012342338039
0.7786796773469615 6.392403786419145 5.766753038881022
0.4218516746751466 5.365651255705782 2.802012033623289
0.4218516746751466 6.741886165772932 3.8358867309045195
0.4218516746751466 6.090481970359537 4.38537227513607
0.4218516746751466 6.034179947365953 4.00976593612413
0.4218516746751466 6.509925783914326 4.62282638345066
0.4218516746751466 5.447684390485307 4.384768885567172
0.4218516746751466 3.607304861340872 3.355586181155859
0.4218516746751466 6.506942210183276 5.0835122659133125
0.4218516746751466 7.485573403252925 6.476814245067647
0.4218516746751466 6.427770436823732 4.92178096803148
0.4218516746751466 7.0453315001053305 6.650587185816449
0.4218516746751466 7.606313284859638 6.819352310550848
0.4218516746751466 6.025502474106357 5.485632011466671
0.4218516746751466 6.018725066350392 5.84747780752441
0.4218516746751466 6.311992151192694 5.253413826918157
0.4218516746751466 3.7493641228165804 3.665269063943998
0.4218516746751466 7.25796141487978 6.59675587879396
0.4218516746751466 6.581421818243129 4.9017786049571415
0.4218516746751466 6.270658150216793 5.101913815853664
0.4218516746751466 8.313628415439506 5.6887725807809595
0.4218516746751466 5.28586719286249 4.273572781486184
0.4218516746751466 5.43355984239934 4.325778507629789
0.4218516746751466 3.7327103502452066 3.293611456895611
0.4218516746751466 6.533087519327623 5.1606429348724
0.4218516746751466 4.080071696497168 3.5499885189416274
0.4218516746751466 6.557864686845633 5.14654690941375
0.4218516746751466 4.854356982874627 4.61494474185376
0.4218516746751466 5.311103484717197 5.091885602371569
0.4218516746751466 7.586254582140761 3.860765070258641
0.4218516746751466 6.105899858037482 5.208254917457108
0.4218516746751466 6.5010499394077925 5.526549246416531
0.4218516746751466 6.2885811381237 4.988340953897248
0.4218516746751466 4.932112352131256 4.669802464046852
0.4218516746751466 7.460448138220707 6.6264618866435185
0.4218516746751466 7.151968064088765 5.340921792732989
0.4218516746751466 5.903975246051889 4.2890780512459195
0.4218516746751466 7.759363105585848 5.761730181478324
0.4218516746751466 6.806577166082484 5.805214168653461
0.4218516746751466 7.523439587587486 6.397757998835334
0.4218516746751466 7.636146058632265 6.899321039015095
0.4218516746751466 7.734940385046437 6.736803925013387
0.4218516746751466 7.734940385046437 6.829736006077806
0.4218516746751466 7.344792856774266 6.530832829364672
0.4218516746751466 7.024118387464414 6.002453315936623
0.4218516746751466 6.260800554682415 5.152671312285722
0.4218516746751466 5.887914811776813 3.62837048474104
0.4218516746751466 6.406322873479155 3.609053188558808
0.4218516746751466 3.6532301157731806 3.243789717284112
0.4218516746751466 6.433989011428054 5.3331683340996365
0.4218516746751466 4.323805017482904 4.040031602343491
0.4218516746751466 5.770336572405995 4.885887016368393
0.4218516746751466 5.952642942851487 5.760615068693759
