2.1588440415478556 7.779463076828691 5.199137611866635
2.1588440415478556 6.325387722592588 4.6344619225509796
2.1588440415478556 6.591437544260291 4.804687286032192
2.1588440415478556 5.848607493194422 4.47190376541112
2.1588440415478556 5.365350642534143 4.565260444419365
2.1588440415478556 7.440071347659648 5.525222730329241
2.1588440415478556 4.454818961468458 4.323468644300302
2.1588440415478556 5.941217600962435 5.2008810814827475
2.1588440415478556 7.547965923159907 5.509713163491364
2.1588440415478556 4.50321547529283 4.196531888340873
2.1588440415478556 6.280770729643045 5.617775658672449
2.1588440415478556 6.6563558644402185 5.970287297519766
2.1588440415478556 6.549703601486115 5.075827978145902
2.1588440415478556 6.533588359497244 5.040406102051897
2.1588440415478556 6.202869829327646 5.908960630861194
2.1588440415478556 7.607370686452773 5.890726506839558
2.1588440415478556 5.642952279580797 5.537766308878522
2.1588440415478556 6.577333901096242 6.350804245481414
2.1588440415478556 4.942960648340222 4.608696604895477
2.1588440415478556 4.962386912606707 3.951048972355631
2.1588440415478556 6.021184332559521 4.687293189872893
2.1588440415478556 5.750235706443153 5.382401675750563
2.1588440415478556 7.430950672304565 5.9137238299224615
2.1588440415478556 6.228225651417173 5.464614379579866
2.1588440415478556 6.486143986509447 5.1473171051108
2.1588440415478556 6.504349858978614 6.290808406535138
2.1588440415478556 7.308447323203605 6.215679787284569
2.1588440415478556 6.206395150692206 5.654126228694142
2.1588440415478556 5.942364243908582 5.179152976036669
2.1588440415478556 7.0461012189588015 5.7375904931576835
2.1588440415478556 6.066390597690095 5.890587387731523
2.1588440415478556 6.270730154139667 5.94999098692777
2.1588440415478556 5.863542036229031 5.095799081185273
2.1588440415478556 5.00414394613701 4.021553632245012
2.1588440415478556 4.834865029264808 4.024330988654287
2.1588440415478556 6.594894679095749 6.1636739041666155
2.1588440415478556 6.801989635179508 5.4090844132078795
2.1588440415478556 6.431775011897582 6.130914713161036
2.1588440415478556 6.66213845114256 5.500891101602654
2.1588440415478556 5.830729434701571 5.2060627555125
2.1588440415478556 5.898412342412488 5.231229807275862
2.1588440415478556 3.9952287988744755 3.539823348328319
2.1588440415478556 4.318822766304802 3.9453852998324987
2.1588440415478556 5.395156374410828 4.20784830958995
2.1588440415478556 7.657309339667274 6.04348047585341
2.1588440415478556 5.557187624632807 4.370278245408568
2.1588440415478556 4.321825159513022 3.3151933394760404
2.1588440415478556 5.848315591096576 4.560165595377123
2.1588440415478556 7.695225777909192 7.499263603657747
2.1588440415478556 6.694953938696209 6.43143278202856
2.1588440415478556 6.325289791165709 5.42450339609962
2.1588440415478556 6.676347953517858 5.772487650062888
2.1588440415478556 6.3722388800141765 6.069757752926522
2.1588440415478556 6.626959483936304 6.142579101151836
2.1588440415478556 5.919560301993663 4.541971878456857
2.1588440415478556 7.055898321625078 5.835458457363707
1.6966812332979058 4.561724770433489 3.1384462580306978
1.6966812332979058 4.921051817806671 3.3694006918674684
1.6966812332979058 6.454629657706366 5.437916118499594
1.6966812332979058 3.5471815921564738 3.4288557344848396
1.6966812332979058 5.963831762430971 4.227344089420566
1.6966812332979058 7.547960658280335 5.7544659460591525
1.6966812332979058 5.8768351413934035 5.153904929066703
1.6966812332979058 6.229534519843096 5.477030744633458
1.6966812332979058 5.586399781386682 4.982385001888644
1.6966812332979058 7.5885358520464905 6.469630724341613
1.6966812332979058 4.619115972932104 4.080088304391578
1.6966812332979058 5.559643239662304 4.756228948802627
1.6966812332979058 6.224733550641979 4.826957324218814
1.6966812332979058 3.5807610980039297 3.1190665498899195
1.6966812332979058 3.9410040998407116 3.7339746659242095
1.6966812332979058 4.663722225234416 4.355875674307519
1.6966812332979058 4.146001952134078 4.0970155377573505
1.6966812332979058 5.293903928558489 3.8916152694479598
1.6966812332979058 7.6395754032648195 6.992146578713248
1.6966812332979058 7.654906388723406 7.4610692080873005
1.6966812332979058 6.160288936487937 5.008731655979621
1.6966812332979058 7.56684474805828 7.100821560890071
1.6966812332979058 6.934931637379513 6.641366291096068
1.6966812332979058 6.777057245627265 6.498019562380224
1.6966812332979058 6.43921748656771 6.286578406379923
1.6966812332979058 7.6273408870632124 5.70370258927208
1.6966812332979058 7.234054652050055 5.814058007830445
1.6966812332979058 6.648806852516543 5.537550541895699
1.4412849240415189 4.124982503046233 2.788241639729004
1.4412849240415189 5.587101044631858 4.785801190838897
1.4412849240415189 6.607830883045011 6.407477204957927
1.4412849240415189 7.763398197086811 5.950299495504845
1.4412849240415189 3.191270992751971 2.665921884963762
1.4412849240415189 6.355259998191368 6.152684627651237
1.4412849240415189 6.1517995085685655 4.821888235212777
1.4412849240415189 6.40598925221358 5.277735332240678
1.4412849240415189 7.046859920005325 5.673429370678239
1.4412849240415189 6.159618194226642 5.1265479639081795
1.4412849240415189 4.135087103978982 3.9373551763772787
1.4412849240415189 6.4943190465372425 5.218381462917234
1.4412849240415189 6.419728940935631 5.107543615044071
1.4412849240415189 6.607168628545846 6.4995777508947326
1.4412849240415189 5.660305255356317 5.52634097350617
1.4412849240415189 4.938512344034869 4.315455451753584
