1.2029308622943735 7.756582454402562 5.495720594789187
1.2029308622943735 6.349549058387744 6.007991146203942
1.2029308622943735 9.226172795307425 6.963653412482546
1.2029308622943735 5.843624346067035 4.803076267602481
1.2029308622943735 6.53390813012717 5.589819020832917
1.2029308622943735 7.617284902741249 6.58733822733557
1.2029308622943735 4.435716140551417 4.071144286079166
1.2029308622943735 6.165268602822284 4.949098974887161
1.2029308622943735 4.4462576008893855 3.985087096197024
1.2029308622943735 6.414622109339028 4.154202910161471
1.2029308622943735 4.329326899118733 2.8970702622562823
1.2029308622943735 6.547155460716041 5.842981951515634
1.2029308622943735 6.506533643487696 6.145446452935041
1.2029308622943735 5.8884518138277215 5.200972717089967
1.2029308622943735 7.357070878861972 7.004323219774588
1.2029308622943735 5.005971476721296 4.428888644136077
1.2029308622943735 6.454621003298318 5.529277909450974
1.2029308622943735 6.007861571402337 4.888582676523237
1.2029308622943735 5.343614722414564 4.832985044491966
1.2029308622943735 4.535034401238963 4.07532669823714
1.2029308622943735 6.2684050418453765 5.3420788708704325
1.2029308622943735 7.775666652463304 6.6524144489254375
1.2029308622943735 6.365006632678064 5.846556692555245
1.2029308622943735 6.9111526829608305 4.706442409160186
1.2029308622943735 8.943909806307994 7.972827618218193
1.2029308622943735 7.651591048004132 6.447591086159672
1.2029308622943735 6.396246146851762 6.246474162744298
1.2029308622943735 4.30967706896886 3.895954382341044
1.2029308622943735 5.658379857822119 4.491689527260783
1.2029308622943735 8.467680699656988 6.2433511094762615
1.2029308622943735 7.06116794828262 6.714006301495653
1.2029308622943735 6.286555928910172 6.1121237807372415
1.2029308622943735 5.823749852324262 4.4479797006493085
1.2029308622943735 4.537715039037728 3.8049622940060406
1.2029308622943735 6.650974063218694 6.466970308112177
1.2029308622943735 7.765200290962261 6.3933209943475005
1.2029308622943735 7.298966905357046 6.743387387618668
1.2029308622943735 7.458782277430917 7.161283907843037
1.2029308622943735 7.39915984957697 6.2267499565472315
1.2029308622943735 7.420534745477477 7.286512966048266
1.2029308622943735 5.8891926171364375 5.383150653915159
1.2029308622943735 6.280640285805134 5.703775771729696
1.2029308622943735 7.335658689696356 5.431388401556217
1.2029308622943735 6.294187837269426 4.7410350464741216
1.2029308622943735 6.423999312566064 5.032890114499301
1.2029308622943735 9.138644888812792 7.71243448539018
1.2029308622943735 5.704385880692957 5.1121202293631525
1.2029308622943735 6.2746686479646705 5.23492573805182
1.2029308622943735 6.4211797470102 6.100318535066032
1.2029308622943735 7.672565474435517 5.96970437629244
1.2029308622943735 7.360911106246 6.151318879398604
1.2029308622943735 6.672614691282085 6.380204168355272
1.2029308622943735 6.291329594725703 5.31571480572472
1.2029308622943735 6.019832270466832 4.911542425254437
1.2029308622943735 6.154698602627498 5.914720462541953
1.2029308622943735 7.594454378647022 5.93715484149448
1.2029308622943735 5.983341583472917 5.246468688556997
1.2029308622943735 4.585191019384155 4.039059052640338
1.2029308622943735 6.346072456316104 5.926965865797291
1.2029308622943735 7.361611858867491 6.898615156848589
1.2029308622943735 4.044657031377199 3.9766394893592163
1.2029308622943735 6.381799694898625 6.216507505698953
1.2029308622943735 3.5881721103305506 3.366318599868349
1.2029308622943735 6.438445892040502 5.979859736282686
1.2029308622943735 7.701636846648032 7.530489835682045
1.2029308622943735 7.301058112446288 6.806892698686912
1.2029308622943735 5.335688131048965 4.861979642241491
1.2029308622943735 5.588659472060691 4.862111512701126
1.2029308622943735 6.373445087831772 6.252692057634006
1.2029308622943735 7.71679561284583 7.550664952162911
1.2029308622943735 4.933560613433276 4.321345120227491
1.2029308622943735 6.430017297558287 6.309916891882551
1.2029308622943735 6.560851052107047 6.414815787320177
1.2029308622943735 6.5706159998531355 5.252673333771941
1.2029308622943735 8.276717027284175 5.888767991238077
0.5820840705147039 7.36716929714941 3.851341915134956
0.5820840705147039 7.57501672591377 5.481255870962855
0.5820840705147039 6.650712525731976 6.191040058504658
0.5820840705147039 6.0202512854713 5.674176509707936
0.5820840705147039 6.563363082404745 4.339311028814358
0.48885490132225273 6.321212995219351 3.406898531654652
0.48885490132225273 6.5428105081630505 5.374643805153206
0.48885490132225273 6.839490353951298 5.391708731061146
0.48885490132225273 4.553322233582669 3.969990365562466
0.48885490132225273 3.937407378480519 2.6927415255525564
0.48885490132225273 7.718108056482368 5.9721937234979
0.48885490132225273 6.562539002029823 6.289117652379577
0.48885490132225273 7.57245316401708 6.777200832990019
0.48885490132225273 6.572171847008747 6.29660022342396
0.48885490132225273 7.775464024951564 6.374654289187024
0.48885490132225273 6.150369405660754 4.9543457209154695
0.48885490132225273 7.718316398634222 5.887046751274138
0.48885490132225273 4.5694879434743285 3.886921926482699
0.48885490132225273 5.114445688508695 4.592783068194731
0.48885490132225273 8.04686955197558 6.666235139927802
0.48885490132225273 4.159509562628546 3.8249790833786097
0.48885490132225273 6.584880984327462 5.0376647942280695
0.48885490132225273 4.805671358669681 4.023329969980478
0.48885490132225273 5.911847977742067 5.020346390792106
0.48885490132225273 4.835395584939395 4.438610477205323
