2.708565487398982 7.6218508934836535 5.287799828940518
2.708565487398982 6.021919463942929 4.997945938252322
2.708565487398982 6.3343946688343 5.107986112307435
2.708565487398982 3.143121924449329 3.0633200816226287
2.708565487398982 6.807686221745904 6.496609874306887
2.708565487398982 7.463089901081018 6.642954570403528
2.708565487398982 4.582878585222701 4.471901150568731
2.708565487398982 5.730121077790528 4.4949299764912505
2.708565487398982 4.716592932669499 3.7042152616525343
2.708565487398982 6.772987863015127 5.9317807251215156
2.261928377553954 2.708565487398982 2.4658236510010765
2.261928377553954 5.580433211701536 4.702012955937594
2.261928377553954 6.444839232735358 4.634559885216682
2.261928377553954 7.710135973677438 5.572645784868802
2.039263219187078 4.614299358312781 3.2797338691347537
2.039263219187078 6.3935319805730195 5.960637280488431
2.039263219187078 4.359195422500566 4.177589237885516
2.039263219187078 5.68878652629542 4.36149327979222
2.039263219187078 6.508188490808855 6.129342193703114
2.039263219187078 6.593199847627837 6.444991678955041
2.039263219187078 7.737588723029143 7.563862970011015
2.039263219187078 8.582376245927382 6.295809181139069
2.039263219187078 6.326683814340996 6.152314230663787
2.039263219187078 6.598528058177067 5.023055745386566
2.039263219187078 5.642574610179302 4.757862266927917
2.039263219187078 7.191459158395183 5.9953531859042775
2.039263219187078 5.688576534881651 4.585585974846722
2.039263219187078 5.786369443164176 4.20489706275973
2.039263219187078 3.04885904559329 2.974714709258468
2.039263219187078 6.291349794909092 4.880483111929153
2.039263219187078 6.7413929611993595 6.353982316233503
2.039263219187078 4.935292739332006 4.6041756522234065
2.039263219187078 7.412544447586431 6.732578327797729
2.039263219187078 7.051259042884869 4.953188003526079
2.039263219187078 6.342184249550069 4.553247249473624
2.039263219187078 4.241489390852269 3.7722422857758966
2.039263219187078 6.369754634581717 5.680643745594887
2.039263219187078 6.88796580607738 4.927392312770161
2.039263219187078 6.192286695925844 4.9528838512807845
2.039263219187078 6.699349375732524 6.349715940293086
2.039263219187078 6.7115344612932795 6.612240195381991
2.039263219187078 6.692416516143492 6.453474710337897
2.039263219187078 5.60014819559807 4.724706760485981
2.039263219187078 9.055148812222539 7.421885599774914
2.039263219187078 7.056834767237074 6.133218419406335
2.039263219187078 6.615591044592463 5.58364298037018
2.039263219187078 6.480927525463951 4.3393254832186905
2.039263219187078 7.208648491529004 6.111593578601693
2.039263219187078 6.49303260592038 6.338041066465236
2.039263219187078 5.189216224598059 4.816284808016514
2.039263219187078 6.7739068725106115 6.620599556379932
2.039263219187078 8.261191513845537 7.692531454871706
2.039263219187078 6.48948822423765 5.507124363618136
2.039263219187078 6.315829769744873 5.501482017724462
2.039263219187078 8.249650909122765 7.167528536676855
2.039263219187078 4.743933382237934 4.352405590359443
2.039263219187078 5.818851382198769 5.523789050498374
2.039263219187078 6.04545570074648 5.503228838109949
2.039263219187078 7.681017167257519 6.3822308204430405
2.039263219187078 4.390864968558606 3.713818783472474
2.039263219187078 6.225597546777983 5.361269957191213
2.039263219187078 4.612431251526214 4.551427339032035
2.039263219187078 3.636053774150398 3.3895062657646697
2.039263219187078 4.609348436149869 4.040023751801177
2.039263219187078 5.7458851723481175 5.591849413871768
2.039263219187078 7.714048404003922 5.918838961203991
2.039263219187078 7.663899528177417 5.84103454904917
2.039263219187078 7.711782215609425 7.232171372510001
2.039263219187078 6.266079583708372 5.614182606497853
2.039263219187078 6.618355544083872 5.293744909999777
2.039263219187078 5.828079944327957 5.560405059999481
2.039263219187078 4.594438135573064 4.240982321037722
2.039263219187078 4.3128197867880935 3.765442299953607
2.039263219187078 4.493492304298869 4.344824326599825
2.039263219187078 5.623565549564724 4.566233474601468
2.039263219187078 7.971771795878558 5.656673893139384
2.039263219187078 6.275647054149552 5.2741200294256405
2.039263219187078 6.247834792643474 5.393214216359939
2.039263219187078 5.19331495632591 5.040604708107381
2.039263219187078 4.378098660770966 3.8187995845078295
2.039263219187078 6.669482219349568 6.4206438924077975
2.039263219187078 4.156221623907378 3.9586467100524025
2.039263219187078 6.431489058668799 5.454798560870163
2.039263219187078 5.546095941316178 4.300729024570455
2.039263219187078 4.5958592287714986 3.4411178742997715
2.039263219187078 4.006869438072691 3.515843553908618
2.039263219187078 6.7422364130343535 5.357061418403171
2.039263219187078 6.7422364130343535 6.434581066963075
2.039263219187078 6.7422364130343535 5.705798844864786
2.039263219187078 6.575250826331349 5.983979333940847
2.039263219187078 6.009198247115744 5.817729951446409
2.039263219187078 6.02171667266601 4.686845893714303
2.039263219187078 5.289257036112893 4.163315675648663
2.039263219187078 4.560280601481246 3.723612581572184
2.039263219187078 6.366818381509056 5.361652184592867
2.039263219187078 6.645841340030628 6.089646227198354
2.039263219187078 5.787410087974468 5.3436574617173775
2.039263219187078 6.647046390010871 6.531477292711335
2.039263219187078 7.778723998768831 6.478354885942252
2.039263219187078 8.853454973559165 8.490946198631958
