2.7415510755929877 7.5757104777209765 5.976365575205976
2.7415510755929877 7.518620249841934 4.753071399495328
5.501938669599312 9.986597223059807 5.971957084084594
7.082404005696425 9.986597223059807 6.7775194522911395
3.6603383437346086 8.4543443902526 6.529027387564616
3.450974758844698 8.4543443902526 4.8317966937028585
3.450974758844698 8.037772261985697 5.462168532930528
3.450974758844698 8.037772261985697 4.999321809259412
2.7885960817881714 6.657426728535217 3.9647808600430947
2.7885960817881714 6.657426728535217 4.195434231503886
2.352151598703252 4.996485122393011 3.3099933447694627
3.08518795995936 4.996485122393011 2.8830281140486145
1.5392098040288507 6.230894601881836 3.6161815499173495
1.5392098040288507 6.994854648283603 3.897994764243685
1.3163366871561633 6.573601671033789 3.096232924771798
3.4779178689065344 6.573601671033789 3.7988122358539536
3.4779178689065344 5.93487612150032 4.963967154365246
3.4779178689065344 7.3318236620165695 5.498571375262226
3.4779178689065344 8.264547082586255 5.77185962566893
2.95578057883677 8.264547082586255 3.2201725906448235
6.622626708680944 8.264547082586255 2.4845156780429463
5.720289097230566 8.264547082586255 4.3694283652138
4.835914957872799 6.622626708680944 4.247298630889616
0.43341254968635967 5.720289097230566 3.5153132222522725
4.265074136291066 2.521385405015462 0.8349457910958021
4.484135634932478 4.9996115796036165 3.797800410101781
3.1825039690367025 4.484135634932478 3.8063042073790765
4.484135634932478 7.111061056618123 5.2851073293944815
4.484135634932478 7.111061056618123 4.639451657443361
3.3430668193157698 7.111061056618123 3.9294824515976674
3.3430668193157698 4.785106554741702 2.817932961130388
6.983039702410371 4.292914921485142 1.8290312121261119
6.621026264447096 6.983039702410371 4.178028991946624
3.9342107857561364 6.634765294899278 3.4100605432962072
3.9342107857561364 7.450110412391867 4.437582985103527
3.2066689547000036 7.450110412391867 4.130440048926164
2.8228629336086795 4.819426991832515 3.2707964438512502
2.8228629336086795 5.441227843160899 4.7997439537082744
2.8228629336086795 5.9561819856559275 4.979620906417766
2.8228629336086795 6.281894827654625 4.9313875172693535
2.8228629336086795 6.832863436065718 5.541330447339641
2.8228629336086795 3.593281320850036 5.329811041189756
2.8228629336086795 10.16653544811006 4.878949925125679
2.8228629336086795 4.544433674826955 3.6232117584531003
5.1444704794827025 4.544433674826955 3.0847930925672165
5.443153148788319 7.662805497105182 5.472867956912146
5.443153148788319 5.338593655554764 4.462186272745014
3.6331567930556408 5.443153148788319 4.469747440006311
4.1815754179414135 5.443153148788319 4.507346657541526
3.6331567930556408 6.389330641580173 4.918709141860471
4.1815754179414135 6.389330641580173 4.789835319892555
4.1815754179414135 7.575257452378342 5.552816204017945
4.1815754179414135 7.575257452378342 5.8087520496821945
4.1815754179414135 7.575257452378342 5.029785725495397
4.1815754179414135 7.575257452378342 5.164608729434514
4.1815754179414135 6.897596146077186 4.666008804135058
4.1815754179414135 6.897596146077186 5.848668829817841
3.3955417110326853 7.539034971102977 4.966706278177474
3.0213975496869385 4.3858827343949365 4.034205972897574
6.314768689090403 4.51422506646967 4.097821108674262
6.314768689090403 5.96669970674197 4.632170173050324
6.314768689090403 6.535822605778524 4.849606136984888
6.314768689090403 7.401300607438124 5.711486647214348
6.314768689090403 7.401300607438124 5.015917958454866
6.314768689090403 6.855538250564777 5.929052735605433
6.314768689090403 6.855538250564777 5.368301452737582
6.314768689090403 7.2144239141639375 5.293353900014755
6.314768689090403 6.060556627024347 4.60448829796473
6.314768689090403 6.763495093587666 4.868103884887998
6.2553941097902594 6.763495093587666 5.190990008979904
4.254183746530664 6.763495093587666 5.515342390058569
4.160022474035607 7.349540548857828 5.6053871624529
4.160022474035607 6.253808267167962 4.516184047580686
3.994545458257225 6.253808267167962 4.456331311801602
3.994545458257225 6.403545383997429 5.333862256746004
3.994545458257225 6.6311696354912755 5.552227918364762
3.0695649593488388 7.663095338096774 5.084107951590203
3.0815527304417896 9.197452905745564 6.279476302823193
3.0815527304417896 9.197452905745564 5.2242820490441835
3.0815527304417896 9.197452905745564 5.00436068754749
3.0815527304417896 7.6214692873176 5.032128556098394
3.9858714327760834 6.18354450769764 2.6956427596669914
5.50042081487403 5.598464813796646 4.368385113278455
4.840450727533334 5.571954052271355 5.171296209217444
4.840450727533334 6.807722655566385 5.032663043907119
4.840450727533334 6.972017086534304 5.522141668254767
3.381295255570848 7.36204555002546 5.4888428386653425
3.5885750284945925 7.416431909920764 5.8193852869449065
3.5885750284945925 7.416431909920764 5.206563514091742
3.5885750284945925 7.472393412121656 5.16681935012326
3.5885750284945925 7.472393412121656 4.672459203479588
3.5885750284945925 7.472393412121656 4.396525426644458
3.4870515922118526 5.61511756440364 3.995578953012194
2.116527114447273 4.264794978235994 3.2922092391616684
2.116527114447273 5.669860427977728 4.765727292330039
2.116527114447273 5.856901723974403 5.090330046637892
2.116527114447273 7.067261956574715 5.143828426283198
2.116527114447273 6.701963665050592 4.771594120196513
2.116527114447273 7.554147980307693 4.330187322448778
2.116527114447273 7.554147980307693 4.644305534001646
