3.039284545323636 6.281706413575634 6.077760731638674
3.039284545323636 7.75440562961292 5.886471271553569
3.039284545323636 7.75440562961292 6.296854636280632
3.039284545323636 6.627803476099064 5.015375135112745
3.039284545323636 7.758486200162492 5.4028307652685985
3.039284545323636 7.758486200162492 4.321419905005688
3.039284545323636 7.758486200162492 4.6778628498617
3.039284545323636 6.028516606973135 5.204564080116432
3.039284545323636 7.614524049319595 6.0827348155171475
5.821966224293693 6.831474265168236 4.852936240607874
5.821966224293693 6.280444803289768 4.867752472175084
6.831474265168236 6.259541295470374 5.520524240942409
4.224645413863801 7.563707216498031 5.790437329918712
4.224645413863801 6.831474265168236 5.603947637259048
4.224645413863801 9.604261500585483 6.8574930189556325
4.224645413863801 9.179339973394356 6.20446456940466
2.891931594615358 8.970557071367164 5.410858690269176
2.891931594615358 8.970557071367164 5.349704782498107
3.156796865569295 6.936212529470016 6.0076599370441
3.156796865569295 6.936212529470016 5.588336941221779
3.156796865569295 6.410796917021482 5.709768427520792
3.156796865569295 7.630181427845086 6.650139008188764
3.156796865569295 7.630181427845086 5.425737788083091
3.156796865569295 7.630181427845086 5.690122904134876
3.156796865569295 7.630181427845086 5.899369348594951
3.156796865569295 7.630181427845086 6.232468934132929
3.369286820050825 7.171325369020476 5.411742931582954
3.369286820050825 8.68048446850758 6.003506569121351
3.369286820050825 8.68048446850758 5.216907855527817
3.369286820050825 8.552507651705259 3.9670861330804494
6.1783430271925575 8.552507651705259 4.259859717213049
4.617238379087375 6.157149407617183 3.703488686785225
5.420381430001335 6.157149407617183 4.2285336039204875
6.1783430271925575 6.096304069304274 5.0466895873214686
6.1783430271925575 6.096304069304274 5.704969865956297
6.1783430271925575 6.055202379063427 5.013091379944943
6.1783430271925575 7.934451596565141 5.446628177064861
6.1783430271925575 7.934451596565141 6.548165763779236
4.011143820902166 7.869791276993288 5.556742936785033
4.011143820902166 6.86056290653174 5.512629657730513
4.011143820902166 5.3931540584739786 4.566722032292334
6.234262409215223 6.152369380071903 4.488197776101719
5.9169156371303515 6.234262409215223 3.90589610661841
1.7145109591106054 5.9169156371303515 4.003720939798098
6.105487724072436 5.9169156371303515 2.452786770026008
1.7145109591106054 5.716329844071282 5.050762142327963
6.105487724072436 6.567485870545443 5.366072728134408
6.105487724072436 5.716329844071282 5.148277107068452
6.105487724072436 6.038017275104341 4.429284179828049
3.1448040087299813 6.504697343221498 5.442516507602662
3.1448040087299813 7.827720819720735 5.8600795625042315
3.1448040087299813 7.827720819720735 5.2711736514893675
3.1448040087299813 5.763331863350945 5.077359624657261
5.021113649574875 7.632923621767651 3.875149508797281
3.11520646931038 5.021113649574875 3.8608860237284492
2.940919009740121 5.8666389912138115 5.121401181337381
2.940919009740121 5.8666389912138115 5.118702778977539
2.940919009740121 5.8666389912138115 4.705863764458373
2.940919009740121 5.918175685568521 4.483563315684373
2.6725841953952245 5.918175685568521 3.8404914829793664
5.497826475081471 7.747400323004136 4.7635405214866875
5.497826475081471 7.747400323004136 5.150560355648849
5.497826475081471 6.350250457934159 4.499423771277422
5.497826475081471 4.600692843300731 3.8652499427553346
2.082126464251353 5.2087221047727255 3.557242465645738
2.082126464251353 5.497826475081471 3.2324069018147736
5.186065961391165 6.414921092195559 2.7678207566385544
3.1071663668113314 5.931537283005788 3.8542442568515662
2.7612747616605557 8.161628080292942 5.077325549835394
5.818938522002572 5.873329378176827 2.922857524812656
5.651858851153634 5.818938522002572 4.329034796205536
5.651858851153634 6.478167325926304 2.642346635337751
5.128193643166679 5.818938522002572 3.8838440472115994
5.128193643166679 3.212752257511785 1.156477657039517
5.671978345418253 6.544455876235162 2.782399725093774
5.6730663227233045 5.128193643166679 2.691713804071468
3.1781049687208633 5.6730663227233045 3.692174837334308
3.1781049687208633 5.671978345418253 1.361119381314682
3.1781049687208633 5.488937441326254 2.4714406844051138
6.568361797555571 5.647488892114957 3.336321358583773
3.1781049687208633 6.568361797555571 5.305685322318791
3.5470327466571097 6.831738835918843 5.566743131422642
3.5470327466571097 7.002443983794249 4.376668247211305
3.5470327466571097 7.104294537888061 3.4866101413055874
3.5470327466571097 5.6419708104848105 4.115083300989611
3.5470327466571097 6.029499124637859 5.099784270676514
3.5470327466571097 6.029499124637859 4.454196157310157
3.5470327466571097 6.029499124637859 4.519702841866186
6.661845375736203 3.081852529429821 4.789021296064931
6.075330717521773 6.661845375736203 4.201406040078144
3.0765557548134805 6.661845375736203 4.574489830137205
3.0765557548134805 6.075330717521773 3.966412675274109
4.099050441580626 6.6484559486696675 4.302698436560201
4.099050441580626 8.617933887293688 6.148284978215068
3.9646423754145386 8.617933887293688 6.63366532478064
3.4642694966368492 8.594107974520506 5.09555459212083
5.009260257787691 5.862104296009136 3.815218026485498
5.220983090434409 5.862104296009136 4.16366040666286
5.220983090434409 5.009260257787691 3.8595688876825944
3.532833225018344 5.220983090434409 4.0363862325181925
