5.225648193000662 7.714179808963934 5.181634837610867
5.225648193000662 6.398971792161515 4.984176818633451
5.225648193000662 8.7241278634374 5.90311253955319
5.225648193000662 9.964371905921139 6.8495565081626815
5.225648193000662 9.964371905921139 5.390245635041581
5.225648193000662 7.199690629707609 4.332933497526169
5.225648193000662 7.199690629707609 4.889233412724743
5.225648193000662 5.93857119255534 5.066582805572224
5.225648193000662 7.3700474787579395 6.035378130915437
5.225648193000662 7.702658296295894 6.8464322243885505
5.225648193000662 7.764882078035814 5.784837466852151
4.705880664478457 7.764882078035814 5.569878707594206
4.04413371663609 7.698912982236735 5.699453044274867
4.04413371663609 7.698912982236735 5.177002690010793
4.04413371663609 5.883866028904009 4.825547551783283
3.311721015645752 5.826721783156689 4.174656261444004
3.311721015645752 4.602672836326526 4.140610883796624
3.311721015645752 6.113963336561419 4.90745393877876
3.311721015645752 6.592764125616913 5.576160799207817
3.311721015645752 7.35595134839361 5.6285529472054145
3.311721015645752 9.769580890153316 5.973209585045865
3.311721015645752 9.769580890153316 5.628862811152109
3.311721015645752 9.769580890153316 6.155707543100565
3.311721015645752 8.562963077261578 5.417714352307921
3.311721015645752 6.186300686935656 4.499784890854335
3.311721015645752 6.5743109293071385 5.172267935379578
3.311721015645752 6.5743109293071385 4.609222394793921
3.311721015645752 5.241043524250518 4.106805504225554
3.311721015645752 5.696273677382074 5.0043539127818235
3.311721015645752 10.199212122305196 7.174615654999187
3.311721015645752 9.190839486819653 6.281585916000263
3.311721015645752 6.406391677626939 4.762040982551076
4.5580464219856225 6.152644465098152 4.831656608238721
4.5580464219856225 8.240232590051844 5.504864909175126
4.5580464219856225 8.812417289029142 6.150932064434088
4.5580464219856225 8.812417289029142 5.507536192712156
2.0697100927676684 6.14987448813055 3.4295549311080196
4.5580464219856225 6.046845485861812 3.6647612281726043
2.0697100927676684 4.600183756373898 3.7285153368753887
2.0697100927676684 4.724880644839942 4.08723740272329
2.0697100927676684 6.664697103229191 5.592985391038884
2.0697100927676684 6.664697103229191 4.654943398642981
2.0697100927676684 6.664697103229191 3.990618754995908
2.0697100927676684 4.90502794256977 4.2497931665939355
2.0697100927676684 7.733196493219268 5.748431525419822
2.0697100927676684 7.733196493219268 6.30514321480973
2.0697100927676684 9.189815206073929 7.194064101030916
2.0697100927676684 9.189815206073929 5.1539133874004275
2.0697100927676684 6.634827221551813 0.34021040489416055
2.0697100927676684 5.654538401077172 2.1854934314047045
5.352458934693367 3.106580613013883 1.0287741724200201
0.08842573222785477 4.026817424043369 1.1630579871028635
4.969317287856558 5.352458934693367 0.2908885477072974
2.786087468996414 4.969317287856558 2.7299864077825835
5.6602401739111805 4.91068290489283 2.2898849327838513
5.670437548535826 5.6683513331386735 3.990864923203493
2.5935030958712493 5.670437548535826 2.7577874823648045
2.5935030958712493 5.687039679330784 2.0390601096294123
2.93595222885811 5.526550126754877 3.6483706355229284
2.93595222885811 5.526550126754877 3.036751963739557
2.5935030958712493 5.675732078900136 4.1435935978013685
2.5935030958712493 5.675732078900136 3.1904648330161676
2.5935030958712493 5.675732078900136 3.997737781063031
2.5935030958712493 6.504182878530738 4.999829621223016
2.5935030958712493 6.504182878530738 4.960037641136223
2.5935030958712493 5.5733307760163875 4.39173648170713
2.5935030958712493 4.9514190962458 5.015392123755438
2.5935030958712493 6.2332873277124285 4.49805598405623
2.5935030958712493 6.638686327554083 5.13891145449655
2.5935030958712493 6.638686327554083 4.095671603403701
2.5935030958712493 4.549567229697988 3.9889034370737884
2.5935030958712493 5.790761046582414 4.328658643354087
2.5935030958712493 5.142690596024693 5.3582205403622805
2.5935030958712493 6.776315062295087 5.513200611917659
2.5935030958712493 4.533057167390268 5.0501640308786415
2.5935030958712493 6.491634138569982 4.181970054032379
2.5935030958712493 5.146041847709476 3.040707710945541
3.670210856967135 4.533057167390268 2.059002450891065
2.6932029334287404 5.567388862198204 4.609859843952509
2.6932029334287404 6.632248323526738 5.174798252388144
1.047070999108549 9.130695434178786 5.133275652542137
4.2349765051346395 5.655673615438701 3.199732979994505
4.2349765051346395 5.655673615438701 3.256307070215869
4.2349765051346395 5.294213227217366 2.58500571751783
4.2349765051346395 5.920065483021315 2.538588632257332
1.2029470849760249 7.3423905645952345 5.695015781524332
1.2029470849760249 7.78176344329346 6.446635795583495
1.2029470849760249 7.581004131921658 5.373923256132172
1.2029470849760249 7.581004131921658 4.661056751988236
1.2029470849760249 6.802973592200715 5.131005770655865
1.2029470849760249 4.565637663841635 1.5439900539976072
5.549513297397404 3.5611144628119615 2.536302328132829
5.549513297397404 6.766305149956775 4.709251321482196
5.549513297397404 5.945632663487409 4.411596973933916
5.0513211575683705 5.834751883299816 3.228955080469647
5.3084887799283855 6.5423982424876925 5.043177864813197
5.3084887799283855 7.882393978571036 4.408454207483201
2.820834874331443 6.5423982424876925 4.02426681880409
2.6183590317104337 6.5423982424876925 4.883870931709497
2.6183590317104337 9.935947557838022 7.688952676949352
