4.77362160809853 7.6106866598296 5.287857461864076
4.77362160809853 6.262785096704839 4.298347047154097
4.77362160809853 5.705440400157002 3.726111152273686
6.11835657085183 6.358129352244692 3.6735606515623775
2.754854533834433 6.358129352244692 2.8340956940601916
6.11835657085183 6.278429571195307 5.107626939029601
6.11835657085183 6.021250522665458 5.0874354735912455
6.11835657085183 5.1695390804761665 4.366186194310253
6.11835657085183 5.6194353529265335 4.3967055453396116
6.11835657085183 4.451794188332464 4.167270282226242
6.11835657085183 5.992559891980697 5.402067033262383
6.11835657085183 5.992559891980697 5.108730476979612
6.11835657085183 7.158306931207939 5.384770217217843
6.11835657085183 7.158306931207939 5.764817662808662
4.508018116554904 6.579723786738111 5.941507035435091
4.508018116554904 7.212632246271458 5.980519979028491
4.508018116554904 6.575204657764463 6.1724338632297195
4.237019147704739 6.847399188982481 5.561970951903218
4.237019147704739 6.575204657764463 5.428315346670905
4.237019147704739 7.696890119492927 6.579702555306654
2.9632264819360867 10.434482052852571 7.797679872242303
2.9632264819360867 10.434482052852571 6.416640864995021
2.9632264819360867 10.434482052852571 7.033181659405374
2.9632264819360867 8.807113665826023 6.923550358078203
2.9632264819360867 8.807113665826023 6.34968880809633
4.947719473027142 7.723941849128824 5.5462822918398205
2.8404846722753523 7.243939050901689 3.966169806118855
7.148140281788272 5.806725298660684 3.912468273709464
6.1481369510072135 7.148140281788272 4.467549220716559
6.1481369510072135 7.148140281788272 4.734644278587931
3.892095590186305 6.1481369510072135 5.169941137745018
3.892095590186305 7.199139267773589 6.370349831721048
5.207426120739257 7.199139267773589 5.251757778244794
5.207426120739257 6.5811541508088 5.964941915460306
4.490427649672803 6.5811541508088 5.451379589087124
2.5396797586221997 6.5811541508088 4.89961474714634
4.490427649672803 7.633224069951552 6.021722889475329
4.490427649672803 9.25353181740665 6.485731757733951
4.490427649672803 7.633224069951552 4.025991858705779
3.0905348188248394 6.35283313193624 4.097490499928854
3.0905348188248394 5.66716476942657 3.389987763667579
3.139656947655333 5.66716476942657 2.8375354813374662
3.139656947655333 5.936324743415707 4.2645332952525985
3.8672496895965094 5.936324743415707 3.4313015202375734
3.8672496895965094 7.081622848571644 4.888847231581595
5.0756902035127816 9.07194765511672 6.011610675555934
3.7407024891585334 5.878302365498893 4.697145974964088
3.7407024891585334 7.694139936006955 5.408493748403016
6.036198965513076 7.694139936006955 3.3353511905923523
1.8805787174957662 3.3071194214835775 2.815265354518312
6.036198965513076 3.3071194214835775 2.832928489777144
6.036198965513076 4.426416567109939 3.449421028627177
6.036198965513076 6.654895450105187 3.864469508606731
6.036198965513076 9.053810458749753 5.631942574769902
5.3925062185524375 9.053810458749753 4.348782389550406
3.0411372113451347 6.247761269968475 4.059566621783546
5.3925062185524375 6.471328685421991 5.210875083387203
5.3925062185524375 6.654341615383512 4.454522581622512
5.3925062185524375 7.521112634904664 5.222865903660191
5.3925062185524375 7.521112634904664 4.338233453051917
5.3925062185524375 5.4958377720333935 4.471387377521191
5.3925062185524375 8.445539206055775 5.748079141347828
5.3925062185524375 8.445539206055775 5.35693620250137
5.3925062185524375 6.439475758309214 5.07326751589105
5.3925062185524375 6.275459638806385 5.517465263527848
5.3925062185524375 6.275459638806385 4.689160525641491
5.3925062185524375 7.368423727857094 5.755448567034918
5.3925062185524375 7.6134242018904015 6.362440022583755
5.3925062185524375 7.6134242018904015 5.290972694656744
3.479544846473193 7.6134242018904015 6.14705951720302
2.5873824817362387 8.660722982768233 5.514027995131114
4.937837394929211 10.615793871759857 5.618932897303864
4.937837394929211 8.660722982768233 4.79320465465818
3.881882510743069 6.429772347344731 4.84350333677502
3.881882510743069 6.429772347344731 4.275062501226321
3.881882510743069 4.309496357338961 3.680765392854615
3.312144863130268 6.6521084560224715 4.943417358867066
3.312144863130268 6.6521084560224715 4.748298841626674
3.312144863130268 6.054543987153529 5.015882948096029
3.066542815552762 6.054543987153529 4.218336898967284
2.812250600031487 6.447513134461548 2.810442453244261
3.7151606792210328 5.7537183712038065 3.1575825353716542
3.4648767530385425 5.7537183712038065 2.5797636193795963
3.2117973212669964 5.7537183712038065 3.7230275513393534
3.2117973212669964 7.705893605914715 4.795575742417824
3.2117973212669964 7.666186051360874 5.025578958266021
3.2117973212669964 7.666186051360874 4.149203594466285
3.2117973212669964 4.328530561081653 3.760467921592313
3.2117973212669964 6.156772354684566 4.68174944255265
3.2117973212669964 6.156772354684566 4.278233287180741
3.2117973212669964 6.156772354684566 4.23449873463126
3.2117973212669964 5.931100315943947 5.254370398786289
3.2117973212669964 7.209606905631283 5.731952789330958
3.2117973212669964 7.8127057318094 5.633315442696136
5.741603176588534 7.209606905631283 3.456464742568274
4.458040577915327 7.209606905631283 3.704610207913459
5.672084160439137 5.741603176588534 3.46896249266472
3.542635282436891 5.676512501843192 4.950830954690351
3.542635282436891 7.7231475513717385 5.354005135400628
2.758781992470244 5.672084160439137 3.7718674435007533
