2.964629502253054 7.109363592180966 5.033738215843282
2.964629502253054 7.109363592180966 4.327963421333381
2.964629502253054 7.365289902782472 5.106985987083605
2.964629502253054 7.7191599459687446 5.171588667555886
2.964629502253054 7.7191599459687446 5.085059935003613
2.8983266487252846 7.588331676392073 5.223674404114376
4.675670499391703 7.588331676392073 6.635064321516117
2.8983266487252846 6.8156734950219935 6.1073272546009045
4.675670499391703 6.8156734950219935 5.734254489197009
4.675670499391703 6.952787505549226 6.174273129025821
4.675670499391703 6.867387544206357 6.230494529136374
4.675670499391703 7.475174109975647 6.178244678007829
4.675670499391703 7.475174109975647 5.56666419455957
4.675670499391703 7.732705106022253 6.100650530681242
4.675670499391703 7.732705106022253 6.138185876472937
4.245889302666832 7.732705106022253 5.492432059611875
4.245889302666832 7.560610564978683 5.33422163623386
3.244620497428198 7.560610564978683 3.8713359247296606
5.217340559103977 5.96792019614875 4.427385341628887
4.943602082977765 5.217340559103977 3.5845081321287946
3.147525715929483 5.405829899684647 4.087366469043047
6.065736133611715 5.405829899684647 3.7076981555616135
6.065736133611715 6.5828430993551805 4.871580896039283
6.065736133611715 6.5828430993551805 4.568208768338254
1.3555983134910226 6.5828430993551805 3.8326046594780605
3.2686220209793686 6.065736133611715 3.5679433794133595
3.2686220209793686 6.463112719903698 3.981424420082846
3.2686220209793686 7.696302856048458 5.100740317335043
3.2686220209793686 7.696302856048458 3.4138519696013683
3.2686220209793686 4.286181861230535 3.0300716664811884
3.2686220209793686 5.103593848427003 4.174987859255993
3.2686220209793686 6.148774944818946 4.405919786258632
3.2686220209793686 6.148774944818946 3.718649668946234
3.003736516331174 6.428310315496599 4.097601464997028
3.003736516331174 5.65035825977597 3.902013618802507
3.003736516331174 6.057367835501253 5.189302867316183
3.003736516331174 5.853926843255188 4.888623362112795
2.901296694217486 5.853926843255188 4.000484882572019
5.778567411869883 5.719538932329048 4.216820982606814
3.7511749848321867 5.778567411869883 4.08318572056214
3.7511749848321867 4.407660254447833 4.110146668904832
5.569628555435752 5.557767714566928 4.39078033213941
6.2808821442691105 5.569628555435752 3.9711585163037886
5.989869330994058 6.2808821442691105 4.880343998477944
2.2285747261904025 6.183706162406313 4.0557631404917815
4.539499972828374 7.656496533309575 5.152140656825801
2.2285747261904025 7.656496533309575 5.344972964098449
4.539499972828374 7.656496533309575 5.248893724397882
4.539499972828374 6.024647845489092 4.998849174548898
4.539499972828374 6.5519799605909945 6.191415458453357
5.558470608596064 7.629072172450591 4.877424808093815
3.137736839862431 5.558470608596064 4.47079202688637
4.539052543513648 6.462262537340017 4.681034873916537
4.1267152853169335 6.462262537340017 4.365239642036936
5.6536608401332735 4.539052543513648 4.096311338794177
2.2924988459871867 5.6536608401332735 3.2032423776107857
2.2924988459871867 7.225242195170603 3.906561951351393
6.223457292492867 6.056508744934344 2.879748436111841
6.312051029374253 7.6001030697544785 5.239088131644606
6.312051029374253 7.644742915888962 5.077066623626032
6.312051029374253 7.6001030697544785 4.444643502332441
4.862682804297137 5.963574108969681 3.0493200791038553
4.862682804297137 7.710682790170058 3.8247897701216687
4.862682804297137 7.710682790170058 4.684498649836832
4.862682804297137 7.710682790170058 5.768763540161378
4.740810786252116 10.154463180458729 5.736032885261469
3.181399643663632 10.154463180458729 5.552418857566115
4.475222828247446 7.202937133663152 3.4722617683722765
6.668012168016254 5.7311755947600815 4.630640658492333
6.668012168016254 5.7311755947600815 4.35268517223605
6.668012168016254 4.9424777581311155 4.474858439455981
6.668012168016254 6.322493307122443 4.824799944782692
6.668012168016254 6.834526046088836 5.302110174811456
6.668012168016254 4.9424777581311155 4.436321743652968
6.668012168016254 7.775377806647491 5.7420678842342365
3.384514854272258 7.199882525149386 4.445596182309922
3.484984495572704 6.231673870552406 4.5429694907477725
3.484984495572704 6.668012168016254 5.237784306896322
6.637918186396995 6.668012168016254 4.775384127146577
6.637918186396995 6.3359367495652705 5.441127951379095
6.637918186396995 6.606049866004412 5.723720196775783
6.637918186396995 7.652386945237437 5.482225900366022
6.637918186396995 7.652386945237437 5.720846050908987
3.137020111573641 7.640701533542037 5.627681354478767
3.137020111573641 10.246259329016551 7.709289516523948
2.6483749855867917 10.246259329016551 3.6625664564628737
2.6483749855867917 4.302623469650502 3.117954599875414
2.610132538088721 5.215815685146861 3.8587225950816832
2.610132538088721 6.368367142857991 4.791795210355049
2.610132538088721 6.368367142857991 4.964142765991901
2.610132538088721 7.340633871840048 5.200448772278015
2.610132538088721 7.340633871840048 4.718346383428782
2.610132538088721 10.729273010792241 6.1640249833634195
2.610132538088721 6.663457910669738 5.355137343436085
2.610132538088721 6.361257258451719 4.995618096744271
2.610132538088721 5.836560366197862 4.095563984330663
2.610132538088721 6.074141636298382 4.791718205139137
2.610132538088721 6.1948845728135 5.217069293685608
2.610132538088721 6.074141636298382 4.225388060085
2.610132538088721 6.074141636298382 4.114393019724873
