3.580882694331312 7.694250557615664 5.707113544863181
3.580882694331312 7.387527251015014 5.074968370654683
5.334308317225851 6.614727820106221 4.825209424774505
5.6312176146280635 6.546687627547961 4.475864681055051
3.580882694331312 7.697183990002253 6.865006848127066
5.6289557079271475 7.697183990002253 4.834795950885374
5.7966465402152565 5.6289557079271475 4.528912471888642
5.7966465402152565 6.662165122564552 5.083422637419725
5.7966465402152565 6.662165122564552 3.918293695564942
2.5231013529584385 3.8796620705038802 3.2597622151509906
2.5231013529584385 7.632452325720296 5.74796413010045
5.65390249023525 7.632452325720296 3.3411516349347496
6.183451316901607 9.416895957403954 5.884291108067957
6.183451316901607 5.84827054633897 4.400002885509154
6.428878781449534 5.788113583682726 4.8344971683906115
4.80943860153678 10.203117518192515 6.851326334562531
4.165563239866099 10.203117518192515 5.307973251957151
3.983126867124174 6.555444124094894 5.1447386529795365
3.983126867124174 6.644548561331764 5.773504379536221
3.983126867124174 7.691836075333445 6.335373941115057
3.983126867124174 7.691836075333445 6.239948156721307
3.983126867124174 7.691836075333445 6.744574490457751
3.983126867124174 7.691836075333445 5.868698371367952
3.983126867124174 7.691836075333445 5.240906456702843
3.983126867124174 6.644548561331764 5.202877041628763
3.983126867124174 6.0643633370482455 5.133524580256363
3.7941891180916447 7.445299946307461 5.320034903847788
3.7941891180916447 7.445299946307461 4.591335916252617
3.7941891180916447 6.168710477913734 4.078003454084318
5.062533683486251 5.687941122127711 4.656188872428573
5.062533683486251 6.411064147534599 5.340448024996871
5.062533683486251 6.411064147534599 5.552507093180112
3.157437208368109 6.4243612753173345 4.562335117548321
3.179593291629875 6.384478662735724 4.914237659909989
3.179593291629875 6.294875166592465 4.771691649130495
3.179593291629875 6.4243612753173345 4.94739595155826
3.179593291629875 10.252494301594929 6.757455419495434
3.179593291629875 10.252494301594929 6.0996616118605305
3.179593291629875 7.460646690863147 5.6238200893313
3.0388816956463782 7.460646690863147 3.7394183039383218
3.0388816956463782 4.558597106455526 5.101289922286821
3.0388816956463782 5.596626554802821 3.852226207235909
3.0388816956463782 4.558597106455526 3.7307415424383685
2.699228674940365 4.915825286181352 3.769498754702516
6.322758082977266 7.414869010615385 4.357764251430674
6.322758082977266 7.414869010615385 3.980461082528303
5.556165455957061 7.414869010615385 4.6151658619826375
3.094033465613997 6.32699220625209 4.581895583090192
3.094033465613997 6.32699220625209 4.996029753375747
3.094033465613997 6.269631682105235 4.202810488812836
3.094033465613997 6.304655112469661 4.619889112576528
3.094033465613997 6.304655112469661 3.9042437420386267
3.7995242231156365 4.5517259871820706 3.3531879948673304
3.1158199291731354 4.5517259871820706 3.1107186676696843
3.6221838942424935 6.142481564611778 3.5418291350515334
5.39960856578373 6.628460911091594 4.0679827434664855
5.39960856578373 6.628460911091594 4.698493358412531
5.39960856578373 6.65316100518751 4.492288953934642
5.39960856578373 6.65316100518751 4.170303022010549
5.39960856578373 7.155292542274298 4.728209468222111
5.39960856578373 6.531590581411486 5.209605927496464
5.39960856578373 6.531590581411486 3.0452378345936393
5.39960856578373 5.115693508542559 3.0698901881299703
5.39960856578373 6.13998670998766 4.62425024203918
5.39960856578373 6.13998670998766 4.172288911294144
5.39960856578373 5.115693508542559 3.6819411949540064
5.39960856578373 4.727572302012266 4.001762881853442
3.923386441236318 5.39960856578373 4.542195150305973
4.485880952580249 5.786115191732485 4.510836736645351
4.4556033927312555 7.181083124343033 3.832147286346227
6.438772802094487 4.058270485512271 4.500908676675692
3.4038182293238823 4.058270485512271 5.704136463702345
3.381459326274286 9.171576755278291 5.761496692740072
3.304629632069798 5.635185052935899 4.078962343131118
3.295413202108574 5.70505432665394 4.924582734644646
4.309343718059338 6.845297835931875 5.246058439434751
3.913838438010352 6.845297835931875 4.492945808086326
3.913838438010352 7.581192670446798 5.354166887736513
4.309343718059338 6.845297835931875 5.767834923699137
4.309343718059338 7.781952271812683 5.478312173071389
5.525368668598588 7.781952271812683 4.620046199503862
5.525368668598588 7.781952271812683 5.893655216523219
3.8802054671275674 7.421557197668081 5.27376305997094
4.396693998291337 7.034052683197135 4.3206697261755815
4.506144967295242 7.034052683197135 4.99855946814406
5.525368668598588 6.623755070113017 5.193498852824062
4.396693998291337 7.707209051831656 5.787966191729925
4.396693998291337 7.707209051831656 4.62794993606315
3.7683796618403176 6.637406922453579 4.966448012620334
3.7683796618403176 6.701841489048519 5.340383243426638
3.7683796618403176 6.7283148584243655 5.429506887579596
3.7683796618403176 6.7283148584243655 6.0311843767766256
5.487687914114105 6.7283148584243655 4.337524672722604
5.487687914114105 5.389347561517287 3.571269206256701
3.7683796618403176 4.4476318926742415 3.598217926111354
6.014264327281154 5.487687914114105 4.101373389019876
6.014264327281154 7.5040385374337415 5.41370622420535
2.948880755520815 6.201669712658063 4.345081373322268
2.948880755520815 6.344577449873562 4.446141882900525
2.948880755520815 6.344577449873562 4.33593523774575
