2.895980722501275 7.6945697873469445 5.56933903959158
2.895980722501275 6.397703856035523 5.40210006237262
2.895980722501275 5.699310997287057 4.6181693154478465
2.895980722501275 5.699310997287057 4.08512239568355
2.895980722501275 5.699310997287057 3.7209754259348973
2.895980722501275 5.699310997287057 4.179975657836271
2.895980722501275 6.560407200503263 4.450257086066933
3.0367629952260917 6.560407200503263 3.984022449133784
3.0367629952260917 4.0828967294203835 2.928317871754679
3.0367629952260917 6.318512263508911 3.746260462664291
3.0367629952260917 6.318512263508911 3.63367726005822
6.378099036130017 6.416126112569405 4.387133358718663
6.378099036130017 6.416126112569405 5.059922144822656
2.977429795495628 6.378099036130017 4.825508847051443
2.977429795495628 7.2561844050582405 5.051267354124382
2.977429795495628 7.2561844050582405 4.401508463772661
2.977429795495628 6.111331957285191 3.5591679586859564
2.977429795495628 4.471034124562582 4.140219349771575
2.977429795495628 6.681818173514294 4.73576541837282
2.977429795495628 6.681818173514294 4.097099094973805
2.977429795495628 4.5633747825956625 4.185695200806082
2.977429795495628 6.235085139563672 4.243221707059881
2.977429795495628 6.235085139563672 3.897999958051501
2.977429795495628 5.750018211089905 4.509342735715889
2.977429795495628 8.332936309729137 6.609165424969759
2.977429795495628 8.550189200274563 6.242475767969021
2.6328554446939347 8.550189200274563 4.838679955317355
2.6328554446939347 9.68653966354469 7.164936065615811
2.6328554446939347 9.68653966354469 5.207751183602529
2.6328554446939347 6.246779439801774 4.911284730243874
2.6328554446939347 6.246779439801774 4.1891259669250065
2.6328554446939347 4.521671154344158 3.9213595917991024
2.6328554446939347 5.783962882713627 4.187380092174655
2.6328554446939347 5.262163236099241 4.374486777955659
2.6328554446939347 5.262163236099241 4.688378952542795
2.6328554446939347 5.697622870959453 4.482583433332841
3.4978819840239166 6.157373890331918 4.115162036895105
2.6246303741554944 6.157373890331918 3.239164931618589
2.925235456178641 4.952088701621175 4.0690950593065685
2.925235456178641 6.285120109718861 4.438378627878768
2.925235456178641 8.861321158703777 5.904122165649148
5.156182757509956 7.9201515092215775 3.7604960911130894
2.925235456178641 7.9201515092215775 4.214178632437123
3.416209506434122 5.156182757509956 2.9196785582062836
2.9987112239742335 5.091890965060049 2.781313987113902
3.0361885552439856 3.416209506434122 2.362092518789239
2.9987112239742335 5.731502940518528 4.380342557305423
2.9987112239742335 7.283267713372187 4.535774345284395
2.9987112239742335 5.890455234932272 3.6471631512477884
2.9987112239742335 5.778992171554471 4.448740539845359
2.9987112239742335 6.608887214755541 4.630483733702722
2.9987112239742335 6.3253623931414715 5.163995907831827
2.9987112239742335 7.506990714676691 5.783361442296611
2.9987112239742335 7.506990714676691 5.489351405771473
2.9987112239742335 7.447425928000586 5.606347431121326
2.9987112239742335 6.857765662402395 4.654436337704261
2.9987112239742335 6.857765662402395 4.993287210262955
2.9987112239742335 7.245675066050515 3.9912527911713847
2.9987112239742335 6.324588128321533 4.732850946553075
2.9987112239742335 6.324588128321533 4.598256492038055
2.9987112239742335 6.398555252644762 5.174263919792543
2.9987112239742335 8.433751611992957 6.141246696221758
3.8994642968226114 8.433751611992957 4.873830550905679
2.2818454356039877 9.38475525299641 6.97148863453782
3.8994642968226114 9.38475525299641 4.434347828247843
3.052541332351517 7.426221306860395 5.710365675937311
3.052541332351517 6.331286668646243 4.861345459990522
3.052541332351517 6.5266142915082845 5.777664000876759
3.052541332351517 7.7821783201879935 6.718012791382889
3.184518037672668 7.7821783201879935 5.078733842759405
3.052541332351517 6.272727401980415 4.01650141648817
2.147032528276086 7.544563278367905 3.6108621802953573
2.147032528276086 6.626741934800918 3.747012094723095
6.126922638188681 7.703175980314237 4.363527080470332
6.364848694838479 7.703175980314237 4.7563687460095805
6.364848694838479 8.039084194045277 5.685926897315027
6.364848694838479 7.719855003103282 5.464373211854268
6.364848694838479 7.719855003103282 4.877817722664006
6.364848694838479 5.872243888047944 5.041828410802988
6.364848694838479 5.872243888047944 4.654701211788104
3.5612481254155495 6.236715095625321 4.450388055426018
6.418149026145436 6.364848694838479 4.453115121403379
3.5612481254155495 6.418149026145436 4.895505908390676
4.716558493589748 7.45336442118959 5.5919104872345375
3.432645092486411 7.4572619460184235 4.9335759444065665
5.541240537949715 7.4572619460184235 5.49460963258337
4.716558493589748 7.4572619460184235 6.468209426053734
4.248927036095957 7.4572619460184235 5.108266224885307
4.570004298603617 7.4572619460184235 4.242435213180987
3.3402729880069377 5.779067109333408 4.538829818503194
1.213229268969656 5.779067109333408 4.357635510612285
3.1853223676316103 4.570004298603617 3.1145299685381005
1.213229268969656 4.570004298603617 3.028134021606957
3.1853223676316103 5.739932834777662 2.9353775933521247
3.0855241198201644 7.660655543960139 4.479175388417456
1.7668052972684163 5.739932834777662 2.0772396012379915
6.161360956109071 3.1853223676316103 1.2775098731952481
6.161360956109071 2.084924186883541 1.4007238182665824
1.4235381022450189 6.161360956109071 5.24977302947659
1.4235381022450189 6.560789081030137 5.481415816886052
