3.0572155354133668 7.633616946054811 5.2623079381589495
3.0572155354133668 6.510965533156892 4.8586682584735765
3.0572155354133668 6.6075231488636454 5.2038489196803805
2.086547372631618 6.6075231488636454 4.522517070226441
0.8553720931895019 6.399727507793351 2.572813868639206
7.5318164048029566 5.491897156360068 2.46988458740592
2.953153753561694 7.5318164048029566 5.006354753044761
2.953153753561694 7.5318164048029566 4.916348945639592
2.953153753561694 7.583364508467504 5.121051569711481
2.953153753561694 5.931513379037721 5.022570401918484
2.69837764721952 6.5490360278786035 4.695317248365222
2.69837764721952 6.384169318476356 4.625142281446591
2.69837764721952 6.576972894161852 4.271340274585091
2.69837764721952 6.603712031067182 4.8734688503481856
3.4470607864321363 7.586206446409566 3.4191826316811236
5.669422027094516 3.4470607864321363 2.6421762302994614
6.389204934508964 4.864205440253041 2.4905049110116857
5.277327575491075 7.741920653646346 6.020010837192564
5.277327575491075 10.917502411417798 7.910727754441824
5.277327575491075 10.917502411417798 7.4225990417959995
5.277327575491075 10.917502411417798 7.1397506988083945
6.333775415591369 8.33511739130683 5.863409988401543
3.283999573844025 8.33511739130683 4.57160558432143
4.458483729343978 8.33511739130683 5.297331620637487
4.458483729343978 9.12470398852826 6.562010725168713
4.458483729343978 10.58153068757118 7.052191620032746
6.599477993422781 10.58153068757118 5.0518038967571135
3.283999573844025 7.994202309774838 5.717258438565766
3.283999573844025 9.181768890404719 6.240638291145265
6.549483530888626 8.11726161394605 4.861951856598734
6.549483530888626 9.181768890404719 6.223040542712903
6.549483530888626 8.581993908695864 7.110100009914358
3.6920523672455237 8.581993908695864 6.210623509987429
3.6920523672455237 5.720598787398124 6.791675955569967
3.6920523672455237 8.25250131052318 7.164288021938437
3.6920523672455237 8.25250131052318 7.020220872154171
3.6920523672455237 8.062647506351153 6.224571437906386
3.6920523672455237 6.313090235897366 5.4878052746733434
3.6920523672455237 6.484436093164643 6.036073465589696
3.6920523672455237 6.484436093164643 5.779839486228348
3.6920523672455237 6.204928582404108 5.356285609337113
3.6920523672455237 6.28570718211596 5.653236977237375
3.6920523672455237 6.113117206061148 5.504878480108317
3.6920523672455237 7.72080883727266 5.648471665567511
3.6920523672455237 7.72080883727266 5.488305950368405
3.029019293069038 8.618637194675461 5.753397703038747
3.029019293069038 8.618637194675461 4.637608501441227
3.029019293069038 6.122298746659229 2.9791131894047873
3.029019293069038 6.122298746659229 4.349941304827491
3.029019293069038 7.710329773864778 5.822165145970656
3.029019293069038 7.769577651365447 6.338968869086795
3.029019293069038 7.710329773864778 5.6475031564299805
3.029019293069038 7.655041060224843 5.911227472835704
4.756560292977067 7.651400476640008 4.910072103384693
2.830669953050173 5.983201829187596 3.6505385364789302
2.830669953050173 7.68375667220803 4.615988891418395
2.830669953050173 7.68375667220803 4.510749074003053
2.830669953050173 10.198012557149475 5.055324072902509
2.830669953050173 6.072871529563386 4.390107472253287
3.300674825631312 6.072871529563386 3.333277429598394
3.300674825631312 4.3623241505695844 3.106246788752855
3.214475093370734 4.549441200080615 3.754444974180569
5.814081239645137 6.450738792175599 4.416018030515721
5.7403198188483024 6.450738792175599 4.506084985466964
3.0423551122837407 6.450738792175599 4.598874375097633
0.9138621467285621 6.003719807910425 5.105824430523763
0.9138621467285621 8.528534207324835 5.957254718782599
0.9138621467285621 7.972831999445184 3.9626162671044147
0.9138621467285621 5.7403198188483024 2.403107180480681
5.75387826361446 3.4194988729752223 1.8554902121404697
5.113969131541076 4.951383390696076 3.3697329736257022
5.113969131541076 6.505199031489681 5.261469556510641
7.194575845432611 6.505199031489681 4.95285448379206
7.194575845432611 7.613097425098314 6.3046089412572615
7.194575845432611 7.613097425098314 6.16167036872495
7.194575845432611 7.608475850017667 5.123072395919029
5.439081499524704 7.194575845432611 5.5431697057031455
5.439081499524704 7.770622561279122 6.449753968174307
5.439081499524704 7.770622561279122 5.648589484477584
5.439081499524704 8.43240411634721 6.923551296715337
5.439081499524704 7.493887882342706 5.719852598572069
5.439081499524704 8.762937417420789 6.723489285944165
3.393457053667483 8.762937417420789 5.709184567514261
3.393457053667483 7.482673447967905 4.912192486856231
2.8991025506747055 5.940828236315635 3.625208309766454
3.131930585768743 5.940828236315635 3.5205367982847346
3.131930585768743 5.940828236315635 3.3596968076927394
3.1890578741673967 5.650462921018974 2.514122874833667
2.898007722494047 3.1890578741673967 3.0208547454064263
2.898007722494047 3.171939225787487 3.075850857564169
2.8870495130267355 3.2463569781079085 3.0323197758487432
2.8870495130267355 3.2463569781079085 3.1234688971531543
4.995530434885858 3.2463569781079085 2.669428087272868
3.1056870946101296 4.995530434885858 3.9678069022834412
3.3431221827160944 5.567929653736616 4.235050656322633
0.5223419730992629 7.363539977685377 4.9481326456795705
0.5223419730992629 7.363539977685377 5.548118706660584
0.5223419730992629 7.317786361422311 4.614429812418653
0.5223419730992629 4.889045943832446 2.9132499852393754
0.053394416620367924 4.889045943832446 1.6978014744647878
