5.218548550180511 7.689981064500774 5.625396076432067
2.8377527009157935 7.554310509119416 4.402042369814994
2.8377527009157935 7.554310509119416 5.1924631023062835
2.8377527009157935 7.554310509119416 5.562008173048709
2.8377527009157935 7.554310509119416 6.504848419737315
2.8377527009157935 9.747626296744173 7.425675557177006
2.66388223919779 9.747626296744173 4.936678441880091
2.66388223919779 9.747626296744173 5.676092198547663
5.503398268931182 6.9747969129840826 4.645117216574077
2.66388223919779 6.307971292162314 4.540070315644364
2.66388223919779 6.357973562418916 4.095603218357839
3.608766394187072 5.692130552420647 3.473588953410266
3.608766394187072 5.503398268931182 4.098879128509054
3.608766394187072 5.623240720958325 4.212819132094813
3.608766394187072 5.623240720958325 3.886823877122244
3.608766394187072 6.145157134196513 5.1261270938984245
3.608766394187072 6.145157134196513 4.276889894322401
3.608766394187072 6.145157134196513 4.446207631438683
3.608766394187072 5.972553715500041 4.561508339544854
3.608766394187072 6.792616635746295 4.865953194396155
3.608766394187072 6.311222672521303 5.075068335971251
3.608766394187072 6.311222672521303 4.394674702628086
6.164596540534205 7.234176833942497 4.919153040820382
3.608766394187072 9.86200538519401 7.210660173918167
4.653034402650935 7.477341693064197 3.079529593512286
4.653034402650935 7.199323764172707 5.424009380292391
1.1269330314474328 7.199323764172707 3.757837078433835
4.742727388284113 4.653034402650935 1.8703229939237096
2.820976140046771 5.501513788568307 3.4308202160328856
5.568791581950276 5.501513788568307 3.652493081730967
2.820976140046771 6.545477849988586 4.884846480670456
6.559575245288801 6.545477849988586 3.8013878060227624
6.559575245288801 7.050210618947601 5.361316294682039
6.559575245288801 7.568463283127983 6.019238032341816
6.559575245288801 9.530036550629534 7.433365523464496
5.698485822901318 9.530036550629534 6.707286918033703
5.698485822901318 11.00615743166762 7.671023069604213
4.507143429599143 6.785144229486324 4.994259158433023
4.507143429599143 6.609612302386498 6.0368389907844024
4.507143429599143 7.6666997421181104 6.151097064579261
4.507143429599143 6.745135376224614 5.039710233164284
4.507143429599143 8.405608311334293 7.17579310290118
4.441967738635473 8.405608311334293 6.292621437296041
4.441967738635473 8.405608311334293 6.455874136543004
4.441967738635473 7.640656663646606 5.971372789641011
6.64135466152678 6.666923103409729 5.314393104434538
4.264813929030346 7.474541931435439 6.020369344157183
4.53409368877508 7.474541931435439 5.168740501121916
4.529016898298593 7.474541931435439 6.022710829989811
4.529016898298593 7.474541931435439 5.917715228348787
4.174791349201055 7.474541931435439 5.140220104395505
4.265881920689225 6.601746398047062 5.5078925756071495
4.590482313059535 6.601746398047062 4.742064934270195
6.421628697583884 6.591018946825777 5.497362835688303
5.627532065284825 6.591018946825777 5.103432915309701
5.316309712774093 6.421628697583884 5.6934329047425605
5.2576787342370075 6.421628697583884 5.803604749885626
4.753778702565004 7.494641670109672 6.40143507755404
4.753778702565004 7.494641670109672 6.026590145290073
6.411797099590331 8.367880701323333 6.520012981673701
5.293123534336317 8.367880701323333 6.31807097400609
4.535544552139701 8.367880701323333 5.005876533334289
4.5354501299783045 8.367880701323333 5.964154825820082
4.5354501299783045 6.3648414837068366 4.967603555130837
4.533542447172863 7.773137244141338 6.172472284375185
4.533542447172863 7.773137244141338 5.979733585589823
4.012582090614476 6.3648414837068366 5.05060637466743
6.0248044621324475 6.1294298920909185 5.393897729344256
6.0248044621324475 6.1294298920909185 5.246257318061338
6.0248044621324475 7.012489871759392 5.360566472186367
3.007153435430475 7.862149106924335 5.074037621591083
3.007153435430475 7.862149106924335 6.607178047669516
3.007153435430475 7.862149106924335 5.633296833098838
3.007153435430475 7.862149106924335 6.120219563983268
3.007153435430475 7.862149106924335 6.104224354425591
3.007153435430475 7.862149106924335 4.591574270513072
3.007153435430475 6.030287755344801 3.4980440105428743
3.007153435430475 6.4609673199839825 4.867576831739568
3.196956841057155 6.4609673199839825 3.440407864039104
3.196956841057155 6.4609673199839825 4.025307552724658
6.226189649604436 6.4609673199839825 3.5831186313342918
3.109766795383678 7.232594414432512 4.852020928361828
2.7399936830919747 7.232594414432512 4.103479517837827
2.7399936830919747 6.53911397105156 4.187167688432263
2.7399936830919747 6.53911397105156 4.774039103579641
2.7399936830919747 6.53911397105156 3.7392281714167335
1.9830213893936386 5.2146085241632605 3.6444403736262325
1.9830213893936386 5.445508868799742 3.875768029438044
1.9830213893936386 6.351060917051754 3.747388569585882
1.9830213893936386 5.445508868799742 3.470572347761172
1.9830213893936386 6.389730205102229 4.505599633802648
1.9830213893936386 5.551344672947614 4.199235775960835
1.9830213893936386 6.614911669736923 5.633020399187737
1.9830213893936386 6.539284542814244 3.3693913352307256
1.9830213893936386 6.042511361990922 4.345299290298566
1.9830213893936386 7.266245760923395 5.66746479782933
0.22342316518306804 7.266245760923395 2.5282838255640665
0.22342316518306804 5.138771830765325 1.7358381392083782
0.22342316518306804 0.22342316518306804 0.22342316518306793
0.22342316518306804 3.2864607112361246 2.705052714248075
