2.5860662195515407 7.770097464905557 5.2640033176478145
2.5860662195515407 7.770097464905557 4.702259165440765
2.5860662195515407 6.588746890531709 4.700453099513897
2.5860662195515407 3.298190050103415 4.64101174138855
5.221777553959711 5.285186433601908 4.221159622448223
5.221777553959711 6.267757993420684 2.806549858034313
6.282387215032518 5.497687835022646 3.9902844389780396
6.282387215032518 3.254895492417916 3.059081643043962
6.282387215032518 6.576882702395977 4.681143062039472
6.282387215032518 6.576882702395977 3.908517157975311
6.282387215032518 6.657408563914764 5.186346064792665
3.0374397179566945 7.701911202825858 6.102318042329718
3.055355056120178 7.705377800838491 4.323594444541717
2.889609608928357 7.705377800838491 2.2517100076343834
5.651121007133877 3.6887378914489273 1.7557144365811956
4.267011563193822 5.651121007133877 4.865628480975274
4.267011563193822 5.618564951321773 2.061708280124958
5.744588548618033 4.267011563193822 2.9134313968766037
5.744588548618033 5.676334967806248 3.093680549833494
3.171549476171361 5.701179161992375 3.241801675031889
2.519112944771099 5.744588548618033 4.129401875609645
2.519112944771099 6.5863692097850794 4.406226033309998
3.60183324021968 6.5863692097850794 3.4223617448673758
2.519112944771099 5.614238893026155 3.849906054361708
2.519112944771099 5.958991767185854 3.902917955909934
2.069867374459211 5.614238893026155 3.505108530483469
3.296652312126952 5.44864941031868 2.648687351402697
3.1179501095132314 4.622981960367955 3.2412886378689367
3.296652312126952 6.192929990296342 4.600055000621906
3.296652312126952 4.639687567772469 3.897651318927408
3.296652312126952 6.637471636500997 3.8169342436727893
3.296652312126952 4.527603525112159 3.316969931659431
3.296652312126952 6.658108408409841 5.823742988127411
3.296652312126952 6.658108408409841 5.29805476627581
3.296652312126952 5.893465566500392 5.340630952261494
3.296652312126952 7.599324789175695 5.118129194556697
1.4504801543176957 8.642448092821386 5.799142949704568
0.5685724315301681 8.642448092821386 2.6202760153890052
5.509300954217821 8.642448092821386 3.160822330844103
5.509300954217821 6.301769704365885 4.898273231676062
5.312440304787096 6.2405846670685925 4.45830710595481
5.312440304787096 7.453920908070408 5.606330229572534
5.312440304787096 7.453920908070408 6.108283392160696
5.312440304787096 10.181000355739968 6.497138540100161
5.312440304787096 11.632990133426386 8.533179569345368
5.399751426903851 11.632990133426386 8.567944933167212
5.312440304787096 10.36182644265218 5.710293177626591
5.266320160740946 7.694887240969235 6.204582834451163
5.266320160740946 7.694887240969235 6.435818951120145
5.266320160740946 6.642524242531447 6.42212152745384
5.266320160740946 9.242028640016319 6.8526772901383755
3.0458358888453074 6.642524242531447 6.1923460243265644
6.149196068305898 7.556791002221498 5.2496760046117155
6.122739748490719 8.447539225818069 6.98263141964849
6.122739748490719 4.77311320412916 6.552825259548272
4.9181324993913655 6.5791413848794065 5.571548328930162
3.563553896664701 7.994710255202795 4.932113625472301
5.749080920587666 7.994710255202795 3.7292434130768792
5.749080920587666 7.994710255202795 4.293007103653308
1.4489167584882172 7.416620056689506 4.230897457607228
1.4489167584882172 6.569600767034316 2.8418467950720236
1.4489167584882172 4.9181324993913655 2.4373052054830158
1.4489167584882172 5.904688198755196 2.5967745847326302
5.860221733918856 1.4489167584882172 1.3368510330200272
1.4489167584882172 5.860221733918856 2.68019262938457
1.4489167584882172 5.860221733918856 2.4072134175046105
3.450517477204919 3.4634689319065157 2.0593802382888393
1.4489167584882172 7.772999284352915 5.108754174613319
3.159102815300962 7.772999284352915 2.9420386389332447
5.650952540596496 6.047683322830242 4.739242317775861
3.159102815300962 5.513962618591691 4.561695913235102
3.507601547661729 5.513962618591691 4.028860579118718
5.650952540596496 7.3809418248255785 5.547177199836634
5.650952540596496 7.3809418248255785 5.266280925090503
5.650952540596496 7.574877793568204 5.567805062241674
5.650952540596496 7.574877793568204 5.9529786390399515
5.650952540596496 7.574877793568204 5.2736638039963
5.650952540596496 7.574877793568204 5.336040431465169
5.650952540596496 7.574877793568204 6.552685274828251
7.133965445934761 6.665101096544138 6.702820887056917
3.5830235304538935 7.137872450757817 5.847953970355982
3.5830235304538935 7.133965445934761 5.7207333991122296
2.4084910478361334 7.245399263599026 4.87809783465111
4.05643456488054 7.276864475457552 4.92022168489749
4.05643456488054 7.245399263599026 5.497190591165721
4.05643456488054 7.245399263599026 6.120987872237009
4.05643456488054 6.321771252618323 5.8200966179355555
4.05643456488054 7.65253103079303 4.758960663637779
3.683587541518595 6.159685237500913 4.435710697506552
3.683587541518595 7.069430090877821 5.275133934636202
3.683587541518595 7.069430090877821 6.183405374540407
3.683587541518595 7.658889791101359 6.175886695996398
3.683587541518595 8.55092871979257 6.224494317391075
3.683587541518595 8.55092871979257 6.4835342046032185
3.683587541518595 8.55092871979257 6.033121104484628
3.6620935947133657 7.311005183793375 5.6852479948417125
3.131351579428998 5.219921361267836 3.9527631644457393
3.466828507985373 5.219921361267836 3.541499371797662
3.466828507985373 4.953030899343684 2.7879903544331537
3.1902820565928356 4.843612050160537 3.635352570695738
