4.592021775689577 7.459814519394978 4.5680028014963945
4.592021775689577 7.459814519394978 2.5756358558828247
7.480036218541111 4.592021775689577 2.4697740680674176
1.276973303192762 7.480036218541111 2.506928859295489
0.15022086307620386 7.480036218541111 1.3604942659834305
2.323264081149898 6.107996486748743 2.2980619761177086
1.276973303192762 4.9231164590892895 1.9874498391868225
5.672520955794457 4.9231164590892895 0.6371501968003955
5.518942649157104 3.265196477723521 1.348288407171326
5.6822913420077334 5.672520955794457 4.576216737017897
3.113798001080998 5.6822913420077334 4.455222117940126
6.6114475707270834 5.6822913420077334 3.6796956329163972
2.990465828202812 4.237898220807612 3.87377715926911
6.6114475707270834 4.237898220807612 3.974035912771021
6.6114475707270834 6.367383518818922 5.314141932574487
6.6114475707270834 6.367383518818922 5.652621146033254
5.897704475354352 6.560018733228283 6.70266720673409
5.897704475354352 9.374993392178851 7.178506703800959
5.578012904633329 9.374993392178851 4.307111840287641
5.578012904633329 10.005235369162794 7.427995572878773
5.578012904633329 9.91657049828365 7.392950119447672
5.572108870573043 9.91657049828365 6.457346748043248
5.246613061393315 8.637204907054793 5.848800050941801
5.266723533745623 6.599209332810407 5.385147583969495
4.617773552520333 6.6672392395459354 5.507448966492806
5.099230167046564 6.6672392395459354 5.148786810474751
5.099230167046564 4.940748419876215 6.079668064197671
2.642697805969594 7.534187302250068 5.225549585643988
2.246907035563709 7.534187302250068 5.09698055030234
2.642697805969594 7.624416650690142 5.8212486135111305
2.246907035563709 7.624416650690142 6.043537880450464
2.246907035563709 10.67286178361771 6.319526037340903
2.246907035563709 10.67286178361771 4.007332913626994
2.246907035563709 10.67286178361771 3.2861326590439286
5.423039066195749 4.454303597272784 2.360427107879482
5.423039066195749 5.9508329175568875 3.4680813247537663
5.423039066195749 5.9508329175568875 3.917489140155551
2.9611042873609468 5.423039066195749 4.4585736011767825
2.9611042873609468 6.013565803420477 4.496295357225073
2.9611042873609468 6.959949296032818 4.266795863902957
2.9611042873609468 5.908179158193008 4.454989764492537
2.9611042873609468 5.908179158193008 4.389776344281772
2.9611042873609468 6.629736139254675 4.704253090440499
2.9611042873609468 6.629736139254675 4.351412227390965
7.6664705659624435 4.805900964312777 3.85590349202843
7.6664705659624435 7.211927494466604 4.887080196862883
7.6664705659624435 6.852684936047767 5.30176033172579
7.6664705659624435 5.621059479814658 3.927300508047142
2.8647381602277844 6.90622427217037 5.009822897478151
1.0992382888664811 7.6664705659624435 4.307984659602312
1.0620759741926844 7.6664705659624435 3.092473105334524
1.0620759741926844 5.207915645951697 2.7426384066792595
1.9615132738762822 6.235099195547971 5.5208712291304165
1.0620759741926844 6.235099195547971 4.1498768761064415
1.0620759741926844 3.1045974749880867 1.1489653308505345
0.44778019490190646 2.247212509076125 1.243355113814474
0.44778019490190646 5.741738514487995 2.3566081297606933
4.5791630334211355 6.73096019635083 2.528120563139092
4.570866613147587 3.475996751922399 1.9948336688496866
5.750558236299831 7.315183138838465 5.218157254645705
3.3975543227239524 7.6499929845542525 6.02880575852274
6.392615716119128 10.419193986024084 6.44864272111395
3.3975543227239524 10.419193986024084 5.600805942799128
3.3975543227239524 6.598817356737495 5.9717349411651774
6.392615716119128 6.509240402690267 5.062739260273281
4.2764793273847665 6.509240402690267 5.153816105868013
4.2764793273847665 8.139714638850359 5.988078437753161
4.2764793273847665 8.453597363003011 6.040134440800746
3.002509081388649 9.818084254447134 6.454759425354751
3.002509081388649 9.818084254447134 4.464384220229902
3.002509081388649 9.818084254447134 4.7509149415158864
3.002509081388649 7.659574795319273 5.361200484287361
2.9599104766037 7.659574795319273 4.221400051896895
4.361465323899175 7.659574795319273 4.20530521740918
4.361465323899175 7.412213676436059 5.304615535796225
4.361465323899175 7.412213676436059 5.867293344014377
3.2500239928600974 7.559411267006141 5.903964777757934
3.2500239928600974 7.559411267006141 5.385007661225912
3.2500239928600974 6.422937174195326 5.277816462758523
3.2500239928600974 6.398437815954548 4.617800495223208
5.863443930404518 6.329296689982808 4.521743046151394
2.5442281628675727 6.329296689982808 4.815268197593577
5.934975315978527 6.329296689982808 3.557886549099176
5.934975315978527 6.649156491443655 3.7329467192438295
5.863443930404518 6.649156491443655 4.8155001929207835
5.863443930404518 5.934975315978527 4.3527086213300645
5.863443930404518 5.665511654678628 4.3293297265558435
5.863443930404518 6.998844804401566 5.639499995754416
5.863443930404518 8.148978777913712 6.400526286866218
5.844521087898393 8.148978777913712 6.088751843269355
3.8517089534172944 8.148978777913712 5.6228315925183825
3.6422012175165475 5.948608143497761 4.440502775314931
5.060528589066294 6.267914380112455 4.490115462957226
2.6206924371239677 7.55011417089657 3.7730021039666815
2.6206924371239677 5.060528589066294 4.051786188522952
2.6206924371239677 6.261162058401716 4.712761011871351
2.6206924371239677 6.031893031662111 4.80634269276324
2.6206924371239677 6.60477743463797 4.971019316903218
2.6206924371239677 6.614025719750639 4.481885518098606
2.5145534784851553 6.60477743463797 3.133207835240501
