5.513838002727834 7.723617472888918 5.3460831332628285
5.513838002727834 5.68372541328025 6.136881425643381
5.513838002727834 7.723617472888918 4.8329792642725256
5.513838002727834 7.456948629257932 4.922502327112382
5.513838002727834 7.025591628640784 5.626797882366763
5.513838002727834 7.025591628640784 6.044062132082837
5.513838002727834 6.8793089618680145 4.223181562447513
5.513838002727834 6.8793089618680145 4.43148605692445
5.513838002727834 6.8793089618680145 4.9089165625881686
5.513838002727834 6.567006570008289 4.553711567869466
5.513838002727834 7.679320897691172 4.594854887572047
5.513838002727834 7.679320897691172 3.6277870172322646
5.513838002727834 5.376438771394916 4.209327532994071
5.513838002727834 6.693459705483789 5.369065069257616
2.7931709335548303 7.721182830034261 4.6048075998682165
5.937421212117851 9.930613230195247 5.112751891023233
1.40612754958384 3.6515921799349305 2.5162937498867635
3.2566387086342385 5.937421212117851 2.974260808861927
1.100152238144322 3.620956669469099 1.5759465288767271
5.434894741657377 6.688996143932428 4.628130456227528
5.434894741657377 6.919838452811703 5.055786826220307
5.434894741657377 6.392445023576222 3.35767309815506
1.9291609171970419 5.909720971786566 4.198317908014975
5.639218847649953 5.909720971786566 2.0480003966016707
2.6958467563986415 5.639218847649953 3.7071746122261016
2.6958467563986415 5.333571229962789 3.5193476816732225
1.9291609171970419 6.7892758524543115 4.129266124449417
1.9291609171970419 6.810385884459723 3.48550325515761
1.4360256285772945 6.810385884459723 4.489917543320241
2.809615686395944 5.821571687936718 3.267282968721476
0.21189019386658758 4.968175967024102 1.2186243167944146
2.580605828950468 0.8091982834301636 0.3651816354748495
5.847726385669713 3.284904222552161 1.934380538025109
5.847726385669713 4.424177321807125 2.9816887985407594
4.360344457089312 5.847726385669713 5.171077580094512
4.360344457089312 7.733219538285711 5.794472138599778
4.360344457089312 7.692839936597256 6.946899660925721
4.360344457089312 7.692839936597256 7.202730640602525
4.360344457089312 7.6810178077173585 6.989371985650035
4.360344457089312 7.656305776074404 6.251907921994766
1.350144216712693 6.446603865955215 3.5645827661922036
1.350144216712693 5.739790168820836 2.4650686321161865
5.432914919608372 5.739790168820836 2.596060287505487
1.350144216712693 6.5987389343777565 3.7874882669629213
1.350144216712693 5.939704166047594 2.425390737908038
1.350144216712693 4.351602902567219 2.9689963120427976
1.350144216712693 6.665789302124924 3.0856605712078666
1.350144216712693 6.665789302124924 2.795443299976116
1.350144216712693 6.665789302124924 2.1281559279889164
1.350144216712693 4.103615795600906 1.9301977707665716
1.350144216712693 5.840059273685306 2.781020990904852
1.350144216712693 5.671617382542966 3.9037576066913946
1.350144216712693 6.040750341875157 3.706613689829536
4.02601722211179 6.034418833595861 3.1091438453881213
4.02601722211179 6.034418833595861 3.472826505440971
4.02601722211179 5.531372247528477 2.019582591712334
4.02601722211179 5.531372247528477 1.3524430153616818
4.02601722211179 2.6856550083059187 1.2774077193362507
6.466987514021632 4.02601722211179 2.4214337047575962
6.466987514021632 5.772047742949308 2.957893248067278
6.466987514021632 5.772047742949308 3.478938632777553
3.0962821928313287 6.466987514021632 3.86236237544163
5.684184256213584 6.466987514021632 4.526693102721259
5.684184256213584 6.283401453987409 4.02177751188637
5.684184256213584 5.3577683498988975 5.018823975901451
5.684184256213584 6.648415224684076 5.184046457737114
6.678541376312179 6.648415224684076 4.84901762836448
5.79503719936557 6.678541376312179 4.609394460386065
6.645460929538295 6.678541376312179 5.527691509701938
6.645460929538295 6.678541376312179 5.561075452765668
3.711754974582146 7.452341708531167 5.604240904322584
6.645460929538295 7.149639315035678 5.15964074971555
5.58824586003329 6.645460929538295 6.188408428949545
4.606089814260496 6.645460929538295 5.706122674917679
5.707510870008463 6.645460929538295 4.953627744610738
5.707510870008463 6.57386908176429 5.470458050524399
4.43407794171679 7.370029389157091 6.110566379369279
2.793201460945174 7.370029389157091 5.5939686263834965
2.793201460945174 7.370029389157091 5.634698688975008
2.793201460945174 6.587930860979895 4.503378623885729
2.793201460945174 6.641288038341749 4.544856748872542
7.384635118671257 6.322780366461149 3.82940247887844
7.384635118671257 7.518699558647368 4.849236716038221
7.384635118671257 6.681956699006687 4.790763062503715
6.614985491362891 8.703697035282277 6.734066789579393
2.6919683472140368 8.703697035282277 5.059109444641
2.6919683472140368 7.664592911140579 3.6769901894459363
1.5085480819098085 5.838630206591382 4.101275672384096
6.410584640647244 5.838630206591382 3.144723331012157
6.410584640647244 8.96141186030614 5.0678581080617
6.410584640647244 10.427362372697724 5.3088153937087705
6.410584640647244 10.427362372697724 4.2804228872419765
5.333811661594385 6.493592955418929 5.783941594697178
3.519158933288161 6.493592955418929 4.93123261613053
3.519158933288161 6.410584640647244 5.505390626047354
3.519158933288161 9.37069114946297 7.526439352120106
3.519158933288161 12.703644383813057 7.47524986801215
3.519158933288161 9.37069114946297 4.439936791652891
2.721089447443774 7.218881122579612 4.4456805788033105
2.721089447443774 8.643398401004262 5.082304929319842
