5.836645658149536 7.616666996014045 5.403617552142828
5.836645658149536 7.550414088909669 4.143730215978772
5.836645658149536 4.3343554015745305 3.008544886624466
5.836645658149536 6.374749515957838 4.517869925361539
5.836645658149536 6.374749515957838 5.364516463104229
5.836645658149536 7.63553160885208 5.839456014784739
5.836645658149536 8.520608717929674 6.730867231335713
5.836645658149536 8.520608717929674 5.829461126534147
5.836645658149536 8.37057089119911 5.8272248164502995
5.836645658149536 6.184156957644152 5.961638210597703
5.836645658149536 6.405639240708766 6.076711643038582
5.836645658149536 7.1998161968443775 6.449170493956145
5.836645658149536 7.1998161968443775 6.25157511430312
5.836645658149536 7.1998161968443775 5.921960751106107
5.836645658149536 7.184115796073856 5.799497624809341
5.836645658149536 8.550013821869008 6.202191098023338
3.2377639876849185 8.550013821869008 5.30258346241671
3.448136066295423 8.550013821869008 5.345347535242593
3.448136066295423 7.980582593864707 3.650631878296199
3.038655999647997 7.980582593864707 4.725577367017241
3.038655999647997 5.732397804277486 4.991744678723813
1.1099051337791015 5.732397804277486 3.8129389555108593
1.1099051337791015 5.196805400864502 1.7109209728808734
1.1099051337791015 4.79616536882979 2.2924536830354323
1.1099051337791015 4.4145022028140914 1.6497929279623715
