4.42446682205081 7.654897483952478 5.293970490980875
4.42446682205081 7.464829072310726 4.317111998953159
4.42446682205081 4.894013017248977 2.1116658391342003
1.018618089375654 6.651083767788904 2.411746878604651
0.8126720296393306 5.617716359834166 1.9942938610352365
0.8126720296393306 6.380459004884077 2.853681886763551
0.8126720296393306 7.48398598156534 4.647477566541252
5.697695520962505 7.263366006774399 4.886102168170632
5.697695520962505 7.263366006774399 3.7953753273199453
3.0242108759079014 6.117618586505291 2.9803537495733514
3.0242108759079014 6.225624060433905 3.703062672318332
0.8126720296393306 6.225624060433905 1.7860831592783961
0.8126720296393306 6.225624060433905 1.7678069759674164
0.8126720296393306 5.460189289920038 2.482550755049951
5.782249546006295 5.460189289920038 2.094039261235061
5.259214775380794 4.9906479132774315 2.3924508100814283
5.259214775380794 5.782249546006295 2.943911486072046
3.476820493495247 5.782249546006295 2.468456207770421
0.8126720296393306 5.259214775380794 2.155550900698663
5.045382767916468 5.203680480307476 2.7073899250586573
0.2621891839132968 5.807406495133577 3.0829573867871
3.2481172342618128 5.807406495133577 0.7058063023123876
3.253612419341611 5.666137462291292 3.3787130119441553
2.7340563046921926 5.666137462291292 2.0783764956710264
0.3130973987306871 5.666137462291292 1.78243642500323
