6.307237627737269 7.768744919256257 5.77759260891598
6.307237627737269 7.755936186736941 5.256675379791952
6.307237627737269 7.87202086116241 5.928658960194246
6.307237627737269 7.87202086116241 3.6164280468374503
6.307237627737269 7.87202086116241 3.2732842958165005
6.307237627737269 6.290139606717684 4.385015463209054
6.307237627737269 6.351389929706325 4.167618167645319
6.307237627737269 6.351389929706325 3.3805971102533436
6.307237627737269 6.6579738622053455 4.150482004086997
6.307237627737269 6.6579738622053455 3.730920268451667
6.307237627737269 6.6579738622053455 3.747034107502389
6.307237627737269 6.109366066700019 4.951522301873348
6.307237627737269 6.051403183650773 5.288932632570388
6.307237627737269 6.294171562616935 5.166295046810936
6.307237627737269 6.381753285618075 5.378869926128703
6.307237627737269 6.381753285618075 3.8636876077700815
6.307237627737269 6.381753285618075 3.55940245077
6.307237627737269 4.310655682372161 3.4864158864303985
6.307237627737269 5.4403488089211685 4.203966415469862
4.182742045939847 6.307237627737269 3.457347661861772
2.9470835126697 6.432138551610876 4.528075705861408
2.9305789538878106 6.432138551610876 3.6469285936535574
2.9305789538878106 6.432138551610876 3.618424303319035
2.9305789538878106 6.391354320846496 4.486310939086154
2.9305789538878106 8.815924235569208 6.262446780690678
