5.711631731898958 7.7818743256168155 5.467566946312295
5.711631731898958 7.7818743256168155 5.027370722907683
5.711631731898958 7.7818743256168155 5.591710455229183
5.711631731898958 9.09563237438394 5.608237738691558
5.124065257288393 9.266335781458714 6.793051478140928
5.124065257288393 9.266335781458714 5.993470836086699
5.741439941640859 9.09563237438394 5.299956128170867
5.741439941640859 8.716378637083631 6.5370217708318865
6.138225465022597 8.716378637083631 5.167907876464528
3.8170466223992823 8.716378637083631 5.451629396574785
3.8170466223992823 7.30539875704579 4.852478548708984
3.8170466223992823 7.30539875704579 5.001422914594822
3.8170466223992823 7.30539875704579 5.4480827602559225
3.8170466223992823 6.76996401049538 4.727861293434543
3.8571565015432943 6.76996401049538 3.761096115390278
2.8591295831547865 6.1800620060195435 3.4486887743773575
3.9915066951870384 6.1800620060195435 2.3702197168181454
3.455865681972583 3.9915066951870384 2.1285850862459874
1.006064924338507 6.190909482887228 4.533292519954053
1.006064924338507 6.190909482887228 1.6822143631171056
1.006064924338507 5.835699223962816 1.6404699049946234
1.006064924338507 5.388666984898919 2.076271896302957
5.599419717661725 5.901221845195643 2.752208907439652
1.006064924338507 5.901221845195643 3.1750588976381993
0.5017691614112896 5.901221845195643 2.445209693439037
