3.508538998412942 7.7343193147202065 5.369152843017718
3.508538998412942 7.725290949786704 5.514510511196839
3.508538998412942 7.5077362174741715 5.662354065348231
3.508538998412942 7.379409772879786 4.949591699252888
3.508538998412942 7.379409772879786 4.381074052533051
3.2987612549319896 7.748541453056465 5.734598980672807
5.01846077397737 7.748541453056465 4.663572180849399
3.2987612549319896 7.748541453056465 6.050749662642615
3.2987612549319896 7.748541453056465 5.665105012930765
2.7397971654792888 6.598652720100972 3.9182331173458547
2.7397971654792888 6.528599466087325 4.215129766038545
2.7397971654792888 8.412782958627012 6.304231653427507
2.7397971654792888 8.412782958627012 6.286429763039678
2.7397971654792888 8.412782958627012 5.276134118038226
6.408202648254033 8.412782958627012 5.401969656724475
6.408202648254033 6.390099266031914 5.55564916035786
2.7397971654792888 6.408202648254033 5.705801019392657
2.7397971654792888 9.68974485416494 6.990075060680202
2.7397971654792888 9.68974485416494 6.119979490714651
2.7397971654792888 9.68974485416494 5.22244141546275
2.7397971654792888 9.68974485416494 5.361458377357803
2.7397971654792888 6.609852310733132 5.706345277158907
2.7397971654792888 6.609852310733132 5.620559056434046
2.7397971654792888 6.609852310733132 5.884204323763026
2.7397971654792888 7.660766688640411 6.639185272183706
