3.343223391219532 7.650654922534493 5.1662795204751015
3.343223391219532 6.498666655460887 4.5187688918209385
3.343223391219532 6.832378679047546 3.677770295072151
3.343223391219532 6.832378679047546 3.1831441960917077
5.655232855061772 7.509303189342628 3.224278958478523
0.7268288161144096 7.509303189342628 2.478183109807857
0.7268288161144096 5.655232855061772 1.6785086595696157
5.461619511831998 2.865865375180722 0.7482191817050733
1.4501223329973816 5.461619511831998 1.7017781401055343
0.7268288161144096 5.68160496821552 4.101790606321059
0.7268288161144096 5.926371359507456 3.6240213602453157
3.0033851450991134 5.68160496821552 1.8544755689364296
3.0033851450991134 5.277150569162323 2.8943231143340284
2.8609973032896616 3.497315340579054 1.5421212491064011
5.5155738765720095 5.578786537069135 2.6431095782588496
5.5155738765720095 5.578786537069135 2.4095915935889116
5.5155738765720095 3.3179297341328824 2.6784173465907286
3.2440634621407907 5.5155738765720095 3.7441088810701717
3.2075846040307607 5.5155738765720095 3.4508800593912174
3.2075846040307607 5.6076580497052255 2.84528621577887
3.2075846040307607 5.753100468251283 3.3751147924474627
2.8181574894065453 6.431629607063012 4.421606494240023
2.8181574894065453 6.591631710470352 5.351341996945997
2.8181574894065453 6.591631710470352 4.50871332554995
2.8181574894065453 6.591631710470352 5.547522710008293
