3.09232781282492 7.73517884641978 6.107026630199667
3.09232781282492 7.686738320872879 5.680244737025272
3.09232781282492 6.22926783283954 5.129496077755079
3.09232781282492 6.246683420106038 5.303530891142784
2.9622700659415675 6.246683420106038 4.184474336633343
2.9622700659415675 4.746538487990836 4.138188620764073
2.9622700659415675 4.4326878909649 3.7782046980571513
2.9622700659415675 4.830326275043863 4.210961540903886
2.9622700659415675 6.325580957933681 4.981323092386186
2.9622700659415675 6.780822266183259 4.955928778485457
2.9622700659415675 7.587609464507375 5.154815857061736
2.9622700659415675 6.780822266183259 5.168061726527876
2.9622700659415675 5.1967153876274566 4.177881045773038
5.254163460904763 5.1967153876274566 2.5984272976317553
3.1145292901115913 5.254163460904763 4.053076265649694
3.1145292901115913 3.5718045940976215 3.212434003065707
3.1145292901115913 6.5948113605845435 4.77068743508959
3.1145292901115913 8.614894684691542 7.097906513950024
3.1145292901115913 8.614894684691542 6.764627246038282
3.1145292901115913 8.139946916176717 7.137483797670509
3.1145292901115913 7.65147207893655 7.087546038021936
3.1145292901115913 8.07849970824309 7.624741688888681
3.1145292901115913 8.293502428667459 6.4047607195749805
2.9460520976405467 8.293502428667459 3.947072002751278
2.9460520976405467 6.4951758281154675 4.277063342292092
