3.827715981412919 7.715463515907359 5.945198287579484
3.827715981412919 8.796050417360236 8.247044746138629
3.827715981412919 8.796050417360236 6.662435462282261
3.827715981412919 7.18409380219388 5.243816882861119
3.827715981412919 7.4771705297656155 5.822866063919818
3.827715981412919 7.579198677179036 6.695176272743141
3.827715981412919 7.579198677179036 6.822527707006444
3.827715981412919 7.322968089081147 6.3884587210830635
2.6297761634213797 6.456218444902735 4.09608925095543
2.6297761634213797 6.513598555949592 4.891755536230518
2.6297761634213797 6.513598555949592 6.247971769027405
2.6297761634213797 6.513598555949592 5.913439378538754
2.6297761634213797 7.677712769418244 6.145294636396319
2.6297761634213797 7.561150277821037 6.4651567877994385
2.6297761634213797 7.561150277821037 4.6242104862624505
2.6297761634213797 7.561150277821037 4.604087593792857
2.6297761634213797 5.2694216590779135 4.619974606171418
2.6297761634213797 5.2694216590779135 4.077419515819238
2.6297761634213797 4.534904574905596 3.5776159558202973
2.6297761634213797 5.292707618096497 4.184701468530502
2.6297761634213797 6.240514331312053 4.303442734221428
5.848242824458435 7.895535519623236 4.92690681544981
2.043048153511585 7.895535519623236 2.567692285199927
2.043048153511585 5.848242824458435 3.267373537174595
2.043048153511585 2.043048153511585 2.043048153511585
