4.00650338849459 7.751743829793316 5.884432720721661
3.6563442697949324 6.559058623017648 5.849841508627752
2.1448456386638637 6.559058623017648 4.256487776362983
2.1448456386638637 7.55746535575439 5.152861952643471
2.1448456386638637 7.55746535575439 4.522343686355398
2.1448456386638637 5.925784602360224 4.708152175411566
2.1448456386638637 5.925784602360224 4.091865495683166
2.1448456386638637 4.951995208432262 4.464727835888199
2.1448456386638637 4.951995208432262 3.7443510583720405
2.1448456386638637 6.260046510382093 5.045720055143094
2.1448456386638637 6.260046510382093 4.0909863631816
2.1448456386638637 5.835341335107302 4.938900288346009
2.1448456386638637 5.835341335107302 4.865873686899376
2.1448456386638637 6.536641178996437 5.522063234756967
2.1448456386638637 5.0251064505382494 4.914327188543078
2.1448456386638637 6.660693539754337 4.977234384282159
2.1448456386638637 7.760699265098642 5.443026604528364
2.1448456386638637 7.744776346013493 4.004588784994762
2.1448456386638637 3.2127480313005568 3.0895285244578625
2.1448456386638637 6.666531429527268 4.331529225046587
2.1448456386638637 8.786792371535524 7.140832067723685
2.1448456386638637 8.786792371535524 5.653340518155544
2.1448456386638637 6.49707229469896 6.157881278523804
2.1448456386638637 7.389435248181172 5.410954447129732
2.1448456386638637 8.181690724621141 5.787177072719121
