4.1057866067145845 6.698407912861409 5.056480829403472
4.1057866067145845 6.157255216799587 4.67115993903444
4.1057866067145845 6.157255216799587 3.490137611678846
4.1057866067145845 6.43654643434207 5.37877579832975
4.1057866067145845 6.43654643434207 6.129642256309193
4.1057866067145845 6.43654643434207 6.012645207498062
4.1057866067145845 6.43654643434207 4.531014520801648
4.1057866067145845 7.737622860354737 6.763164226996627
4.1057866067145845 7.737622860354737 6.053338751669445
1.9357919618983925 7.505119221635077 5.076246819706568
1.9357919618983925 7.505119221635077 5.111056522292515
1.9357919618983925 7.331218657691137 6.9161858349378456
1.9357919618983925 7.331218657691137 7.1237022463144895
1.9357919618983925 7.609948368153667 6.561125330287211
1.9357919618983925 8.01453179198898 6.979605217818025
1.9357919618983925 8.01453179198898 6.743766542582024
1.9357919618983925 6.454531043796738 5.5577624012149025
1.9357919618983925 6.454531043796738 5.687801836117505
1.9357919618983925 6.015677691370833 5.423256937783189
1.9357919618983925 6.015677691370833 4.993401840519264
1.9357919618983925 6.015677691370833 3.672291215017076
1.9357919618983925 4.598374303578719 3.7272353982203077
0.24119489961877294 5.2582175746065225 3.9604372871175055
0.24119489961877294 2.749464257171287 1.3988576800276258
0.24119489961877294 0.6714046716980318 0.456299785658402
