4.03527173849881 7.670568644657422 5.752509298577246
4.03527173849881 7.670568644657422 5.315890439782971
4.03527173849881 6.652807590134852 5.386278790985239
4.03527173849881 6.652807590134852 5.850013613410014
3.531530551534168 6.289139038193419 4.605499786371853
3.256784840605065 4.495286032094008 3.9941208478189814
3.256784840605065 5.578011969212589 4.417398404908825
3.0746889540177524 5.578011969212589 3.411719944102256
3.0746889540177524 3.648789777070903 3.4253239351221816
3.0746889540177524 3.648789777070903 3.539356930219594
3.0746889540177524 5.539293475051636 4.47409985116706
3.0746889540177524 5.539293475051636 4.031330598123148
3.0746889540177524 5.607939130357995 4.5276602800453905
3.0746889540177524 6.4346296526488445 5.570701215562939
3.0746889540177524 6.4346296526488445 5.730001740635045
3.0746889540177524 6.37270511676698 5.1815178794253365
3.0746889540177524 7.550205580588292 5.854042474886814
3.0746889540177524 7.550205580588292 4.795359177757951
3.0746889540177524 4.195800190055824 4.12898327417305
3.0746889540177524 4.568183625421309 4.194309896278335
3.0746889540177524 4.568183625421309 4.210919936507577
3.0746889540177524 5.061674362469038 4.697271395482679
3.0746889540177524 6.782336574679226 6.1018203408130915
3.0746889540177524 7.594720013168422 6.495754329883184
3.0746889540177524 7.625492985477287 7.168098559300438
