3.0102962490485763 7.733230823629153 5.828744154436858
2.6032400492810805 6.660777017341175 3.807985433171779
2.6032400492810805 4.023038000760167 2.9994325973287537
0.8291844328362754 3.0102962490485763 1.1241334642158956
3.0063536308067573 0.9684931207454324 0.9524190413712985
3.0063536308067573 4.206253464095994 1.367425202819027
0.9684931207454324 3.0063536308067573 1.9586620493647513
0.9684931207454324 5.714089955993163 4.019316532201524
0.9684931207454324 5.714089955993163 4.908632777170934
0.9684931207454324 5.714089955993163 4.242421964089955
0.9684931207454324 7.130269209973342 4.71301537908438
0.9684931207454324 7.130269209973342 4.4803815561011024
0.9684931207454324 5.808194318384544 4.992048618566749
0.9684931207454324 6.449711596365589 4.5492214489107985
0.9684931207454324 6.636202029831782 5.285608786053596
0.9684931207454324 7.331938711335814 5.812550608384972
0.9684931207454324 6.636202029831782 2.60548746951982
0.9684931207454324 6.636202029831782 4.2145045780917725
0.9684931207454324 6.082442151706715 3.9680156845029657
0.9684931207454324 7.379155625571041 4.654526527658971
0.9684931207454324 8.240144969187352 6.145063705041787
0.9684931207454324 8.510796353101057 6.872720252782342
0.9684931207454324 8.510796353101057 4.828814437246607
0.9684931207454324 8.510796353101057 3.5058868119061635
0.9684931207454324 5.099477097450983 3.7665106501871914
