2.5093623906417233 7.74861326991434 5.018570952888868
2.5093623906417233 7.709349032000846 5.795261824589256
2.5093623906417233 6.557375980241407 4.591854589345131
2.5093623906417233 6.2566360168864605 5.349822101530302
2.5093623906417233 5.6429699734240195 4.705485298311065
2.5093623906417233 4.666648978816912 4.481821868152903
2.5093623906417233 4.666648978816912 4.394348164473638
2.5093623906417233 4.5350925677568945 4.2916021737703325
2.5093623906417233 4.597169719221192 4.250836088122817
2.5093623906417233 6.049748983366101 4.893304718832801
2.3244757682970634 6.049748983366101 3.420246333662493
2.3244757682970634 6.028287639676922 4.935650622404688
2.3244757682970634 5.7873246231494875 4.338984923563296
2.3244757682970634 6.619626663146388 5.773763509187225
2.3244757682970634 6.619626663146388 5.659734049982698
2.3244757682970634 5.7873246231494875 5.645332896841305
2.3244757682970634 5.7873246231494875 5.654138128732087
2.3244757682970634 6.221474462454243 5.6637203722380836
2.3244757682970634 6.279395321932597 5.6293358841863474
2.3244757682970634 6.279395321932597 5.898563487464971
2.3244757682970634 6.279395321932597 5.408758808267417
2.3244757682970634 6.144341154774327 4.575806163376533
2.3244757682970634 6.127121288819016 4.825742775981032
2.3244757682970634 6.127121288819016 5.22675669193209
2.3244757682970634 7.626816676005999 6.480028100357611
