2.811015521964276 7.6910051561576065 5.517124788660466
2.811015521964276 4.056939593015002 3.642323292600386
2.811015521964276 6.778680406880415 5.689762842814795
2.811015521964276 6.778680406880415 5.158141150431231
2.811015521964276 5.5312050941086675 4.925256745210233
2.811015521964276 6.986913933279043 5.696823094464886
2.811015521964276 6.403099378823441 4.8328563279174315
2.811015521964276 9.112355034201206 6.938341588355218
2.811015521964276 9.112355034201206 6.513037725225333
2.811015521964276 11.719453099215349 7.134385043375568
2.811015521964276 6.491915539513123 6.151104970678189
2.811015521964276 7.474513365320423 6.094927227656957
2.811015521964276 7.474513365320423 5.679925093663963
2.811015521964276 5.948802620597331 4.738712382831912
2.811015521964276 5.948802620597331 3.709434593952915
2.811015521964276 4.121643127922578 3.499894328160775
2.811015521964276 5.412802270477933 3.904511073863492
2.811015521964276 3.4142697380250238 3.39106765279192
2.811015521964276 3.4142697380250238 3.39106765279192
2.811015521964276 5.506051885464387 4.373989474756237
2.811015521964276 3.878084327692886 3.3034906594750524
2.811015521964276 3.4142697380250238 3.1917634953616507
2.811015521964276 4.606876456774383 3.773489606211889
0.7832354644379156 5.212606252917439 2.306333546859385
0.7832354644379156 5.601827361463595 2.190725902981521
