3.2895987092751118 7.746847633455221 5.853525392405657
3.2895987092751118 6.175137256889755 5.214639170074424
3.2895987092751118 7.2118062715101665 6.108724711765387
3.2895987092751118 7.503744685074301 6.571091061700107
3.2895987092751118 11.516032520431972 8.912139828439766
3.2895987092751118 15.665609480961049 9.547936985251528
3.2895987092751118 4.167156011951892 4.133403808002783
3.2895987092751118 6.578419344872447 5.19502614631989
3.2895987092751118 7.583442432988923 5.378758584920311
3.2895987092751118 4.586827259151125 4.374285124585975
3.2895987092751118 5.864919647438178 4.8445721785380735
3.2895987092751118 5.864919647438178 4.834554788649779
3.2895987092751118 6.072289085409469 4.889429518087915
3.2895987092751118 6.106993590402691 5.113590698123868
3.2895987092751118 6.106993590402691 4.051703966805486
3.2895987092751118 4.362620356491867 4.199296658817352
3.2895987092751118 4.268241200400432 4.158026595462863
3.2895987092751118 6.4965675412362565 4.679109407694716
3.2895987092751118 4.274677590114969 3.9868389647476334
3.2895987092751118 6.292421448739248 4.821839176910547
3.2895987092751118 3.0683594437984003 5.360420298294406
3.0683594437984003 5.353759097692553 4.533661560731937
3.0683594437984003 6.51387348041008 5.458947847931914
3.0683594437984003 5.725471544547929 4.98259208022753
3.0683594437984003 6.760767902199349 4.997169595952401
