1.8775452847701009 7.776604039789879 5.643349083648966
1.8775452847701009 6.3668527728772055 5.646131750051369
1.3493758286005648 6.3668527728772055 4.028287906701879
1.3493758286005648 5.640799495870201 4.525833560426123
4.520745560468498 5.678039418071229 3.15632090446103
2.2027684942071173 5.678039418071229 3.1598865268406473
2.2027684942071173 4.325244182677441 3.2254693094045956
2.2027684942071173 2.778763878738005 2.712302872830595
5.000153618861347 3.217629021477322 2.3039673690170215
0.770445606444842 6.246158817647466 3.685546304843944
0.770445606444842 0.770445606444842 0.7704456064448416
3.1183302081276136 5.70072469131912 2.477080674285939
0.770445606444842 3.1183302081276136 0.7704456064448416
0.770445606444842 3.1183302081276136 1.5404358944256633
0.770445606444842 5.06265475980226 3.056102508504836
0.770445606444842 7.834656463131212 5.843480907839746
0.770445606444842 3.3355462678939074 2.5202019152081827
0.770445606444842 3.9548239582298312 3.4194102426817348
0.770445606444842 3.9548239582298312 2.5306717008087176
0.770445606444842 3.1956918096090132 2.357300944607131
0.770445606444842 6.160663653513684 2.1586054099314507
0.770445606444842 4.445610845281358 3.473960954640947
0.770445606444842 4.086816227878604 2.43025406492111
0.770445606444842 3.739496093426084 2.5720307717577504
0.770445606444842 3.627908802313478 3.069749679385031
