3.1252343521647536 7.685194247198401 5.784551221235907
3.1252343521647536 5.706843995446697 4.336373539517521
3.1252343521647536 6.648634562536678 4.878819618531103
3.1252343521647536 6.653030789055318 6.111173281364629
3.1252343521647536 6.653030789055318 5.767744449429908
3.1252343521647536 6.653030789055318 6.03485273448418
3.1252343521647536 6.663734839745352 6.285838354454457
3.1252343521647536 6.60717818829578 5.2434964587861455
3.1252343521647536 7.096459288427372 4.015262527987458
3.1252343521647536 3.816088818211384 3.7954590615671266
3.1252343521647536 6.147907622350065 4.69231244777431
3.1252343521647536 3.816088818211384 3.7954590615671266
2.698023418722404 4.443429326053579 3.5325082681584856
2.698023418722404 6.945313277823562 4.786116288905496
2.698023418722404 5.359536275923098 4.266241762063256
2.698023418722404 6.383930165552595 4.645014522568767
2.698023418722404 5.557871543520605 4.874555728651911
2.698023418722404 7.640256450262605 5.93906734797959
2.698023418722404 7.640256450262605 5.853938091727894
2.698023418722404 7.1186388951661215 6.39860167373918
2.698023418722404 7.651875897545658 7.239217300483867
2.698023418722404 8.114518689722123 6.632825443278704
2.698023418722404 10.060154050495282 6.557572932374236
2.698023418722404 8.515076262714706 6.498196794782031
2.698023418722404 4.065274851494408 3.490895421146517
