3.212606007522567 7.0665047212530165 5.218177717734219
3.212606007522567 7.0665047212530165 4.577102093628483
3.212606007522567 5.605169069244699 4.778348216462957
3.212606007522567 7.045453867383335 5.528310466743613
3.212606007522567 7.045453867383335 5.522261325881074
3.212606007522567 5.442157507649949 4.355730083863791
3.212606007522567 4.578212848239787 4.192306837282758
3.036008885211729 4.559601314733737 3.7646391704058035
2.5749576015442703 4.578212848239787 3.179146948150733
2.5749576015442703 5.967155380757134 5.073838515897007
2.5749576015442703 7.378822995163006 6.174402953891127
2.5749576015442703 7.40027949085313 6.203922776581671
2.5749576015442703 7.40027949085313 6.723302490978922
2.5749576015442703 7.40027949085313 6.015291406142784
2.5749576015442703 6.512421588721796 4.9803067161952645
2.5749576015442703 6.030327711999298 3.9102457662275367
2.5749576015442703 3.8795376643911763 3.5598650780470424
2.5749576015442703 3.9742637297740555 3.8647057429874936
2.5749576015442703 6.4281875506965065 4.779087161086858
2.5749576015442703 6.4281875506965065 3.7117612620964358
2.5749576015442703 4.722574689176813 3.515210510309707
2.5749576015442703 3.8861857799321737 3.6268932612345677
2.5749576015442703 5.544798425932182 4.1540394994297225
2.5749576015442703 6.225578141596046 4.766083609463566
2.5749576015442703 6.326714053702407 4.765637457997751
