1.525860447492612 7.649425146290305 5.49818640048978
1.525860447492612 7.165649791649416 4.882766386812122
1.525860447492612 4.406301117829138 4.295514938200812
1.525860447492612 4.406301117829138 4.277630040085653
1.525860447492612 6.259566839914424 4.822666836594357
1.525860447492612 6.259566839914424 4.584643757302707
1.525860447492612 6.259566839914424 4.119708683172726
1.525860447492612 6.603522299855975 5.711362040377628
1.525860447492612 6.603522299855975 5.983516311485085
1.525860447492612 6.603522299855975 4.232119296733931
1.525860447492612 3.97256323179575 3.690251372068465
1.525860447492612 3.97256323179575 3.7843553253108935
1.525860447492612 3.97256323179575 3.8784592785533216
1.525860447492612 4.1623976671690635 3.412014156208198
1.525860447492612 4.1623976671690635 2.3993398130499397
1.525860447492612 3.2471935207225227 1.6582706838949126
1.525860447492612 1.525860447492612 1.5258604474926118
1.525860447492612 1.5506778340126393 1.534451081288006
1.525860447492612 1.5506778340126393 1.5277694772249217
1.525860447492612 1.525860447492612 1.5258604474926118
1.525860447492612 1.525860447492612 1.5258604474926118
1.525860447492612 4.93179866859251 2.966834310265647
1.525860447492612 4.93179866859251 1.6568580713810694
1.525860447492612 1.525860447492612 1.5258604474926118
0.893024865548075 1.525860447492612 1.2337824865951332
