2.828271752498598 7.762019009762808 5.597586237747456
2.828271752498598 6.926945081387393 4.590946440734291
2.828271752498598 7.575010364175101 6.181976534833567
2.828271752498598 6.699888872430623 6.21181208008316
2.828271752498598 6.699888872430623 6.162080290016998
2.1301012115168096 7.556343588068936 6.59245784274879
2.1301012115168096 7.8151035460458775 7.158961189084522
2.1301012115168096 9.344979803516841 8.376483712287115
2.1301012115168096 9.344979803516841 6.894679391918212
2.1301012115168096 7.503783439212487 7.043959399973646
2.1301012115168096 7.503783439212487 7.067191333912463
2.1301012115168096 7.503783439212487 6.8117587090333505
2.1301012115168096 7.503783439212487 5.898338915592722
2.1301012115168096 6.727822740478615 6.139419560286123
2.1301012115168096 6.727822740478615 6.299945747590711
2.1301012115168096 6.727822740478615 6.391628815818238
2.1301012115168096 6.738475837478617 6.221660919142165
2.1301012115168096 7.734475049857545 6.767961696066907
2.1301012115168096 6.3857846702069345 6.0737125008357875
2.1301012115168096 6.3857846702069345 6.222104537180389
2.1301012115168096 8.27817508106667 5.795135780636282
2.1301012115168096 8.27817508106667 5.377780458078117
1.3464430101401637 7.568302303446231 4.325751083882389
1.3464430101401637 2.1301012115168096 1.4067244102460594
1.3464430101401637 5.588223032548864 3.008037564965689
