3.2031498753807566 7.625332285559445 5.331342299131568
3.2031498753807566 9.731187585827174 6.318432366467075
3.2031498753807566 12.357161770330546 9.245575572528944
3.2031498753807566 12.357161770330546 8.546194112272127
3.2031498753807566 9.372304841831912 3.914975448432815
3.2031498753807566 3.2031498753807566 3.203149875380759
3.2031498753807566 3.2031498753807566 3.203149875380759
3.2031498753807566 3.2031498753807566 3.203149875380759
3.2031498753807566 3.2031498753807566 3.203149875380759
3.2031498753807566 3.2031498753807566 3.203149875380759
3.2031498753807566 3.2031498753807566 3.203149875380759
6.261174398465645 3.2031498753807566 3.203149875380759
3.2031498753807566 6.261174398465645 3.4383825310026728
3.2031498753807566 6.261174398465645 3.320766203191716
3.2031498753807566 3.2031498753807566 3.203149875380759
3.2031498753807566 3.2031498753807566 3.203149875380759
3.2031498753807566 3.2031498753807566 3.203149875380759
3.2031498753807566 3.5772659037196886 3.318262499485045
0.29469910173475045 4.564799673630347 2.4368705868035807
0.29469910173475045 5.183034924972425 2.1748282645184713
0.29469910173475045 3.3071470248465933 2.5829248487290264
0.29469910173475045 2.9303933284968413 0.4974448114856803
0.29469910173475045 2.916891944944681 1.2023812397689568
0.29469910173475045 2.916891944944681 0.3955526726274397
0.29469910173475045 0.29469910173475045 0.2946991017347503
