1.9600639687582846 7.470774645313869 5.368599978991295
1.9600639687582846 6.074602675949297 4.177763965546816
1.9600639687582846 4.632762559710152 4.286711501204731
1.9600639687582846 4.632762559710152 4.412411037762999
1.9600639687582846 5.290406313692397 4.06490075972347
1.9600639687582846 5.290406313692397 2.767948452473469
1.9600639687582846 5.849002348378701 3.594727482652589
1.9600639687582846 2.9003785770668213 2.72758137579537
1.9600639687582846 2.907696593540081 2.755257871721422
1.9600639687582846 2.907696593540081 2.8537628028435975
1.9600639687582846 6.223005451775414 4.401391734849397
1.9600639687582846 6.223005451775414 2.64739579981411
1.9600639687582846 6.340657873350526 5.488000885263641
1.9600639687582846 7.868884324301522 6.1869997554149725
1.9600639687582846 8.33438260053185 5.690127930269769
1.9600639687582846 8.33438260053185 6.032888083888021
1.9600639687582846 8.33438260053185 7.179334678608415
1.9600639687582846 8.01780520318835 7.784815155710268
1.9600639687582846 8.01780520318835 7.383905036807296
1.9600639687582846 8.01780520318835 4.6217995904822295
1.9600639687582846 10.578627071752804 7.39559694855342
1.9600639687582846 13.835243787407745 9.669204971693118
1.9600639687582846 13.835243787407745 6.140895940477831
1.9600639687582846 7.797194098743537 6.235216521280789
1.9600639687582846 8.232433727167063 5.331975930432893
