1.3001185768634262 7.664225326001651 4.550427321971548
1.3001185768634262 7.425539631823526 6.870244200073813
1.3001185768634262 7.999608613313347 7.250800941343275
1.3001185768634262 6.93548282708235 6.417386425549754
1.3001185768634262 6.93548282708235 4.390703957747167
1.3001185768634262 4.5632005698473 3.7888663000090568
1.3001185768634262 4.4760119264953175 4.168638773948294
1.3001185768634262 6.253254987163615 4.601085427844779
1.3001185768634262 6.253254987163615 3.1765070238195134
1.3001185768634262 3.6356335127526553 2.381287803739278
1.3001185768634262 2.4207657491626837 2.3776639348434814
1.3001185768634262 6.210312988914701 5.478818204819244
1.3001185768634262 6.210312988914701 5.567563274664285
1.3001185768634262 6.6268069042261395 5.9678269402936905
1.3001185768634262 5.966758531101512 5.347398881901464
1.3001185768634262 5.7185922323122185 3.260612187796713
1.3001185768634262 6.13950272578672 3.8040396760078243
1.3001185768634262 5.924878491088002 3.8251448179570877
1.2208492494860406 5.924878491088002 1.5789417153782876
1.1995088252278099 2.8756877258226727 1.3433003287187069
1.1995088252278099 1.3443870952783006 1.2637781763863425
1.1995088252278099 1.3443870952783006 1.2598635267321454
1.1995088252278099 3.258980463237489 1.988356005824597
1.1995088252278099 1.3587775618230862 1.2900510527262314
1.1995088252278099 1.317024885794066 1.304755007634323
