3.0329934855565424 7.37648723304236 5.205820457845014
3.0329934855565424 8.461843525944158 6.41525240791602
3.0329934855565424 6.446248632761204 5.473238664039085
2.8964015712122166 6.446248632761204 3.7878221006041453
2.8964015712122166 6.562707689724448 5.140922729367164
2.8964015712122166 4.573434557828058 3.9665805537416223
2.8964015712122166 6.382229575816524 4.911764399939543
1.7436435693231656 5.531431871656235 3.7205382008198473
1.7436435693231656 6.345738550905981 3.8249935553316274
1.7436435693231656 5.531431871656235 3.1986008631445233
1.7436435693231656 5.531431871656235 3.0167523116451136
1.7436435693231656 3.738527203981168 2.9929822024455506
1.7436435693231656 3.738527203981168 2.461779698714257
1.7436435693231656 3.7106834400337942 2.5151020035175637
1.7436435693231656 2.3254907505398923 2.2583545373225777
1.7436435693231656 2.3254907505398923 2.3031120128007876
1.7436435693231656 2.3254907505398923 2.3031120128007876
1.7436435693231656 2.3254907505398923 2.2807332750616824
1.7436435693231656 2.3254907505398923 2.3031120128007876
1.7436435693231656 2.3254907505398923 2.3031120128007876
1.7436435693231656 2.3254907505398923 2.3031120128007876
1.7436435693231656 2.3254907505398923 2.3031120128007876
1.7436435693231656 3.3394112625532846 2.709699645528887
1.7436435693231656 2.574713623499662 2.371741427617528
1.7436435693231656 5.571616644944257 3.721037049124724
