0.8131187162657736 7.562198803842065 4.741795475848188
0.8131187162657736 6.111579928018923 4.484639617091482
0.8131187162657736 5.3300878434301175 2.6157052330474575
0.0734105033649759 3.065398737535251 1.5581165433186344
0.0734105033649759 0.0734105033649759 0.0734105033649759
0.0734105033649759 3.2491074422990356 1.2948324029549987
0.0734105033649759 2.698026849657968 1.1838251114120106
0.0734105033649759 0.0734105033649759 0.0734105033649759
0.0734105033649759 3.2392369209429615 1.2910360485872778
0.0734105033649759 2.4454476357915778 0.8032680825731607
0.0734105033649759 0.0734105033649759 0.0734105033649759
2.867879690890654 0.0734105033649759 0.0734105033649759
0.0734105033649759 2.867879690890654 0.7182880081785936
0.0734105033649759 0.0734105033649759 0.0734105033649759
0.0734105033649759 5.3349486606847805 1.6923453210018384
0.0734105033649759 0.0734105033649759 0.0734105033649759
0.0734105033649759 0.0734105033649759 0.0734105033649759
0.0734105033649759 0.0734105033649759 0.0734105033649759
0.0734105033649759 5.666119193340435 2.0093481268180193
0.0734105033649759 3.4198755018706355 1.3605124258671526
0.0734105033649759 0.0734105033649759 0.0734105033649759
0.0734105033649759 0.0734105033649759 0.0734105033649759
0.0734105033649759 0.0734105033649759 0.0734105033649759
0.0734105033649759 0.0734105033649759 0.0734105033649759
0.0734105033649759 3.0379938874802552 2.460939014606383
