3.071534486747567 7.684041078493488 5.892552349485885
3.071534486747567 9.122138436783446 7.440252642489056
3.071534486747567 9.122138436783446 8.814283078415237
3.071534486747567 10.643567827021494 8.226532870898042
3.071534486747567 10.643567827021494 7.112020858335854
3.071534486747567 7.994335988745551 7.804997469437934
3.071534486747567 7.994335988745551 5.234810222036037
3.071534486747567 7.994335988745551 5.045421083304457
3.071534486747567 5.087948103705195 5.007787157938084
3.071534486747567 5.653275417754923 5.128529588033359
3.071534486747567 5.355246018326852 5.053086652593224
3.071534486747567 6.1391858201092795 5.54035637741696
3.071534486747567 6.293293802238349 5.720876041054057
3.071534486747567 6.682574702512401 6.187193437332976
3.071534486747567 6.682574702512401 6.099339797053521
3.071534486747567 6.682574702512401 6.148979204587402
3.071534486747567 6.485828733279124 5.059453565401029
3.071534486747567 5.3076531950582435 4.502196989403492
3.071534486747567 4.559033925494511 4.444610891744744
3.071534486747567 4.856567063328413 4.6482091685797755
3.071534486747567 4.805148368505577 4.627081294825905
2.909189169046688 4.805148368505577 3.8873846428134646
2.909189169046688 4.653792908785999 3.1482491734909464
2.909189169046688 6.438957591906288 4.537434594313454
2.909189169046688 6.120858748637804 5.707361212706889
