0.6970795096327156 7.677558052238538 5.421591886440933
0.6970795096327156 9.338641436771393 6.619242155505292
0.6970795096327156 7.347930313229744 4.307392696232037
0.6970795096327156 4.433350526225922 2.749494701220983
0.6970795096327156 5.68615473207068 3.9602556603287105
0.6970795096327156 4.433350526225922 3.5056573627805654
0.6970795096327156 4.433350526225922 1.1946325096268953
0.6970795096327156 3.1871824806079556 1.750584612737625
0.6970795096327156 3.1871824806079556 0.8886258920154261
0.6970795096327156 5.697156417338309 2.427875362300036
0.6970795096327156 0.6970795096327156 0.6970795096327153
0.6970795096327156 0.6970795096327156 0.6970795096327153
0.6970795096327156 0.6970795096327156 0.6970795096327153
0.6970795096327156 0.6970795096327156 0.6970795096327153
0.6970795096327156 0.9271695528593082 0.7147787437270685
0.6970795096327156 0.6970795096327156 0.6970795096327153
0.6970795096327156 1.3001780105061553 0.9290404715071152
0.21788123470710064 0.6970795096327156 0.42900727435809427
0.21788123470710064 2.7836703007819144 1.1504420130644248
0.21788123470710064 5.644696715020224 2.3051179579044554
0.21788123470710064 0.21788123470710064 0.21788123470710052
0.21788123470710064 4.627664864855589 3.8825676752399287
0.21788123470710064 2.8115697583773387 1.5147254965422194
0.21788123470710064 5.660143231995814 2.31105892597199
0.21788123470710064 0.21788123470710064 0.21788123470710052
