2.000325166127301 7.639695901615767 5.368001064175924
2.000325166127301 9.2799266957163 7.439137274504374
2.000325166127301 9.2799266957163 2.9934185533613564
2.000325166127301 7.611886077926538 2.0720782493616343
2.000325166127301 1.857121941656097 1.8507411671973866
2.000325166127301 3.1098345714150324 2.4289162270861264
2.000325166127301 3.1098345714150324 2.774173181715204
2.000325166127301 4.500923377297994 3.822392704335392
2.000325166127301 4.500923377297994 3.770873382197329
2.000325166127301 4.500923377297994 4.015648050654247
2.000325166127301 4.569606715384623 3.6818422486204656
2.000325166127301 4.569606715384623 4.390494312669614
2.000325166127301 5.873185485594092 5.010413698563438
2.000325166127301 5.873185485594092 5.209232524330488
2.000325166127301 6.984931343405865 5.493116217542177
2.000325166127301 7.411827976454262 5.899358761377353
2.000325166127301 7.411827976454262 6.239123443986528
2.000325166127301 7.411827976454262 5.342724350995656
2.000325166127301 7.3255181030389895 5.529781481780796
2.000325166127301 6.109280361060428 5.154545392880143
2.000325166127301 5.271181136497415 5.126960937118349
2.000325166127301 7.041445446544055 5.942960008692713
2.000325166127301 6.921819236134105 5.318166752388645
2.000325166127301 6.921819236134105 3.6253633513168615
2.000325166127301 3.857363360519511 3.145528767768657
