5.826119301921981 7.31741204704041 5.472251534409299
5.826119301921981 6.849390248346161 5.89506239292585
5.826119301921981 7.077956239621569 6.2315880317060515
5.826119301921981 7.077956239621569 6.3872907474406
5.826119301921981 7.911662586779695 7.285074136281677
5.826119301921981 9.496973561778432 8.682509780416844
5.826119301921981 10.718852150347459 9.246657113537982
5.826119301921981 10.718852150347459 8.836628428632832
5.826119301921981 13.19561787953537 9.413299687704704
5.826119301921981 13.40255294516386 11.724525007092563
5.826119301921981 13.40255294516386 12.545392342039703
5.686014644401148 13.40255294516386 10.32004916477763
5.686014644401148 13.40255294516386 9.600200807551754
5.600829167804658 11.695214135930971 8.347404298408371
5.600829167804658 11.695214135930971 10.688122152434012
5.600829167804658 11.695214135930971 10.626033133834843
5.600829167804658 11.71796042032951 9.425450798857206
5.600829167804658 11.71796042032951 8.821060174226407
5.600829167804658 8.969946083001458 6.680621044258327
5.600829167804658 6.528496774648218 6.309201565902184
5.600829167804658 6.528496774648218 6.431139282163684
5.600829167804658 6.713975061893784 6.547955529489543
5.067460985982361 6.713975061893784 5.414169690923457
3.17785690765464 6.816597715460004 5.148127783535498
2.604984237544287 6.816597715460004 4.155717664360067
