2.6023909860560086 7.405885763339951 5.461955336458515
2.6023909860560086 7.062959032728619 5.497592600243255
2.6023909860560086 7.767633951630614 7.001627256638779
2.6023909860560086 7.767633951630614 4.380585780552938
2.6023909860560086 5.875296093522152 3.551937451190408
2.6023909860560086 4.820200729551036 3.6495947457677866
2.6023909860560086 4.820200729551036 4.645499020249487
2.6023909860560086 6.394225852568255 5.254994258134963
2.6023909860560086 6.394225852568255 3.6431603274770654
2.6023909860560086 3.6007394089816214 3.1317427597516736
2.6023909860560086 6.512192233549737 4.2339785238995535
2.6023909860560086 6.512192233549737 4.496684385752076
2.6023909860560086 5.013957500644768 3.213876991917211
2.6023909860560086 4.6263834348924355 4.143595048411801
2.6023909860560086 4.6263834348924355 4.4587115090506355
2.6023909860560086 4.602581396541947 3.889251288111562
2.6023909860560086 4.579388896943431 3.204441573624805
2.6023909860560086 3.2271703682203072 3.007160750997665
2.6023909860560086 3.2240417754151562 3.1478114583143895
2.6023909860560086 3.221272758643899 3.179080757491541
2.6023909860560086 3.2315120663885364 3.1693594409199224
2.6023909860560086 3.915526718700406 3.4431808326068745
3.7183442873827848 3.915526718700406 2.518215360316265
3.1915875017595536 3.7183442873827848 3.297187135100815
2.7953941419632256 4.51245663511861 3.6538590182277204
