2.8908251511830803 7.666303415282055 5.146608261778551
2.8908251511830803 9.659260881736378 7.304444724721682
2.8908251511830803 9.659260881736378 5.641577335300436
2.8908251511830803 10.784041237135657 8.099343717711754
2.8908251511830803 14.606217816863298 12.600901696617058
2.8908251511830803 14.606217816863298 8.310910135343589
2.8908251511830803 6.323766712459175 5.72651029248778
2.8753293205515793 8.526029249471645 5.483940665846669
2.8753293205515793 8.526029249471645 5.154678622670795
2.8753293205515793 8.526029249471645 4.826879918378028
2.8753293205515793 5.287376579899163 4.8158876877029195
2.8753293205515793 6.665459708622276 5.5230216764655005
2.8753293205515793 6.665459708622276 4.33512500011347
2.8753293205515793 6.9237368625018245 5.249846222031293
2.8753293205515793 9.893135607829308 8.081607847266376
2.8753293205515793 11.340300517377194 8.149472596734403
2.8753293205515793 7.485906539641771 5.599524471024621
2.8753293205515793 5.589488475552933 5.485097738822115
5.418778440621807 5.589488475552933 3.5641718907754134
3.1968868142829874 5.418778440621807 4.032671636176841
2.6492897409520357 5.418778440621807 3.2574767859438114
2.6492897409520357 3.2246686527095503 2.914975924034654
2.6492897409520357 2.756318865712736 2.7480858561157597
2.6492897409520357 2.756318865712736 2.7480858561157597
2.6492897409520357 2.756318865712736 2.7522023609142483
