2.799286833668536 7.58189043148089 5.401049482690732
2.7357308610920517 6.976848857338062 3.3328565994973043
2.7357308610920517 3.321439688035053 3.1710271993543033
2.7357308610920517 3.321439688035053 3.2611362496532266
2.7357308610920517 4.407592567978348 3.3633659881656044
2.7357308610920517 4.407592567978348 3.279412697339801
2.7357308610920517 4.407592567978348 3.3720363198409946
2.7357308610920517 4.857192541447802 3.6164557969900217
2.7357308610920517 5.46773516871739 4.101794409252877
2.7357308610920517 5.581996902422066 4.1537412570593455
2.7357308610920517 7.529409046063947 5.064613035441448
2.7357308610920517 9.851160906777931 5.975239672851024
2.7357308610920517 11.546043444165715 6.52198470939318
2.7357308610920517 5.581996902422066 2.8562073082466117
2.7357308610920517 2.8787916534363274 2.741233199259139
2.7357308610920517 2.7357308610920517 2.7357308610920517
2.7357308610920517 2.7357308610920517 2.7357308610920517
2.7357308610920517 2.7357308610920517 2.7357308610920517
2.7357308610920517 4.546572275634389 3.0839695946578853
2.7357308610920517 4.546572275634389 2.8479230174746086
2.7357308610920517 5.545044553398576 3.6086439560433217
2.7357308610920517 5.545044553398576 2.9603407962802777
2.7357308610920517 5.695085782288103 4.090319691945151
2.7357308610920517 5.695085782288103 3.6132082525825195
2.6247726979321233 5.695085782288103 3.1563311847516045
2.6247726979321233 5.695085782288103 3.456542911108112
2.6247726979321233 4.541213087936999 2.9163827827391327
2.6247726979321233 4.541213087936999 2.7601183736904185
2.6247726979321233 2.762273946953585 2.702945890040898
2.6247726979321233 2.79817584100017 2.7217392744341753
2.6247726979321233 5.6898148929744465 3.5078042842363786
2.6247726979321233 5.6898148929744465 2.9266098757055756
2.6247726979321233 3.9962826393302575 3.1277615382144757
2.6247726979321233 3.9962826393302575 2.952040454259408
2.6247726979321233 3.9962826393302575 2.839205598814206
2.6247726979321233 3.1734143820620493 2.696125412295259
2.6247726979321233 4.470274267473965 2.825575416302431
2.6247726979321233 4.470274267473965 2.8183700903594695
2.6247726979321233 5.7817539371985305 2.761248234877388
2.6247726979321233 5.7817539371985305 3.775264221758054
2.6247726979321233 5.668063276780423 3.2168978490188183
2.6247726979321233 4.359588959386965 2.8213568674008505
2.6247726979321233 2.765454870629292 2.7600440178332475
2.6247726979321233 2.765454870629292 2.7600440178332475
2.6247726979321233 2.765454870629292 2.7600440178332475
0.44690952233416015 2.765454870629292 2.135820270215327
0.44690952233416015 3.224972873635789 2.6339097093396546
0.44690952233416015 3.224972873635789 2.660710581275216
0.44690952233416015 3.2701226576792135 2.638661601338751
0.44690952233416015 3.2701226576792135 2.102203305360718
