0.9329110709349604 7.6809960750001505 5.13251238612636
0.9329110709349604 6.9013010170110185 3.744617413759473
0.9329110709349604 4.596557273902512 3.2541316422845674
0.9329110709349604 4.82616753651515 3.1111968682486735
0.9329110709349604 4.82616753651515 1.6574036180960574
0.9329110709349604 4.596557273902512 1.0738205402798657
0.11155507555666988 2.8580101572573544 0.8391317365189708
0.11155507555666988 0.11155507555666988 0.11155507555666988
0.11155507555666988 2.956704241524133 1.8458332958922397
0.11155507555666988 2.902810125679807 0.21891103902294415
0.11155507555666988 0.11155507555666988 0.11155507555666988
0.11155507555666988 3.1330951080728693 1.2736858572936696
0.11155507555666988 3.174978965645558 1.5254430248284645
0.11155507555666988 3.7571433055995596 1.2108835948024048
0.11155507555666988 3.7571433055995596 0.5171268443398878
3.051294869316149 3.159543829322168 1.25593780131379
0.05655190878398786 3.051294869316149 1.258747944894412
0.05655190878398786 0.11155507555666988 0.06078292161265571
2.985930566560928 2.5944823855752372 0.7398408833047085
0.05523942824094563 2.985930566560928 0.3944561784857084
0.05523942824094563 5.196257395726914 1.835630251166422
0.05523942824094563 0.13148225819638926 0.07667498437413277
0.05523942824094563 3.143825657170144 1.2467458654065984
0.05523942824094563 0.05655190878398786 0.05645094874221538
0.05523942824094563 0.05655190878398786 0.056501428763101616
0.05523942824094563 0.05655190878398786 0.056501428763101616
0.05523942824094563 0.05655190878398786 0.056501428763101616
0.05513137084894071 5.645289786969119 1.9905728157727458
0.05510096010116117 0.05696878243785308 0.055806687457246366
0.05510096010116117 4.142421934335875 1.759265063278359
0.05510096010116117 5.448478022265466 3.2402504124618043
0.05510096010116117 0.05655190878398786 0.055175995147822836
0.05510096010116117 0.7914417461152792 0.28167957194157106
0.05510096010116117 1.231197756135931 0.6745790188914551
0.05510096010116117 1.231197756135931 0.23994648260903625
0.05510096010116117 2.7540015368394823 0.5423343567031387
0.05510096010116117 2.7540015368394823 0.2096654059202616
0.054792275246545064 2.1824730951560736 0.08196267759579592
0.054792275246545064 3.2520089132557435 1.056939250060036
0.054792275246545064 3.0448272536237586 1.3710337047599181
0.054792275246545064 5.628206143397701 1.7866723337328787
0.054792275246545064 0.055288337056083936 0.05507333335951371
0.0547878161900468 0.05558294820730625 0.055096616400637524
0.0547878161900468 0.05558294820730625 0.054941264013354404
0.0547878161900468 0.055288337056083936 0.05484589225759555
0.054737842184330976 0.0555405336927568 0.05506008616257076
0.054737842184330976 0.0555405336927568 0.054838235677833004
0.054737842184330976 5.270911011416466 1.659745120342348
0.054737842184330976 0.05478808457504103 0.05478421977575564
0.054737842184330976 0.05478808457504103 0.05478421977575564
