2.8009416096261543 7.657086916721358 5.631898308397756
2.8009416096261543 6.232213476052689 4.930239745441866
2.8009416096261543 6.639305895150237 5.321851342068056
2.8009416096261543 6.639305895150237 4.2928795607734385
2.8009416096261543 4.169176558738833 3.7306079454717445
2.8009416096261543 4.169176558738833 3.523873292452415
2.8009416096261543 4.103843204456787 3.5250826205695285
2.8009416096261543 4.103843204456787 3.177219609727478
2.8009416096261543 4.562751952620477 3.8964279502438806
2.8009416096261543 4.562751952620477 4.108883336743758
2.8009416096261543 4.562751952620477 4.043818184376741
2.8009416096261543 6.298160405839184 4.065332898259833
2.8009416096261543 4.593727062558447 4.028205324656539
2.8009416096261543 4.593727062558447 3.9556273966541124
2.8009416096261543 4.593727062558447 3.9214256278796427
2.8009416096261543 4.025659189056494 3.91378614218649
2.8009416096261543 4.025659189056494 3.866291235732938
2.8009416096261543 4.025659189056494 3.884345622199149
2.8009416096261543 4.025659189056494 3.7509362619310553
2.8009416096261543 4.025659189056494 3.710372287979944
2.8009416096261543 4.025659189056494 3.6279138545274727
2.8009416096261543 3.9220087370301973 3.652108075598084
2.8009416096261543 4.223138758283103 3.6169947178173136
2.8009416096261543 5.078115765946457 4.390716548635553
2.8009416096261543 6.510366386809526 5.194718251142256
1.5504898972779846 6.50092273545566 3.7176134894047803
1.5504898972779846 4.336946888947978 1.8720041655475987
1.5504898972779846 1.5504898972779846 1.5504898972779844
1.5504898972779846 3.88087306569679 1.729750141002508
1.5504898972779846 3.623439090511717 2.4012599857478856
1.5504898972779846 3.623439090511717 1.709947527526733
1.5504898972779846 5.241508418485008 2.8281501546188776
0.41790255735060144 2.2756325897039713 1.3815612618957323
0.41790255735060144 1.5504898972779846 0.4614636088862698
0.41790255735060144 5.686512576434939 2.356077897622228
0.41790255735060144 2.833734762869398 1.4526993822295076
0.41790255735060144 0.7484657434954056 0.4306165260484783
0.41790255735060144 0.7484657434954056 0.4306165260484783
0.41790255735060144 0.41790255735060144 0.4179025573506012
0.41790255735060144 2.7395840176958264 1.4001524059581965
0.41790255735060144 2.7395840176958264 0.7750843204806357
0.41790255735060144 5.66089042062751 2.659905892652816
0.41790255735060144 5.66089042062751 0.6624250289866681
0.41790255735060144 0.47982457953175883 0.4774429632940217
0.41790255735060144 0.47982457953175883 0.4774429632940217
0.41790255735060144 5.428502334813395 2.2025412886194
0.41790255735060144 3.631183343750305 0.4726797308185481
0.41790255735060144 3.631183343750305 0.9575041560829398
0.41790255735060144 3.631183343750305 0.9047114686864659
0.41790255735060144 0.47982457953175883 0.4726797308185481
