1.854842964884345 7.632184373560795 5.9512546750222945
1.854842964884345 7.145396095996972 5.725182200599933
1.854842964884345 6.611653137591961 4.687279998824163
1.854842964884345 6.611653137591961 4.323873620728187
1.854842964884345 6.228207866130077 4.464761962389013
1.854842964884345 6.269920284917969 5.37184251247675
1.854842964884345 8.113166653104269 5.940366606023802
1.854842964884345 8.113166653104269 5.094541987666438
1.854842964884345 6.284957310827043 2.4822519035440256
1.854842964884345 1.854842964884345 1.8548429648843459
1.854842964884345 4.712406490518692 2.294468122674245
1.854842964884345 1.854842964884345 1.8548429648843459
1.854842964884345 1.854842964884345 1.8548429648843459
6.01680180369344 1.854842964884345 1.8548429648843459
6.01680180369344 6.01680180369344 1.8548429648843459
1.854842964884345 6.01680180369344 2.815295004609521
1.854842964884345 6.01680180369344 2.0149183048385417
1.1503883642706616 1.854842964884345 1.6380877031570582
1.1503883642706616 1.854842964884345 1.2858604028502159
5.217877875809005 1.1503883642706616 1.1503883642706614
1.1503883642706616 5.217877875809005 2.6381295234471134
1.1503883642706616 5.217877875809005 1.489860179706209
1.1503883642706616 1.3823703982574966 1.2128450657286554
1.1503883642706616 1.3823703982574966 1.1682331361158025
1.1503883642706616 2.2682521393882458 1.5462635954262418
1.1503883642706616 2.2682521393882458 1.9242940547366811
5.931297552056879 2.2682521393882458 2.1822626182253546
5.931297552056879 6.125488276661496 3.0723940345191822
5.931297552056879 6.125488276661496 4.004352004536371
6.216096447703919 6.125488276661496 4.707588907948395
6.216096447703919 6.125488276661496 4.023649696369235
3.5730501498046334 6.216096447703919 4.699112692181176
3.5730501498046334 5.931297552056879 5.645962255158886
3.5730501498046334 7.576636883843763 6.517820752933089
3.5730501498046334 9.967709129322214 6.683680855035466
3.127484578565842 9.967709129322214 5.498424060680194
3.127484578565842 11.290907800303973 6.075481629377852
3.127484578565842 11.290907800303973 6.300635656853183
3.127484578565842 7.4001137406349216 5.558392441018494
3.127484578565842 7.638344733308539 4.586336390905038
2.4562021848029336 7.638344733308539 4.258930998675057
2.4562021848029336 5.655261364151944 2.860707679118258
2.4562021848029336 6.391027932560167 3.8182572513342827
2.4503892662732984 2.4562021848029336 2.4562021848029336
6.08565343687248 4.751555247633323 2.9858990454561
2.4503892662732984 6.08565343687248 2.455307889644528
2.4503892662732984 6.08565343687248 3.0141321529267384
2.4503892662732984 6.08565343687248 2.5951257423598815
2.4503892662732984 6.08565343687248 2.5953493161494827
2.4503892662732984 5.3749160061704195 3.1614705327880874
