3.258451436677593 7.673427182017484 5.893661822837435
3.258451436677593 7.285831031352934 5.663962770533525
3.258451436677593 7.285831031352934 6.021329812765123
3.258451436677593 7.417938685572894 6.385720132091544
3.258451436677593 6.584584466524419 6.272103191152961
3.258451436677593 6.584584466524419 5.743984326765234
3.258451436677593 6.584584466524419 5.101016072595619
3.258451436677593 5.413930041430756 4.504639599290082
3.258451436677593 7.827514123262338 6.454996289659219
3.258451436677593 7.838783430443755 6.217989578560264
3.258451436677593 8.00938785324361 6.477851347127744
5.66286938033609 8.00938785324361 3.2103285261700707
1.395327234017032 8.00938785324361 2.7892346860600745
1.395327234017032 1.395327234017032 1.3953272340170317
1.395327234017032 1.395327234017032 1.3953272340170317
1.395327234017032 2.920526734178289 1.8646193879128032
1.395327234017032 5.245580173715833 3.506968923979028
1.395327234017032 3.2175666275752417 1.4654133645385012
1.395327234017032 1.395327234017032 1.3953272340170317
1.395327234017032 6.143871783887956 2.8564178647465472
1.395327234017032 6.143871783887956 1.7605998916994103
1.395327234017032 6.143871783887956 1.5779635628582211
1.395327234017032 1.395327234017032 1.3953272340170317
1.395327234017032 1.395327234017032 1.3953272340170317
1.395327234017032 1.395327234017032 1.3953272340170317
1.395327234017032 3.39304827858798 2.1636814819289354
1.395327234017032 5.947428238041873 4.896870535592336
3.2703628905552127 6.116770386862395 4.273437415427128
3.2703628905552127 7.03790308165841 4.6853454110526505
1.395327234017032 7.03790308165841 4.089871793538536
1.395327234017032 5.554495418478663 3.8486451031946656
1.395327234017032 6.319479278110119 4.275454407395565
1.395327234017032 6.319479278110119 3.9165932345611734
1.395327234017032 8.442300152580453 4.955181705322319
1.395327234017032 3.6018550955267554 2.7216899031151005
1.395327234017032 3.6018550955267554 2.09029618970336
1.395327234017032 5.606589602695067 2.4341221682501284
1.076249952499293 5.9564123539743115 3.285227067938443
1.076249952499293 5.591040018653402 2.051324707037394
1.076249952499293 5.304658636905973 2.7152980549675783
1.076249952499293 1.076249952499293 1.0762499524992928
1.076249952499293 1.076249952499293 1.0762499524992928
1.076249952499293 1.076249952499293 1.0762499524992928
1.076249952499293 1.076249952499293 1.0762499524992928
1.076249952499293 1.076249952499293 1.0762499524992928
1.076249952499293 1.076249952499293 1.0762499524992928
3.532049154704293 1.076249952499293 1.0762499524992928
1.076249952499293 5.1162851101112174 2.008565758102046
1.076249952499293 5.309570634670987 2.525439187270647
1.076249952499293 3.532049154704293 1.1707037679687158
