1.4037822694353186 7.464319007691543 4.678089310188725
1.4037822694353186 5.729696058230257 3.210939400691605
1.4037822694353186 5.1638880106993845 1.971682025945222
1.4037822694353186 5.007956696975928 2.5005347286965924
1.4037822694353186 4.9049994782326465 1.6879348779632213
1.4037822694353186 3.6250156159990863 2.1161194551666833
1.4037822694353186 2.023049418446313 1.6232522130245597
1.4037822694353186 2.023049418446313 1.6069048816289544
1.4037822694353186 2.0570647911706357 1.7312508534275155
1.4037822694353186 3.2131239436898764 2.206132055555081
1.4037822694353186 3.2131239436898764 2.195255962949078
1.4037822694353186 2.45034997226858 1.8936466708548125
1.4037822694353186 2.354130579265022 1.541463771275327
1.4037822694353186 3.4682989408609832 1.8109961332344093
1.3863777860539668 1.516538758776257 1.4291049682079775
1.3863777860539668 6.005974367721773 2.129941408913118
1.3863777860539668 1.516538758776257 1.401437471394598
1.3863777860539668 1.516538758776257 1.3964439435298663
1.3863777860539668 1.3959055174156778 1.3916668120926485
1.3863777860539668 1.3971847079400423 1.3923674130166004
1.3863777860539668 1.3971847079400423 1.393302527345345
1.3863777860539668 4.428799206874086 2.2122086384797846
1.3863777860539668 3.8717480346151665 2.1571284199345704
1.3863777860539668 5.7293013657364895 1.8255296523993398
1.3863777860539668 5.484592013802171 2.4976417981686443
1.3863777860539668 5.458785845921479 3.0940276224435332
1.3066965480931576 5.458785845921479 1.9872393882596087
1.3066965480931576 5.458785845921479 2.3493546694168814
1.3066965480931576 5.458407159873467 2.904826851017096
1.3066965480931576 3.357326367272425 1.4029646862346519
1.3066965480931576 3.357326367272425 1.5955009625176415
1.111266442004514 1.7500472729336107 1.3746934643881479
1.111266442004514 3.578372042906086 2.276635331923307
1.111266442004514 3.6672428698952477 1.986099231122636
1.111266442004514 4.259004679933806 2.5722658709350408
1.111266442004514 4.480236760727056 3.2980059149631447
1.111266442004514 6.597355616873802 4.534019490486643
1.111266442004514 10.385637620699086 5.776134816024479
1.111266442004514 10.385637620699086 2.6548235601450707
1.111266442004514 5.413919198009513 1.405528639997716
1.111266442004514 1.5904881781353954 1.145658514963998
1.111266442004514 1.526238602820222 1.1272269097281948
1.111266442004514 1.111266442004514 1.1112664420045137
1.111266442004514 1.111266442004514 1.1112664420045137
1.111266442004514 1.111266442004514 1.1112664420045137
1.111266442004514 5.891773184040389 2.582191593400168
1.111266442004514 7.997438235574849 4.1006261636022305
1.111266442004514 4.321775461445974 2.600336854733245
1.111266442004514 2.5638181007718654 1.5011512336634305
1.111266442004514 1.9320146674428682 1.7220510068244104
