2.481996371463812 7.686229805329678 5.892147093925889
2.481996371463812 4.557865989013205 3.9769743301033467
2.481996371463812 5.958513701734969 4.534496414883666
2.481996371463812 5.958513701734969 4.743279291305556
2.481996371463812 5.958513701734969 4.386200254744548
2.481996371463812 5.958513701734969 4.170899991668424
2.481996371463812 5.958513701734969 3.094696493347212
2.481996371463812 5.958513701734969 2.6157085764742414
2.481996371463812 2.481996371463812 2.481996371463813
2.481996371463812 2.481996371463812 2.481996371463813
2.481996371463812 2.481996371463812 2.481996371463813
2.481996371463812 2.481996371463812 2.481996371463813
2.481996371463812 5.885408731737183 3.5292001746248483
2.481996371463812 5.885408731737183 2.96008203052109
2.481996371463812 7.5741817569979375 4.1058045137065236
2.481996371463812 2.759495128297449 2.7183530365296815
2.481996371463812 5.969833548680061 3.650581910209694
2.145935115089643 5.969833548680061 3.7486227165146557
2.145935115089643 5.969833548680061 4.087495937955042
2.145935115089643 7.216390082874941 5.24296009587895
2.145935115089643 7.216390082874941 4.815930395031733
2.145935115089643 5.624678296758773 4.957586369546492
2.145935115089643 6.502218365985293 4.918017133159011
2.145935115089643 5.686585919197107 5.369694443569864
2.145935115089643 6.406004648300847 5.294605889563728
2.145935115089643 6.406004648300847 5.178140322181627
2.145935115089643 5.6352765133963665 5.429104135020049
2.145935115089643 5.6302704104165535 5.07028659405114
2.145935115089643 5.6302704104165535 5.46410157195668
2.145935115089643 5.593920214563084 5.376484562490865
2.145935115089643 5.593920214563084 5.1621474437868535
2.145935115089643 5.593920214563084 3.231081184361499
2.145935115089643 5.593920214563084 3.2494654882627247
2.145935115089643 5.593920214563084 2.7421509034350566
2.145935115089643 2.610106927671176 2.574401403626443
2.145935115089643 2.610106927671176 2.574401403626443
2.145935115089643 2.610106927671176 2.5386958795817094
2.145935115089643 3.2778499966232393 2.6257662550842937
2.145935115089643 3.2778499966232393 2.600083829355368
2.145935115089643 2.7218680583257577 2.5932858511135226
2.145935115089643 6.309786258116656 3.8796418908538928
2.145935115089643 8.356619585796714 3.4769683736458985
2.145935115089643 8.356619585796714 3.073017323284871
2.1105721605166647 2.769969847695674 2.3407065943154
2.1105721605166647 2.9138344680959993 2.4736826465607473
2.1105721605166647 3.3447912352977203 2.7041504739634687
2.1105721605166647 4.575291896336644 3.4977695693219806
2.1105721605166647 4.575291896336644 3.1886877386141137
2.1105721605166647 4.575291896336644 2.93662994066649
2.1105721605166647 4.051982245912839 3.1692112918326463
