2.4404993267551522 7.718889517933052 5.248317493536677
2.4404993267551522 7.051219764158123 4.430627861803498
2.4404993267551522 6.156408421514481 3.9107912332356722
2.4404993267551522 6.156408421514481 4.162057125705354
2.4404993267551522 4.563981761952352 4.343881893498873
2.4404993267551522 4.563981761952352 4.343881893498873
2.4404993267551522 4.563981761952352 4.400636959244873
2.4404993267551522 4.563981761952352 4.252457763407748
2.4404993267551522 4.563981761952352 3.602263694847641
2.4025204904229374 4.563981761952352 3.112559975081236
2.4025204904229374 3.749741175413878 3.0900733659941517
2.4025204904229374 3.749741175413878 2.736759624974793
2.4025204904229374 3.749741175413878 2.525470212413178
2.4025204904229374 3.3521317602877123 2.473654032221219
2.4025204904229374 2.4025204904229374 2.4025204904229374
3.805590459741794 2.4025204904229374 2.154782096123842
2.197920658730738 6.003271755572062 3.595268831210368
2.197920658730738 6.364853346923542 2.4514976516527627
2.197920658730738 4.7139339792581865 3.0767175709014776
2.197920658730738 6.088303040148137 4.600577449436767
1.7785207368070357 6.088303040148137 4.080003361876696
1.7785207368070357 5.4262427079353905 3.5856765617552018
1.7785207368070357 5.922685837364998 4.367742716565204
1.7785207368070357 5.4262427079353905 3.71899555886476
1.7785207368070357 5.994855401047463 3.9127958127209124
0.8608978555907822 5.994855401047463 2.7540849318172786
2.6710771249750107 2.191801979153294 1.9038316272459843
2.6710771249750107 2.191801979153294 1.8685384395068978
2.6710771249750107 2.253636301681109 1.8977753051933515
0.8608978555907822 2.6710771249750107 1.5196846947232079
0.8608978555907822 2.71546854625143 1.6646476896399196
3.468327431527435 0.9150588065194687 0.8671126037998282
3.468327431527435 0.9150588065194687 0.8446288073506157
3.468327431527435 5.38996541604698 2.0426367239199985
3.468327431527435 0.8077044304145855 0.8071049760488542
3.468327431527435 0.8077044304145855 0.8071049760488542
3.468327431527435 0.8077044304145855 0.8071049760488542
3.468327431527435 0.8077044304145855 0.8071049760488542
3.468327431527435 0.8077044304145855 0.8071049760488542
3.468327431527435 2.9920762017272016 1.310591315062958
3.468327431527435 1.432397958453088 0.9993183692914703
0.5910141561162807 3.468327431527435 0.9863889644328303
0.5910141561162807 3.468327431527435 0.8683648777077131
0.5910141561162807 0.8077044304145855 0.7743674651379229
0.5910141561162807 0.8077044304145855 0.7910359477762541
0.5910141561162807 0.8077044304145855 0.7993701890954197
0.5910141561162807 0.8077044304145855 0.7993701890954197
0.5910141561162807 0.8077044304145855 0.7993701890954197
0.5910141561162807 0.8077044304145855 0.7993701890954197
0.5910141561162807 0.8077044304145855 0.7993701890954197
