2.3238390218276597 7.750374300896937 5.459175238715775
2.3238390218276597 7.750374300896937 4.904777337462714
2.3238390218276597 9.644487369827822 5.864591034351023
2.3238390218276597 9.644487369827822 6.294337358317287
2.3238390218276597 10.010255334533914 8.14773543516393
2.3238390218276597 10.010255334533914 6.5358031141934525
2.3238390218276597 13.04642301727574 7.8887139148614365
2.3238390218276597 13.04642301727574 6.647443956667906
2.3238390218276597 8.939309081975436 4.144593993724925
2.3238390218276597 8.939309081975436 3.5896281171459026
2.3238390218276597 8.939309081975436 3.970220351865262
2.3238390218276597 6.310942057047907 4.26949787268625
2.3238390218276597 6.301030908843266 3.1917010019395606
2.298103996694963 6.301030908843266 2.5610779020222383
2.298103996694963 4.10720126490401 3.036430906613925
2.298103996694963 4.10720126490401 3.154728723694572
2.298103996694963 5.607090453051505 3.04386117635229
2.298103996694963 5.607090453051505 2.477845079192355
2.298103996694963 7.35097342405237 5.783706956822011
2.298103996694963 7.35097342405237 5.061852133907086
2.298103996694963 5.6269640896313895 5.2472375458585185
2.298103996694963 5.6269640896313895 5.245051196998621
2.298103996694963 5.6269640896313895 5.373084277496176
2.298103996694963 5.6269640896313895 5.2472375458585185
2.298103996694963 7.629418228895391 5.6583267336243495
2.298103996694963 8.994263298849864 6.6423721030840195
2.298103996694963 8.994263298849864 6.630644709377287
2.298103996694963 8.994263298849864 5.870346991032771
2.298103996694963 7.665756805165273 5.002086084892446
2.298103996694963 7.629418228895391 3.404786744406666
2.298103996694963 5.832588657193661 2.569999575043272
2.298103996694963 6.312102381376388 3.6011573530691967
3.0493789504466418 6.312102381376388 3.8043638578427217
2.298103996694963 6.172498458951743 2.745149511570745
2.298103996694963 6.172498458951743 2.5915951209647776
2.298103996694963 5.981149876809802 3.5627211154326193
2.298103996694963 5.981149876809802 2.6511674047546046
2.298103996694963 4.091392546746253 2.367076633235397
4.0948676040649765 2.298103996694963 2.298103996694963
4.0948676040649765 2.689194099845374 2.3432297778277023
2.298103996694963 4.0948676040649765 2.5895710941038264
2.298103996694963 4.0948676040649765 2.3672102892861173
2.298103996694963 2.298103996694963 2.298103996694963
2.298103996694963 2.298103996694963 2.298103996694963
1.2423617704347731 6.034938516880999 2.3419199844953833
1.2423617704347731 2.298103996694963 1.9732602347687507
0.3127044456192256 2.298103996694963 0.7773914382148218
0.3127044456192256 1.2423617704347731 0.16318731860887092
0.12002034053583488 0.3127044456192256 0.1496640490102027
0.12002034053583488 0.12002034053583488 0.12002034053583488
