3.1991817435806706 7.685918662234419 5.642999417080833
3.1991817435806706 7.6359593960829155 5.841157012210584
3.1991817435806706 6.297847958204674 5.154035050154798
3.1991817435806706 5.917245252744646 4.273762512702306
3.1991817435806706 6.290807289395147 4.811006662515501
3.1991817435806706 6.290807289395147 4.383904843286208
0.1403381805265309 6.290807289395147 2.5257097202854286
0.1403381805265309 2.9739119787843404 0.2493217881518311
0.1403381805265309 0.1403381805265309 0.1403381805265309
0.1403381805265309 0.1403381805265309 0.1403381805265309
0.1403381805265309 0.1403381805265309 0.1403381805265309
0.1403381805265309 0.1403381805265309 0.1403381805265309
0.1403381805265309 0.1403381805265309 0.1403381805265309
0.1403381805265309 0.1403381805265309 0.1403381805265309
0.1403381805265309 0.1403381805265309 0.1403381805265309
0.1403381805265309 0.1403381805265309 0.1403381805265309
0.1403381805265309 0.1403381805265309 0.1403381805265309
0.1403381805265309 2.6465764567096888 1.1042759790585144
0.1403381805265309 3.0689438103715756 0.9288089270232734
0.1403381805265309 3.0689438103715756 0.25297685859749414
0.1403381805265309 0.1403381805265309 0.1403381805265309
0.1403381805265309 5.65246804935672 0.9883581603465597
0.1403381805265309 0.1403381805265309 0.1403381805265309
0.1403381805265309 0.1403381805265309 0.1403381805265309
0.1403381805265309 0.1403381805265309 0.1403381805265309
0.1403381805265309 2.6159661953675273 0.7116369531821451
0.1403381805265309 0.1403381805265309 0.1403381805265309
0.1403381805265309 0.1403381805265309 0.1403381805265309
0.1403381805265309 5.4402315627645095 1.7710746058305245
0.1403381805265309 0.1403381805265309 0.1403381805265309
0.1403381805265309 0.1403381805265309 0.1403381805265309
0.1403381805265309 0.1403381805265309 0.1403381805265309
0.1403381805265309 5.549591863169219 2.0127721475951548
2.928540478060278 5.549591863169219 0.3483863990897112
0.1403381805265309 2.928540478060278 0.569292380147107
0.1403381805265309 0.1403381805265309 0.1403381805265309
0.1403381805265309 0.1403381805265309 0.1403381805265309
0.1403381805265309 5.589734936027643 1.8170756437576439
0.1403381805265309 5.63993412735006 0.5633840225898792
0.1403381805265309 0.1403381805265309 0.1403381805265309
0.1403381805265309 5.630874480426922 0.5626871266727146
0.1403381805265309 0.17564259227183188 0.14712749047755033
0.1403381805265309 0.18132660115616206 0.17350780503540525
0.1403381805265309 0.19611901361002682 0.18212763601598575
0.1403381805265309 2.861674919170444 0.694554422048226
0.1403381805265309 0.19611901361002682 0.17600885987771425
0.1403381805265309 0.19611901361002682 0.17962096443260328
0.1403381805265309 0.18164702684869782 0.17509480067971867
0.13590673570212575 0.18164702684869782 0.15295082388803288
0.13590673570212575 0.1801908301309223 0.14097275259901704
