3.1747308384140926 7.630878643908053 5.3367904094575955
3.1747308384140926 7.366930355351304 5.8292260698341645
3.1747308384140926 6.805090661092127 4.331221450873038
3.1747308384140926 6.805090661092127 3.3143600623632476
5.049957467034851 3.1747308384140926 3.1747308384140926
3.1747308384140926 5.049957467034851 3.79551736175825
5.340683083094891 5.049957467034851 3.3413676431983443
3.1747308384140926 5.340683083094891 4.473266230538
3.1747308384140926 5.340683083094891 3.996713950176466
3.1747308384140926 5.340683083094891 3.6055426272671838
3.1747308384140926 3.42447605975265 3.405264888880453
3.1747308384140926 3.42447605975265 3.4148704743165514
3.1747308384140926 3.42447605975265 3.3956593034443547
1.9757345924852534 3.5809258283943177 3.013653972712601
1.9757345924852534 4.872502607495786 3.43825337695114
1.9757345924852534 4.872502607495786 3.0163338925919705
1.9757345924852534 5.855753949492964 2.963222011791754
1.9757345924852534 5.855753949492964 2.3662959568674906
1.9757345924852534 1.9757345924852534 1.9757345924852532
1.9757345924852534 1.9757345924852534 1.9757345924852532
1.9757345924852534 1.9757345924852534 1.9757345924852532
1.9757345924852534 1.9757345924852534 1.9757345924852532
1.9757345924852534 1.9757345924852534 1.9757345924852532
1.9757345924852534 1.9757345924852534 1.9757345924852532
1.9757345924852534 1.9757345924852534 1.9757345924852532
1.9757345924852534 2.8535396004330242 2.178304978934739
1.1375481184511043 4.270776009320919 2.255272889267041
1.1375481184511043 3.0015901667210696 2.262996790440122
1.1375481184511043 3.1118196917329652 2.119634668905652
1.0569501434000732 4.974818405549588 2.702106299282682
1.0569501434000732 4.974818405549588 1.3645244693385765
1.0569501434000732 4.359382148030765 2.861034732933095
2.3806914393967316 4.359382148030765 1.5128843226383941
1.0569501434000732 3.1949143072914876 1.221408925237874
1.0569501434000732 3.1949143072914876 1.221408925237874
1.0569501434000732 2.3806914393967316 1.1587763969382774
1.0569501434000732 1.0569501434000732 1.056950143400073
1.0569501434000732 5.8114305005682425 1.971273289009336
1.0569501434000732 1.0569501434000732 1.056950143400073
1.0569501434000732 1.0569501434000732 1.056950143400073
1.0569501434000732 1.0569501434000732 1.056950143400073
1.0569501434000732 1.0569501434000732 1.056950143400073
1.0569501434000732 1.0569501434000732 1.056950143400073
3.382813052990866 1.0569501434000732 1.056950143400073
1.0569501434000732 2.475090478586733 1.220581720536995
1.0569501434000732 1.0569501434000732 1.056950143400073
1.0569501434000732 1.0569501434000732 1.056950143400073
1.0569501434000732 1.0569501434000732 1.056950143400073
1.0569501434000732 1.0569501434000732 1.056950143400073
1.0569501434000732 3.382813052990866 1.1464064091535648
