3.2704281753272615 7.776012039231777 5.39200425717842
3.2704281753272615 7.776012039231777 5.77147681111931
3.2704281753272615 7.575254743092993 4.853241707295095
3.2704281753272615 7.575254743092993 5.104757158157435
2.7934263107947683 6.6555191873695705 4.772298646277703
2.7934263107947683 6.6555191873695705 4.672609086195139
2.7934263107947683 4.66317932930659 4.447438596401378
2.7934263107947683 4.66317932930659 4.519352174036448
2.7934263107947683 4.66317932930659 4.591265751671518
2.7934263107947683 5.93602803105685 4.806516332721737
2.674558715363841 9.113176627517731 5.466035514139678
2.674558715363841 9.113176627517731 5.0205786596543245
2.674558715363841 5.581283203746924 4.621797406031818
6.469208145849194 5.581283203746924 3.1813293544990313
2.674558715363841 5.896140542194704 4.117577860840635
2.674558715363841 6.469208145849194 4.184479564523288
2.674558715363841 4.65993235707143 4.223701781676207
2.674558715363841 4.65993235707143 4.188432084753296
2.674558715363841 7.128632321661739 5.4696457594441865
2.674558715363841 7.128632321661739 5.9006472419701534
2.674558715363841 7.544534901112048 7.064191362472926
2.674558715363841 7.7211715878879374 6.678313649980494
2.674558715363841 7.544534901112048 5.480009708218826
2.674558715363841 7.544534901112048 5.684630132432261
2.674558715363841 6.022999374203241 5.8337290112096465
2.674558715363841 7.388068470034307 6.436477577846575
2.674558715363841 8.089532280181666 5.313093212858429
2.674558715363841 8.08509390195908 5.916677874442158
2.674558715363841 8.08509390195908 6.798185084535709
2.674558715363841 8.08509390195908 7.09169433276846
2.674558715363841 8.08509390195908 4.59256746682963
2.6227000235234326 6.96091983520026 3.054955955630466
2.6227000235234326 5.68397704627337 2.7444305776169244
2.6227000235234326 2.674558715363841 2.626689153665004
2.6227000235234326 5.910363076716724 5.095033918852886
2.6227000235234326 5.910363076716724 4.812387905935463
2.6227000235234326 5.910363076716724 4.1920999961026135
2.6227000235234326 6.278152483355978 5.137971415402389
2.6227000235234326 6.278152483355978 3.9284159970968395
2.6227000235234326 6.476146505533755 5.456968186900137
2.6227000235234326 6.476146505533755 4.84426077216364
2.6227000235234326 6.268862781794738 4.737904661097315
2.6227000235234326 5.659560961499306 4.674588732604122
2.6227000235234326 5.659560961499306 4.169837529746394
2.6227000235234326 5.659560961499306 3.5337900648271896
2.6227000235234326 5.703058904582015 3.889596539661393
2.6227000235234326 5.703058904582015 4.152503604358994
2.6227000235234326 4.819155171628996 4.387927354065886
2.6227000235234326 4.819155171628996 4.519062218689533
2.6227000235234326 4.935170738430159 4.390833344037306
