2.286879221822016 7.736758176491101 5.316278956608341
2.286879221822016 7.499844336822873 5.2457649940292574
2.286879221822016 7.499844336822873 4.096239481904201
2.286879221822016 6.923534008780258 4.313272394127863
2.286879221822016 5.135982691195469 4.0989449903952835
2.286879221822016 4.247036123221569 4.13725529809739
2.286879221822016 6.217824763054185 4.65852866450799
2.286879221822016 7.058606303444325 4.784464936740602
2.286879221822016 7.058606303444325 4.498456393587695
3.405601170347176 5.743307389333719 3.2059853480778866
2.286879221822016 5.743307389333719 2.992264038906659
2.286879221822016 5.731597568716115 3.644888015215427
3.405601170347176 6.926596433690264 5.117120240908756
3.405601170347176 8.201265361216851 5.36830825822338
3.405601170347176 9.177074034716252 6.530325855444902
3.405601170347176 9.301292175697105 6.4273253032987725
3.405601170347176 9.301292175697105 5.022566905455298
3.405601170347176 9.301292175697105 6.666147429177267
3.405601170347176 8.105633654361766 6.431616494070279
3.405601170347176 8.105633654361766 4.716834283817999
3.405601170347176 8.074701107489137 4.729372148385474
3.405601170347176 6.526965280673146 5.345967001452583
3.405601170347176 6.526965280673146 5.203686784035906
5.971654059879658 6.526965280673146 4.4846898966336255
3.2888277975890294 6.578435837183115 4.415226805041533
2.314679218323168 6.578435837183115 3.5824136186720894
6.041404945384119 4.54932002406332 3.3381077821420115
6.041404945384119 5.971654059879658 3.128361541509766
6.041404945384119 3.7907694091918 2.8897631253087637
6.041404945384119 3.7907694091918 2.945147888138267
6.041404945384119 3.041759892075931 2.8306021567715867
6.041404945384119 6.210218514631617 3.767500571837153
6.041404945384119 6.259462136020812 4.913875910576965
6.041404945384119 7.523782329169821 4.805668938624914
6.041404945384119 9.680987748795655 6.048949434971504
6.041404945384119 11.287279803304223 9.455703298490308
3.0359822985173435 11.611290914227805 9.683751425627396
3.0359822985173435 11.611290914227805 7.924739836497331
3.0359822985173435 11.611290914227805 6.435174837375752
3.0359822985173435 11.287279803304223 6.351592264151733
3.0359822985173435 6.493188181537761 5.778165234273364
3.0359822985173435 6.493188181537761 5.885245955881916
3.0359822985173435 8.442562134735471 5.337775156434243
3.0359822985173435 8.442562134735471 4.525820350761084
3.0359822985173435 8.442562134735471 4.509387501714696
3.0359822985173435 8.442562134735471 4.01976962570805
3.0359822985173435 5.697033252487291 3.7662626893511733
3.0359822985173435 6.502262152649649 5.27381218218394
3.0359822985173435 6.502262152649649 5.748756229303589
3.0359822985173435 6.807171603697309 5.869765683304912
