2.718540993040645 7.771514621724966 5.507891153100125
2.718540993040645 7.771514621724966 3.9938099515289083
0.34052145976057746 5.997717190277893 1.3383103811326444
0.34052145976057746 3.4044442622717637 0.5732779279946746
2.718540993040645 0.8048266777400426 0.5087352632189288
0.34052145976057746 4.0125238926904565 1.6550585883990436
2.718540993040645 4.0125238926904565 0.803720590745965
2.718540993040645 4.571239110380493 1.8163731091628836
0.442875332461242 5.715784288551841 2.745324336565121
0.442875332461242 5.715784288551841 1.4831241147234422
0.442875332461242 0.8560029295051419 0.48752672566912336
0.442875332461242 0.8560029295051419 0.4921915633209556
0.442875332461242 2.7006924174868776 1.1000603577190324
0.442875332461242 5.733418237609747 1.0073844900847897
0.442875332461242 3.3283843569561395 1.9460235112615698
0.442875332461242 5.6640762407999965 3.409729081338958
0.442875332461242 5.6640762407999965 1.418160633548782
0.442875332461242 3.0335185831182057 0.532560441885944
0.442875332461242 3.0335185831182057 0.5333662343202326
0.442875332461242 3.1745729597552033 1.1813194507577718
0.442875332461242 3.5045867783197804 1.1470719630530863
0.37578424406527633 4.0078907070321925 0.6723665648906945
0.37578424406527633 5.157177497732057 2.157219013047141
0.37578424406527633 7.491574956246467 3.3364158610440544
0.3135199400494426 0.5308237186500411 0.4181159897682211
0.2367733048519054 2.8191451330573547 0.6210518737463532
0.2367733048519054 2.6719989330612006 1.116612369490691
0.2367733048519054 4.907675585354749 1.180801897334939
0.23023065962943834 0.8242883857252363 0.4163440547791433
0.23023065962943834 0.8242883857252363 0.24914256884217706
3.1096717147931163 0.2367733048519054 0.2325545285968435
0.22590458533053992 0.2367733048519054 0.2296421400353105
0.22469240229990506 5.064241234480125 1.67758743909367
0.22469240229990506 3.1096717147931163 0.39857911158306963
0.22469240229990506 2.692552001738051 0.4716133710509227
0.22469240229990506 0.22590458533053992 0.2247166459605175
0.10199912785631016 0.22590458533053992 0.19284063826579556
0.10199912785631016 2.2020894758115337 0.9589504754728335
0.10199912785631016 0.6281296284583857 0.4369048532028384
0.10199912785631016 0.6281296284583857 0.3696339402704137
5.400572449292046 0.5896211413346255 0.2736341384235098
0.0022516462617834243 5.400572449292046 1.7297143032314666
0.0022516462617834243 5.398029583986961 1.2972383513158257
0.0022516462617834243 0.0022516462617834243 0.0022516462617834243
0.0022516462617834243 5.485998590918022 1.5377007907655302
0.0022516462617834243 0.0022516462617834243 0.0022516462617834243
0.0022516462617834243 4.8416121652021396 1.8412086434591177
0.0022516462617834243 5.925753886829472 1.423892183998028
0.0022516462617834243 0.0022516462617834243 0.0022516462617834243
0.0022516462617834243 5.149978445824992 0.619978862209368
