1.9572829545285129 7.769750096021479 5.551963506072991
1.9572829545285129 8.1532077096545 5.380095744264752
1.9572829545285129 9.686349057709425 6.73873771274974
1.9572829545285129 9.686349057709425 4.803393538539317
1.9572829545285129 9.686349057709425 5.19736531574076
3.41102054541992 7.636845570176135 3.8875985790031122
1.8010259400244277 5.9939534452572865 3.1403919458039526
1.8010259400244277 5.9939534452572865 4.455410805524264
2.9545407725675017 5.9939534452572865 4.134035542654
2.9545407725675017 5.773876373385214 3.5398379122900234
2.9545407725675017 5.5858578540280135 4.76688672666089
2.9545407725675017 5.5858578540280135 4.483237488522761
2.9545407725675017 5.741914982191435 4.86063083317017
2.9545407725675017 5.741914982191435 5.126317112201118
2.9545407725675017 5.741914982191435 4.745096473503363
2.9545407725675017 5.694809651993896 4.419230822027585
2.9545407725675017 5.531084877789112 5.048236998484281
2.9545407725675017 6.208749673728903 5.501333400659294
2.9545407725675017 6.6613755520187325 5.766924801229086
2.9545407725675017 6.6613755520187325 5.51101635151835
2.9545407725675017 6.6613755520187325 5.481257783953755
2.9545407725675017 6.032577313955059 4.506095587476737
5.416262096422567 6.032577313955059 2.5370874197138376
5.416262096422567 6.276558561721085 3.506856157064768
3.6218673063992637 6.276558561721085 4.4486665313712805
3.6218673063992637 6.276558561721085 4.3203503907752845
3.6218673063992637 6.331637840611901 4.5872910608427535
3.6218673063992637 6.331637840611901 4.480810844737681
3.6218673063992637 4.300597850963694 4.244601003890026
3.6218673063992637 4.300597850963694 4.273448629181119
3.6218673063992637 6.410483300831391 4.906414264141429
3.6218673063992637 6.410483300831391 4.4904554670603
3.6218673063992637 6.410483300831391 4.3358376994217345
3.6218673063992637 5.088853838198531 4.536155902469722
3.6218673063992637 6.255445243463594 4.832036181780807
3.6218673063992637 6.255445243463594 4.496983394512125
2.781290611810363 6.255445243463594 3.852065446488467
2.781290611810363 4.414609937553582 3.8021476161965326
2.781290611810363 4.414609937553582 3.4373936663003857
2.781290611810363 4.414609937553582 3.3714256918343137
2.781290611810363 6.2191651637159 4.49657593224741
2.781290611810363 7.373920748522719 5.040294975509255
2.781290611810363 7.373920748522719 4.3923108552128385
2.781290611810363 7.373920748522719 4.4278903757362595
2.781290611810363 7.373920748522719 5.023122661278282
2.781290611810363 7.174496031933243 4.825264120434755
2.781290611810363 7.174496031933243 4.604859076325678
2.781290611810363 7.098067962587406 4.942880091513586
2.781290611810363 7.098067962587406 4.5910908756395585
2.781290611810363 4.774635987919595 4.113446647995873
