2.7700905419503177 7.739397415140521 5.677178434777904
2.7700905419503177 10.322422293096594 7.710455549858107
2.7700905419503177 10.322422293096594 7.1094586426118145
2.7700905419503177 11.633508405507639 7.586882678721197
2.7700905419503177 10.610521065945038 7.265618858267149
2.7700905419503177 12.94178610804858 9.147298963327852
2.7700905419503177 15.169715244733677 10.657955793457559
2.7700905419503177 15.169715244733677 12.060742253121786
2.7700905419503177 15.169715244733677 5.006269592733627
2.7700905419503177 13.19501847994319 2.9785891007101784
2.7700905419503177 3.9484758537528646 2.981827343519771
2.7700905419503177 5.654857717799999 3.8930478521473257
2.224252475518114 5.654857717799999 3.212789679067232
2.224252475518114 3.4478197146209095 3.032269075835708
4.797559365777829 3.5346023386470162 3.2000248212909015
1.3744086991430966 3.5208067653688144 2.6894119937465892
1.3744086991430966 5.97952673935497 3.4422887619965654
1.3744086991430966 5.97952673935497 2.5426194783204834
1.3744086991430966 8.08592135228382 3.7319103899879362
1.149728747330919 1.8338604005578643 1.2878458878124983
1.149728747330919 5.537896976332412 1.5557778595892255
3.304970054606031 1.267026543664056 1.1354168081103297
0.947967593687228 3.437609122632861 1.877769705633622
0.947967593687228 3.437609122632861 1.3530647106935854
0.947967593687228 3.437609122632861 1.3081010881288408
3.304970054606031 7.363731809879955 4.116369635957987
0.947967593687228 7.363731809879955 1.786297989189245
3.304970054606031 4.139927609441067 1.340055095140562
0.947967593687228 3.5715890086222477 2.001601425469646
3.304970054606031 3.5715890086222477 1.5294778289384652
3.304970054606031 2.9170793909397195 1.341998672973786
3.304970054606031 1.3047592253592453 1.2976233927258063
3.304970054606031 5.023287844122301 2.899574719079423
3.304970054606031 5.972445707715497 3.435409156057977
3.304970054606031 5.972445707715497 4.413219644886983
3.304970054606031 5.9448797371954925 4.356569748280272
3.304970054606031 5.800892445951092 2.527772841079002
3.304970054606031 5.800892445951092 2.327223800522842
2.614216115884251 5.800892445951092 2.443407549061079
1.2270176057167963 5.9421250372469565 2.3954875004009506
1.2508524716931118 2.9639993173261883 1.6351540332993721
1.2270176057167963 3.178349691542 2.006123616479719
1.2270176057167963 3.178349691542 2.629119791985205
1.2270176057167963 3.178349691542 1.806286039717176
1.2270176057167963 3.302809586046298 1.89732084715983
1.2270176057167963 3.302809586046298 1.3822198484534451
1.2270176057167963 4.401552167888653 2.388403686497385
1.2270176057167963 4.401552167888653 1.3036230348048097
1.2270176057167963 5.985872159494104 3.941514143739872
1.2270176057167963 5.985872159494104 3.539558451359828
