3.035999329141181 7.656302361314509 5.280232453697615
3.035999329141181 6.949938255082937 4.55191993047928
3.035999329141181 7.412817718974514 5.264043691494144
3.035999329141181 7.412817718974514 4.766734840296245
3.035999329141181 6.351866561805288 4.391447774557526
3.035999329141181 6.351866561805288 4.225701729181612
3.035999329141181 6.351866561805288 4.26685057810983
3.035999329141181 6.351866561805288 4.235346769854229
3.035999329141181 6.351866561805288 4.227978910724533
3.035999329141181 5.508219049419548 4.820160938292616
3.035999329141181 7.209494203033204 6.006609307575426
3.035999329141181 7.209494203033204 5.688935741033705
3.035999329141181 7.209494203033204 5.994098059398863
3.035999329141181 6.630952246500893 5.433421101071988
3.035999329141181 6.347031866249512 5.611313574371123
3.035999329141181 6.33647294702109 5.839834060189201
3.035999329141181 6.294271972063317 6.00028084350408
3.035999329141181 6.578008160207002 6.154210619801623
3.035999329141181 6.578008160207002 5.739014822122411
3.035999329141181 8.037088659222725 6.019141120400012
3.035999329141181 11.644779411103 7.799540647172708
3.035999329141181 11.644779411103 9.013588021401942
3.035999329141181 11.644779411103 7.590372602448715
3.035999329141181 11.644779411103 6.762093821128634
3.035999329141181 11.644779411103 7.295809156508845
3.035999329141181 11.463778382057164 6.169279905523269
3.035999329141181 7.489375690687831 5.621061531153074
3.035999329141181 7.489375690687831 5.456874144159238
1.2698562667136604 6.1337235630832865 3.7293483386799178
5.047503760974237 5.510388574493589 2.3678699228675706
0.6729543144587855 8.06529049514881 4.086065779441775
5.047503760974237 9.442703440046708 6.062958497691011
5.047503760974237 9.442703440046708 1.5352675418936435
5.047503760974237 2.3056840320655394 1.8242731004738366
1.1054001131766253 5.047503760974237 2.533793706226657
1.1054001131766253 5.047503760974237 1.2888589223197362
1.1054001131766253 2.3056840320655394 1.1294057915544047
1.1054001131766253 4.4262622959263425 3.301557253297885
0.4219692010656684 4.4262622959263425 2.0931522971698735
0.4219692010656684 4.4262622959263425 1.8751677220082217
0.4219692010656684 3.4646184951966537 0.9843819375451395
0.4219692010656684 3.4646184951966537 1.4803285359058684
0.4219692010656684 5.6153212239249655 2.2444819818523127
0.4219692010656684 5.6153212239249655 1.0085333622399555
0.4219692010656684 1.1878415068833097 0.7490985008233791
3.247805487452926 2.5822104543553484 1.0994673890250044
2.986112718268839 3.483093547682817 2.0802550077884194
0.4146721372860296 3.483093547682817 1.7168498756296804
0.4146721372860296 4.456023754057821 2.5996761249494282
0.4146721372860296 4.456023754057821 0.5469279812411213
