0.38838272622470926 7.463481210745037 5.489249120509067
0.38838272622470926 7.328604783492294 3.966084403024081
0.38838272622470926 5.100163862612465 3.329400120004181
0.38838272622470926 5.710673869470597 2.3440426610352008
3.0647985175308325 5.710673869470597 1.3015890929733467
0.38838272622470926 3.0647985175308325 0.388382726224709
0.38838272622470926 3.0647985175308325 0.5489676737030763
3.088014617958969 0.38838272622470926 0.388382726224709
0.38838272622470926 3.088014617958969 0.6583459153981349
0.38838272622470926 4.281711268899187 1.2449150056130955
0.38838272622470926 5.674973977866809 1.2342373264874464
5.511519890971186 2.7470401803587063 1.1431531115475897
0.38838272622470926 5.511519890971186 1.6098192006342946
0.38838272622470926 4.936758264973221 2.207732941724113
0.38838272622470926 4.936758264973221 0.4793502369996792
0.38838272622470926 0.38838272622470926 0.388382726224709
3.767991375253484 0.38838272622470926 0.388382726224709
0.38838272622470926 3.767991375253484 1.7234286242550452
0.38838272622470926 2.9837982305288375 0.4402910363107915
0.38838272622470926 0.38838272622470926 0.388382726224709
0.38838272622470926 0.38838272622470926 0.388382726224709
0.38838272622470926 2.2757932443931144 0.9546058816752313
0.38838272622470926 2.2757932443931144 0.5771237780415494
5.5222604261979775 4.623262340228759 1.828241794986086
5.5222604261979775 4.715093310844178 2.2213905588624856
0.38838272622470926 5.5222604261979775 2.3566065620743464
0.38838272622470926 5.5222604261979775 1.8630237706380188
0.38838272622470926 6.023109391890788 3.018366852722742
0.38838272622470926 6.023109391890788 1.541348438805736
0.38838272622470926 2.7876879509207986 1.4533504002765172
0.38838272622470926 2.7876879509207986 1.2414925336307776
0.38838272622470926 5.674451318697038 1.7486950764126414
0.3779964754444056 1.4692920435299226 0.6982301185977168
0.3779964754444056 2.3683103509580126 1.301742845743042
0.3779964754444056 5.6664559868159685 1.826300824238755
0.3779964754444056 5.666995486782351 2.979784128565324
3.3158443188705395 5.666995486782351 0.6527759621308763
0.3779964754444056 2.95342750205732 1.4596775066218302
0.3779964754444056 3.3158443188705395 1.3369163817233243
0.3779964754444056 3.2001548288094566 0.4908828095790074
0.3779964754444056 0.3779964754444056 0.37799647544440534
5.218935065845976 4.3120000595514405 0.9985008905508537
0.3779964754444056 5.3080976900866155 1.0592943830702506
0.3779964754444056 0.3779964754444056 0.37799647544440534
0.3779964754444056 3.32687435391647 1.0267496087082597
0.3779964754444056 2.681029054552433 1.0228455975946529
0.3779964754444056 3.3325421261861057 1.437138792668053
0.3779964754444056 5.415315016216184 0.9452244363179761
0.3779964754444056 0.3779964754444056 0.37799647544440534
0.3779964754444056 4.236403263595928 1.7705325311378155
