3.790833720409989 7.696422327913561 5.63578747761489
3.790833720409989 7.652783119381267 6.091247745731791
3.790833720409989 8.368833176978496 5.666271086070849
3.790833720409989 8.368833176978496 5.2602781700655195
3.790833720409989 6.11641116984304 5.3231187162476665
4.560298978304747 6.461828947632224 4.967921784045644
4.560298978304747 8.780846537747273 6.69488278593008
4.560298978304747 8.780846537747273 5.456952225445267
4.560298978304747 10.032835604706522 6.488772033048872
4.560298978304747 10.032835604706522 5.802390794199199
3.3510091039119314 10.032835604706522 5.053408494280126
3.3510091039119314 10.032835604706522 5.692899184084408
3.3510091039119314 10.032835604706522 6.49836902167942
3.3510091039119314 8.971654816265735 6.8168973663104655
3.3510091039119314 9.190631384546695 6.228059218380688
3.3510091039119314 9.190631384546695 6.091013818466482
3.3691727634113353 7.3724654042538695 4.9115873682275115
1.2335542089643963 7.20308056304663 1.846912892417346
1.2335542089643963 4.580867933433623 1.5567747099874136
1.2335542089643963 1.7606127657559232 1.412754118273516
1.2335542089643963 5.208115735245606 3.176775481817019
1.2335542089643963 5.660427620361251 3.066490867695443
5.6833459783455 5.660427620361251 1.594820443073507
1.2335542089643963 1.7815687817579584 1.4121328610794668
1.191442672354491 5.8588608774246715 1.8158164186392491
1.0286140675812985 5.8859032879561894 2.29021403739075
5.82789223183131 5.536407966495606 2.3553447923302056
1.0286140675812985 5.82789223183131 2.6435625724173457
1.0286140675812985 5.82789223183131 3.6894072070360706
1.0286140675812985 6.939728838588781 5.099089263360944
1.0286140675812985 6.939728838588781 3.4771879396232204
1.0286140675812985 6.939728838588781 1.9233512157130002
1.0286140675812985 3.39558224209128 2.221744800485271
1.0286140675812985 5.42843748241193 4.052908207559765
1.0286140675812985 5.42843748241193 1.4609107841755595
3.9323214000631634 5.5689283589997345 1.664258068379881
3.9323214000631634 5.5689283589997345 1.798321470309587
1.0286140675812985 5.5689283589997345 1.884256287499582
1.0286140675812985 3.9323214000631634 1.0866882142309366
1.0286140675812985 1.0286140675812985 1.0286140675812994
1.0286140675812985 1.0286140675812985 1.0286140675812994
1.0286140675812985 5.811846368736727 2.654913049974145
3.4055863191888744 5.811846368736727 1.5922472368022909
1.0286140675812985 3.4055863191888744 2.1814317869308533
1.0286140675812985 3.2957026146968826 1.2192100290273808
1.0286140675812985 1.149469900090374 1.130897766984598
1.0286140675812985 1.1553795644130784 1.142402533305387
1.0286140675812985 1.37365871506502 1.2520723930708575
1.0286140675812985 1.37365871506502 1.1828932762936146
0.7948805364282632 3.205019380468706 1.6268406641633573
