2.69256839070793 7.782613511652286 5.346684251169509
2.69256839070793 7.812201644245384 5.441066040126021
2.69256839070793 9.14773275631458 5.888999911455326
2.69256839070793 7.812201644245384 3.775721721749239
2.69256839070793 6.309460469732098 3.86937695938627
2.69256839070793 6.309460469732098 4.3502939686630775
2.69256839070793 6.27191932870052 4.317706056384826
2.69256839070793 6.27191932870052 3.9269544480616356
2.69256839070793 4.863440939074412 3.7305019265157835
2.69256839070793 6.03781977804152 4.495904386499631
0.11784864182649857 6.03781977804152 2.9360831136634755
0.11784864182649857 5.963125147161822 1.637620533213682
0.11784864182649857 3.32687650662302 1.2730986731532465
0.11784864182649857 0.11784864182649857 0.11784864182649844
0.11784864182649857 2.610702032140417 1.1268304253319652
0.11784864182649857 0.11784864182649857 0.11784864182649844
0.11784864182649857 0.11784864182649857 0.11784864182649844
0.11784864182649857 3.2426766099883833 0.9928004729118263
0.11784864182649857 3.2426766099883833 0.24284176055297382
0.11784864182649857 0.11784864182649857 0.11784864182649844
0.11784864182649857 0.11784864182649857 0.11784864182649844
0.11784864182649857 0.11784864182649857 0.11784864182649844
0.11784864182649857 0.11784864182649857 0.11784864182649844
0.11784864182649857 0.11784864182649857 0.11784864182649844
5.139088001303296 0.11784864182649857 0.11784864182649844
0.11784864182649857 5.622356245280411 2.7541180649989467
0.11784864182649857 5.139088001303296 0.21827342901603441
5.541714230398135 2.6145678390179694 0.47405947630141293
2.6503395917319925 5.592357520053302 3.313717928213906
0.11784864182649857 5.460112415724602 1.5911538077758483
3.1299888092503427 3.8647553426117445 1.0171062500149572
0.11784864182649857 4.9168990354388775 2.423430218187017
6.316389893243507 3.051791478170785 0.9980314927297842
2.991032844457696 6.316389893243507 2.5872820677293724
0.11784864182649857 6.821960662625441 3.9771306858945423
0.11784864182649857 5.644888851504081 1.1808953622849523
0.11784864182649857 5.541714230398135 0.6602352006836619
0.11784864182649857 0.11784864182649857 0.11784864182649844
0.11784864182649857 0.11784864182649857 0.11784864182649844
0.11784864182649857 5.619513902235358 2.2165746321797255
0.11784864182649857 0.11784864182649857 0.11784864182649844
5.635361184115428 2.6576261484229957 0.8289863436735176
0.11784864182649857 5.635361184115428 1.7731024045131767
0.11784864182649857 0.11784864182649857 0.11784864182649844
0.11784864182649857 0.11784864182649857 0.11784864182649844
5.022897251319051 0.2327785060675862 0.1684177820925769
0.11784864182649857 5.022897251319051 1.5939604192439076
5.582809894176005 2.7043992508450683 0.9972758488928123
0.11784864182649857 5.582809894176005 1.3201401173433902
0.11784864182649857 0.11784864182649857 0.11784864182649844
