0.5196746478047314 7.653718604218948 5.569099844123399
0.5196746478047314 6.667375145592523 4.425137901472933
0.5196746478047314 6.106990964121664 3.45732383393271
0.5196746478047314 9.073819061790644 4.080365865725558
0.5196746478047314 3.91312641259702 0.6615653832268336
0.5196746478047314 0.8273078893252763 0.5258273126351419
0.5196746478047314 0.8273078893252763 0.5258273126351419
4.897719687331545 3.155759553255973 1.5213869118762051
5.248094742787238 4.897719687331545 2.4940398404618107
2.1057187260336616 5.248094742787238 1.9839148732993959
3.1867496479189197 5.763553996137578 2.0928384523045858
0.5196746478047314 5.763553996137578 2.590411420511752
2.7176065466846357 5.128998863145949 2.3739439490762426
2.7176065466846357 5.128998863145949 1.604910419518629
0.5196746478047314 5.444458582074962 2.7224545892390415
0.5196746478047314 5.7626866317337395 2.479860845896581
0.5196746478047314 7.7839944259647265 1.5533233366195558
0.5196746478047314 3.5109055911376115 1.5962582493498434
0.5196746478047314 3.5109055911376115 0.7622124103885571
0.5196746478047314 1.1722215896517594 0.5718784031524933
0.5196746478047314 4.519990508823469 1.4797504544492295
0.5196746478047314 5.756129865749969 0.7044100693840111
0.5196746478047314 0.5196746478047314 0.519674647804731
0.5196746478047314 0.5196746478047314 0.519674647804731
3.4901782730767548 5.438356028291349 2.388773572389648
0.5196746478047314 5.727842580837969 2.7701994633441087
5.768301268822928 7.770803413531969 4.106604260829467
0.5196746478047314 7.770803413531969 1.6452751341078808
0.5196746478047314 5.768301268822928 0.6780670804919277
2.8384878378509772 0.5196746478047314 0.519674647804731
0.5196746478047314 2.592973368860751 1.9642722839393483
0.5196746478047314 5.750641780916975 2.0672773939184026
0.5196746478047314 6.4326583278975775 4.1520511819136035
0.5196746478047314 6.515619936882658 2.796474625474642
0.5196746478047314 6.515619936882658 2.1700522979164374
3.3059033816452623 5.557316928335403 0.7116620622307183
0.5196746478047314 5.557316928335403 1.2818729398019684
0.5196746478047314 1.2764416956600724 0.6625280823394193
0.5196746478047314 5.676149728755529 1.5549540558689892
0.5196746478047314 2.0873417764641222 0.9379799560660885
0.5196746478047314 2.0873417764641222 0.6397619495928654
0.5196746478047314 2.9023088002374817 1.6769218347170471
0.5172885991837615 2.9023088002374817 0.7153234994156987
0.5172885991837615 2.7241587658097157 0.5876152311204211
5.005952148737467 0.5649981715206533 0.4526204446298348
0.3184384785345782 5.005952148737467 1.523054985805674
0.3184384785345782 3.0169258263333814 0.6794195260573415
0.3184384785345782 3.0169258263333814 1.406973833643239
0.3184384785345782 3.2468985316024868 2.1834464166002183
0.3184384785345782 2.8047254750607924 1.877876538030015
