2.0663032719747467 7.763925598576449 5.34981497436967
2.0663032719747467 7.9702527479861125 5.0042433392182275
2.0663032719747467 7.9702527479861125 4.250801698713975
2.0663032719747467 7.9702527479861125 3.051327346327506
2.0663032719747467 5.21559327801155 3.7139270294580884
2.0663032719747467 7.081997323181799 4.915392095553113
2.0663032719747467 8.212258216956856 5.8210031521161
2.0663032719747467 8.212258216956856 5.018857966786675
5.736777491176841 7.681557264915924 4.844883588058402
1.4867171644614499 7.681557264915924 3.783879929186762
1.4867171644614499 7.681557264915924 2.801600801007289
5.397070089568256 4.0637755961682345 1.9052121169375626
1.4867171644614499 5.397070089568256 4.324087343871444
1.4867171644614499 9.299121338580251 5.683617707805397
1.4867171644614499 9.299121338580251 2.47568610306613
1.4867171644614499 4.026946400524672 2.0596791717689915
5.738528077594111 3.6456531523704006 2.289467556860803
1.4867171644614499 5.738528077594111 2.3384005683416884
2.9178503136931337 3.6456531523704006 1.5205075026064607
2.9178503136931337 3.6456531523704006 1.5542978407514696
2.9178503136931337 1.4867171644614499 1.4585520196219417
2.9178503136931337 5.863498850870652 1.7305473024196638
2.9178503136931337 5.863498850870652 1.8181393093207747
2.9178503136931337 5.410242180563657 3.1497119554636646
2.9178503136931337 5.574891616396727 3.6688371607318273
2.9178503136931337 5.574891616396727 3.8523062387280356
2.9178503136931337 4.702811346932645 3.3202947794313022
2.9178503136931337 4.702811346932645 3.433710494767066
2.9178503136931337 3.855278758932816 2.5152837712045026
2.9178503136931337 3.760136392479595 2.82671222998985
2.9178503136931337 3.5723672317331148 2.4593587933762837
2.9178503136931337 4.5758918240277 2.4163003304589266
2.9178503136931337 5.567681505699234 3.012012590396883
2.9178503136931337 5.567681505699234 1.8249446909447977
2.9178503136931337 6.03577339422991 2.7535179830005325
2.9178503136931337 6.03577339422991 3.7060099875073664
2.9178503136931337 6.622416863327434 4.857461952860551
1.2377065565373582 7.581838483414982 4.493786553333752
1.2377065565373582 4.799266997864532 3.4233940569410204
1.1831693104756877 4.799266997864532 2.978543109436537
1.1831693104756877 4.799266997864532 2.6271081771413174
1.1831693104756877 3.6151185569673 2.945933360574113
1.1831693104756877 3.6151185569673 3.0603278947046646
1.1831693104756877 3.6151185569673 3.0169719989135593
1.1831693104756877 5.3023839898152545 3.550906645166045
1.1831693104756877 5.759390703266654 4.359677887159117
1.1831693104756877 5.759390703266654 3.0065139903964426
1.1130397695047098 5.759390703266654 2.454885311488336
1.1130397695047098 5.571771115161322 3.378160415392841
1.1130397695047098 5.571771115161322 1.3361180920376359
