4.537894337165728 7.737303478855347 5.733378805705288
4.537894337165728 7.680091226599821 5.389765222725819
4.537894337165728 7.58220881247242 4.460224917422158
4.537894337165728 7.58220881247242 4.349906101947017
6.107973900832956 7.171928914185516 3.9454964719577266
3.2861699935691076 6.107973900832956 4.769953140365883
3.2861699935691076 6.107973900832956 3.5857463913408285
3.2861699935691076 4.537894337165728 3.3112044804410385
3.2861699935691076 3.334861606526449 3.2890914903465465
3.2016270039989085 3.320378703839506 3.268733827226588
3.2016270039989085 3.320378703839506 3.3037143144175922
3.2016270039989085 3.9164166750972105 3.448837260112391
2.0355166148455663 3.9164166750972105 2.9232770007227686
0.7494116581967245 3.9164166750972105 1.6338842192283243
0.7494116581967245 2.705405093440089 0.992725252681339
0.7494116581967245 5.022600036603077 2.1916843017919607
0.7494116581967245 5.5501378169459805 1.7882379876205625
2.5869710074490446 5.5501378169459805 0.9308899489398377
0.7494116581967245 5.570525468296044 2.682599849510863
0.21854550252052407 5.570525468296044 1.2682742261917037
0.7494116581967245 5.570525468296044 0.8458339343987115
0.7494116581967245 0.7494116581967245 0.7494116581967246
0.7494116581967245 0.7494116581967245 0.7494116581967246
0.7494116581967245 5.01837847453595 1.9447223667717075
5.767387509628687 5.01837847453595 2.134616202402398
0.7494116581967245 5.767387509628687 1.5672136268078196
0.7494116581967245 2.2394325200443714 1.1815433318960475
0.21854550252052407 5.426264621896621 2.607871247971944
0.21854550252052407 5.426264621896621 1.2065014836973476
0.21854550252052407 0.7706435257152049 0.445180936058139
4.8913638396867185 0.7706435257152049 0.2512108221245656
0.21854550252052407 4.8913638396867185 2.15053751788522
0.21854550252052407 4.408899505928417 0.969065582006709
0.21854550252052407 5.389027182453056 3.9922631640896378
0.21854550252052407 7.180380245000997 3.6341916535235157
0.21854550252052407 7.180380245000997 0.4670597610887332
0.21854550252052407 0.21854550252052407 0.2185455025205238
0.21854550252052407 0.21854550252052407 0.2185455025205238
0.21854550252052407 5.557843009000486 0.8592612032981204
0.14734080745871525 0.21854550252052407 0.2014563757056897
3.165696638271044 2.5840477539808515 0.9181788477003269
2.9682815794094854 3.165696638271044 1.8597276693353746
2.9682815794094854 2.9012201345150896 0.10555570227499451
0.046442170245331926 4.718258561605474 1.541423415480578
0.046442170245331926 2.9682815794094854 0.7473439993973383
0.046442170245331926 0.046442170245331926 0.046442170245331926
4.794169875605846 5.668483607969435 2.0484003970005555
5.026515899387551 4.794169875605846 1.9167865020624992
0.046442170245331926 4.72327245710315 1.075344833354053
0.046442170245331926 5.026515899387551 1.0424569160737767
