5.063128575790817 7.673220290110409 5.103387442152722
5.063128575790817 6.417735356135445 4.68123361370146
5.063128575790817 6.417735356135445 3.9471382772270287
5.063128575790817 5.328480087438155 4.518507387806525
5.063128575790817 5.328480087438155 3.8369146144916426
5.063128575790817 4.950098210513293 2.944612948503862
5.063128575790817 5.843377683292459 3.296976420701216
5.063128575790817 5.0180175808970695 3.7227077296435924
5.063128575790817 5.0180175808970695 3.912532337600062
5.063128575790817 7.3229411299357015 4.455662134962519
5.063128575790817 7.3229411299357015 4.465941762555459
5.063128575790817 7.3229411299357015 3.837325665566672
2.691042195094145 7.3229411299357015 4.585762512106149
2.525431171112953 6.235394632898906 4.22027832816481
2.525431171112953 7.87747526123195 4.653770979147949
2.525431171112953 7.87747526123195 4.885981610802365
2.525431171112953 6.599553140196498 4.351834912906106
2.525431171112953 6.406315528555961 3.3562497406921845
2.525431171112953 6.658927651783898 3.901465363181288
2.525431171112953 6.658927651783898 4.139123602638179
2.525431171112953 6.3184361069706405 4.203159022716801
2.525431171112953 6.3184361069706405 3.2784938868422158
2.525431171112953 3.681595711369774 3.4410544364571187
2.525431171112953 4.57753877572576 3.724873095426818
2.525431171112953 4.57753877572576 3.312936868048594
0.6734098391853434 4.57753877572576 2.734738606432037
0.6734098391853434 5.7042080117385865 2.5602383191130667
0.6734098391853434 5.7072254943914515 3.3834563895320158
0.6734098391853434 5.7072254943914515 0.8747021157405308
0.6734098391853434 4.456905011578353 1.581175096612906
0.6734098391853434 3.2917004048929646 0.8305072731278013
0.6734098391853434 2.801896944938463 1.2268164866811557
0.6734098391853434 0.6734098391853434 0.6734098391853433
2.155499568612424 0.6734098391853434 0.6734098391853433
0.6734098391853434 3.3443850865255134 1.6049977602021213
0.6734098391853434 5.7102401951065715 2.1060175549688065
0.6734098391853434 5.7102401951065715 0.8506846597711867
0.6734098391853434 3.119825526212019 1.0740887956351375
5.6976829508281455 5.375616973585817 2.3494939979951353
5.6976829508281455 5.114622834999295 2.2600597147710038
2.9156779152560657 5.6976829508281455 1.384320710369433
0.5158420221822166 5.6976829508281455 1.1261227021121014
0.5158420221822166 4.654793966418193 0.9473978516294982
0.5158420221822166 0.7192400831787933 0.5830595717143193
0.5158420221822166 2.0552887395566306 0.8851819341107907
0.5158420221822166 2.672634277667236 1.0345769047846718
0.3989531392730439 2.278028033534586 1.029885422965734
0.8260364385923968 2.278028033534586 0.5227595240912043
0.3989531392730439 0.8260364385923968 0.49802429267011383
0.3989531392730439 4.328710272846195 1.8331604483514878
