2.7250424257097703 7.655838197961955 5.797490669364015
2.7250424257097703 8.434138454064756 5.231807119464994
2.7250424257097703 8.434138454064756 3.32701348446497
2.7250424257097703 8.434138454064756 3.1486725763606347
2.7250424257097703 5.384295187219127 3.6946549982435277
2.7250424257097703 5.6618862803356755 4.4531237607020335
0.08356923584271359 5.6618862803356755 2.7212482104438287
0.8002208983595911 2.7135867070334787 1.0303755254713896
0.08356923584271359 0.8002208983595911 0.22689956834608874
0.08356923584271359 3.0266866385367845 0.6865257496318652
0.08356923584271359 3.205210652399938 0.7703303474853029
0.08356923584271359 2.9449105541891183 0.9991984577135636
0.08356923584271359 0.08356923584271359 0.08356923584271357
0.08356923584271359 0.08356923584271359 0.08356923584271357
0.08356923584271359 3.2386551368187253 1.3100083514546654
0.08356923584271359 4.9005021252630065 1.8807667940535395
0.08356923584271359 6.992417761920754 2.974566355876931
0.08356923584271359 7.237422212226978 2.0866480692303084
0.08356923584271359 0.08356923584271359 0.08356923584271357
0.08356923584271359 0.08356923584271359 0.08356923584271357
2.725164447566858 3.7620001859833114 1.2142146242662153
5.142644264925686 0.5973211758091748 0.2479698566319809
2.725164447566858 5.142644264925686 2.933534717761319
0.08356923584271359 3.2563880861408667 0.8574869018496502
0.08356923584271359 3.252248899042329 0.9707995415386066
0.08356923584271359 5.658232312390648 0.6410355434975068
2.6196199779811775 0.08356923584271359 0.08356923584271357
0.08356923584271359 2.6196199779811775 0.3906566465047637
3.136058709553009 0.08356923584271359 0.08356923584271357
0.08356923584271359 3.136058709553009 0.5719675516363606
0.08356923584271359 6.344438789402503 1.9602023509847282
5.5919022860153085 5.86174809046155 3.1132413007584416
1.0860174129321263 5.86174809046155 2.0528528586516526
0.08356923584271359 5.389781143721496 2.168366774106535
0.08356923584271359 3.5001372310855285 1.6733240032250931
0.08356923584271359 3.5001372310855285 0.7103741102816546
0.08356923584271359 1.4838174042782417 0.14142800022234134
2.6285010095472114 4.03997709708133 1.3496197514390724
0.08356923584271359 2.6285010095472114 0.8470487679540635
0.08356923584271359 0.08356923584271359 0.08356923584271357
0.08356923584271359 5.30689931224186 1.8595014618184253
0.08356923584271359 5.451703645268974 1.2645588059164923
0.08356923584271359 5.469614137955141 2.6326747825595067
0.16483866499898214 4.197205395171359 1.434623297394812
0.16483866499898214 4.197205395171359 0.3434128136851758
2.139556491059047 0.9833134145269047 0.18512312432274075
2.139556491059047 5.068898456419866 1.743239600436427
0.15258862826126718 3.0578573818937405 0.69854030971971
0.15258862826126718 0.24544405086251375 0.2369487948831901
0.15258862826126718 0.25235571347428065 0.23570570753618886
