0.8992448204163073 7.778857493381761 5.445004690426991
0.8992448204163073 7.6120810389075135 5.304926173198933
0.5578927949916914 7.410801487003896 2.7526678718007225
0.5578927949916914 6.580825162153641 2.3343728742173857
0.5578927949916914 6.580825162153641 2.158228304135906
0.5578927949916914 4.96817718265979 0.6460984827450531
0.5578927949916914 2.8969725872947767 0.9321455617601856
0.5578927949916914 6.603032330879774 2.371434655758116
0.5578927949916914 6.603032330879774 3.0600266428194733
0.5578927949916914 5.74399988520673 0.6616149367959919
0.5578927949916914 1.0678264528370893 0.568091468148599
0.5578927949916914 3.0239408693147998 1.6474470794070288
0.5578927949916914 0.5578927949916914 0.5578927949916911
0.5121153572116843 3.2424085249293317 0.9181606683377593
0.5121153572116843 3.2424085249293317 0.5767922568776385
0.5121153572116843 3.2896409860615283 0.6232163823656777
0.5121153572116843 5.598992087768803 1.936440841767678
0.5121153572116843 3.1364133266747882 0.7220591947687324
0.5121153572116843 3.2830308312839382 1.3988083089148053
0.45843088365992246 3.307689981595939 1.2798445994447825
0.45843088365992246 3.307689981595939 0.6744813873195631
0.45843088365992246 3.307689981595939 1.3953311620262314
0.45843088365992246 6.138038900428949 2.862077561404086
0.45843088365992246 2.9531356772187647 1.1267285376449045
0.45843088365992246 2.9531356772187647 0.5509427771645597
0.45843088365992246 0.5251330019168141 0.5027867079582409
0.45843088365992246 2.0856978800910295 0.568751830914337
0.45843088365992246 5.081696728129728 1.7343875281397054
0.45843088365992246 1.2673599683101604 1.3860504385412096
0.45843088365992246 3.2770467229215368 1.6047154892276898
0.45843088365992246 3.2770467229215368 1.9647209026175563
0.45843088365992246 3.5029223569255348 1.798917724680891
0.45843088365992246 4.213642437480605 1.7290430906265544
0.45843088365992246 4.213642437480605 0.6180208510696559
0.45843088365992246 5.653072630207202 2.1301044588053815
0.45843088365992246 5.653072630207202 0.764953667341482
0.45843088365992246 2.767910556409952 1.7847754883997207
0.38527142634796663 2.767910556409952 0.8496434525452017
0.38527142634796663 1.6666406352240704 0.9061585694985911
0.38527142634796663 3.320592360342584 1.6526079640465556
0.38527142634796663 3.320592360342584 0.5782143725180188
0.38527142634796663 2.315944167133886 1.122187130393767
3.1164102035744823 2.7298328259799693 1.1578156178937482
3.1164102035744823 2.6739383329261135 1.4020422588518957
0.38527142634796663 3.1164102035744823 1.5344529554309765
0.38527142634796663 5.204176896650342 2.474400877285186
0.38527142634796663 5.204176896650342 1.4401597467837752
0.38527142634796663 4.922159877317071 1.77667910298783
0.38527142634796663 2.9840352592868347 0.6504744831231691
0.38527142634796663 5.9458717646852755 2.6250560789967357
