3.3717384624837305 7.761733945074468 5.72761440935343
3.3717384624837305 6.54977509334817 4.991870382404063
3.3717384624837305 6.54977509334817 4.311211231046312
3.3717384624837305 7.273144694491602 5.143063438759924
3.3717384624837305 7.273144694491602 3.807512215587832
5.812365180715396 7.555393095541211 5.145242529057643
5.812365180715396 7.555393095541211 4.250627658416822
3.3717384624837305 6.389299564972745 5.269572457669694
3.3717384624837305 6.681130480432238 5.592284444459512
3.3717384624837305 8.384129520575577 6.427102494376853
3.3717384624837305 8.384129520575577 5.849786715539435
3.3717384624837305 11.677691719559355 7.0883037793154475
3.3717384624837305 11.637462202945105 6.484645962551848
3.3717384624837305 11.637462202945105 6.77327628273201
3.3717384624837305 8.093447402440503 5.088132567404814
3.3717384624837305 9.800119790927281 8.319065325802065
2.6384095849987586 9.800119790927281 5.853980181293252
2.6384095849987586 9.800119790927281 4.89722502465601
2.6384095849987586 9.527161643271468 4.267206785371847
2.6384095849987586 9.527161643271468 3.966380918978664
2.6384095849987586 9.527161643271468 3.2409315209456224
2.6384095849987586 4.362159792343796 3.233038149972832
2.6384095849987586 5.615011226519812 4.073958532256797
2.601114180494083 5.615011226519812 3.8088219860526915
6.437039599413673 5.613110135068599 3.504231909286366
2.601114180494083 6.437039599413673 4.656495022944755
2.601114180494083 6.437039599413673 3.842591876937974
2.601114180494083 6.437039599413673 4.220141291292643
1.2710600530452862 6.308762158094581 3.758692714184918
1.2710600530452862 6.308762158094581 1.9794770306106202
1.2710600530452862 4.439767716254128 1.3790762487802097
1.2710600530452862 1.2710600530452862 1.2710600530452876
1.2710600530452862 5.501570654502654 1.9479417492784667
1.2710600530452862 1.2710600530452862 1.2710600530452876
1.2710600530452862 5.553998294188421 2.470282760565365
1.2710600530452862 3.3933833186390143 1.8653105674115311
1.2710600530452862 5.818877212597876 2.4545860732947102
1.2710600530452862 3.3933833186390143 1.7904044832292856
1.2710600530452862 3.091012058636857 2.306405744894769
1.2710600530452862 3.4715258628004553 2.628911847687024
0.8729153634530857 3.7462213211401125 1.7758924644564582
0.8729153634530857 3.4715258628004553 1.490245092275493
0.8729153634530857 5.609835755499038 3.2384610055908256
0.8729153634530857 7.608426282359277 4.2150005020734245
0.8729153634530857 7.608426282359277 2.2151396376709114
0.8729153634530857 4.442353449603019 2.2817286029644634
5.558623078187722 4.442353449603019 1.5639819649406623
0.24291333720387032 3.2161353643130224 1.2655281824592088
0.1782361315640526 3.2161353643130224 0.32566790147965774
0.1782361315640526 5.558623078187722 0.7859884794141849
