3.1215498413033846 7.750600976427926 5.430258136714795
2.7829435314161235 7.750600976427926 3.9826279308789343
2.448740218313827 6.319466706388045 4.2386374597311445
2.448740218313827 6.319466706388045 3.0513225631261274
4.22955816271126 6.319466706388045 3.44963456200137
4.22955816271126 4.475378330286112 3.0097392692910194
4.22955816271126 4.475378330286112 3.349512932444706
4.22955816271126 6.046783418774897 4.83486763858298
4.22955816271126 6.466894437142532 5.291130437408858
4.22955816271126 9.043031643520699 6.643072526931238
4.22955816271126 12.443538394364483 7.357393986187015
4.22955816271126 12.443538394364483 4.79259325633948
4.582225592137153 12.65256682257689 3.188487729269637
5.278166395639378 4.582225592137153 3.2482969775418877
5.278166395639378 5.813068646571335 3.967679685154344
4.344747692632872 5.813068646571335 3.3236931553603637
2.3537451228834247 4.60097305626374 3.6839986589054248
2.3537451228834247 6.30197016103763 4.438876556512586
2.3537451228834247 6.30197016103763 3.286616931972528
2.3537451228834247 4.659680130336611 2.6327157171968456
2.3537451228834247 4.659680130336611 3.033503882243756
2.3537451228834247 4.068895273511249 2.5857649643705134
2.3537451228834247 2.62112354622267 2.4805597054963844
2.3537451228834247 3.572079813614281 2.8940094670401413
2.3449575079991516 3.572079813614281 2.6584310672969167
2.3449575079991516 3.588611198966046 2.7584105795577494
2.3449575079991516 2.859320179285078 2.800375061888265
2.3449575079991516 3.781400578918238 3.0777820286064212
2.3449575079991516 6.360165890031713 4.177830529359664
2.3449575079991516 6.360165890031713 3.5738178357273993
2.3449575079991516 4.394226209888629 3.714164884444896
2.3449575079991516 6.664816162018386 4.294068748269749
2.3449575079991516 6.664816162018386 4.208654715372245
2.3449575079991516 6.196590608964371 3.8331429940952635
2.3449575079991516 4.536389275096379 3.0796389003687477
2.3449575079991516 6.477292039240183 3.846230658008721
2.3449575079991516 8.500579544182283 6.7896184471943695
2.3449575079991516 8.62198624096436 5.788238411556972
2.3449575079991516 8.62198624096436 3.93731025072173
2.3449575079991516 6.612056716207501 4.249916883301761
2.3449575079991516 6.612056716207501 4.289783679532954
2.3449575079991516 6.557686042238615 4.837889789335946
2.3449575079991516 6.557686042238615 5.023982027119434
2.3449575079991516 6.384120069821183 5.304982529692877
2.3449575079991516 6.384120069821183 5.067688600608478
2.3449575079991516 6.384120069821183 4.100829510863139
2.3449575079991516 6.208478943851198 4.8534654000607595
2.3449575079991516 5.887847303244708 4.294775914229851
2.3449575079991516 5.887847303244708 4.298163532328235
2.3449575079991516 6.065335940982518 4.326899629553221
