2.7741403963826348 7.69366314738069 5.3445455350325695
4.526967454475397 7.69366314738069 5.3748313470443625
4.526967454475397 7.69366314738069 5.583087068923134
4.526967454475397 7.69366314738069 5.489149125878043
4.526967454475397 9.03365141866834 6.394559056130594
4.526967454475397 9.03365141866834 4.809519124330929
4.526967454475397 9.03365141866834 5.346099485705598
4.287521654983834 6.313057841673839 4.833441308186488
4.526967454475397 6.4638721750666015 5.242772300600613
3.7965763339861636 7.781576224052834 5.673614566437756
3.7965763339861636 7.7797485937387325 4.723159438848227
3.7965763339861636 7.650232979634119 5.766609727700726
3.7965763339861636 7.650232979634119 6.245450122541732
3.7965763339861636 7.762668547327143 5.521507886458556
3.7965763339861636 7.762668547327143 5.108249750256104
3.7965763339861636 7.762668547327143 5.467567457556665
3.7965763339861636 7.762668547327143 5.587033416710963
3.7965763339861636 6.3604999288530735 4.902882349210285
3.269994662301795 6.135287075839727 5.530613699591452
5.133180686024463 7.421705078673824 5.428635193415378
5.325595387304652 7.528321267354212 4.183633641866705
2.8311826024037434 9.044049914450111 5.567873929324451
6.106682026290681 9.044049914450111 4.1328516180296955
6.106682026290681 6.69991354316106 3.7678957193406926
6.106682026290681 6.643344355405475 5.102091137871536
5.560499716425966 6.3740942519166985 4.781394341259237
3.0551099334948444 6.106682026290681 2.178959436627406
5.560499716425966 5.459519312480257 3.4172334251139653
2.993234657896441 6.602129841570445 5.0873988940814465
5.560499716425966 7.714902521025746 5.67763595918692
3.3698456847997034 7.714902521025746 5.655188891037628
4.456063529856031 6.974799830949269 4.437740150322643
4.075566466771583 6.781023769337068 5.33417195943518
6.499496555472902 6.656688804046066 5.02186261453454
2.6745873909505815 6.656688804046066 5.109970500195241
2.6745873909505815 7.005895911560714 4.825266430767102
2.6745873909505815 7.299136074114324 5.272959632741872
5.271746711145639 7.005895911560714 4.02596251081686
2.695204921743056 7.005895911560714 4.935148952457007
2.695204921743056 6.656922820966059 5.402990064656106
7.664323871436883 6.6879110942501185 5.174505435385754
2.695204921743056 7.107799375510027 5.342074409122615
7.664323871436883 7.107799375510027 5.9584002405191265
7.664323871436883 7.202431353038808 5.218628583938562
4.682143334278422 7.664323871436883 6.223632307649228
4.267006399379564 7.665419441417509 5.787329120859903
6.271224618869184 6.157315585949966 5.255516493438922
6.166583971861996 6.271224618869184 5.19713748762922
3.725583090811615 6.271224618869184 5.565461092181514
3.6321321314543167 7.875770330864457 4.953557577666573
