7.756215184233671 7.570915529548374 5.356351400004843
7.756215184233671 7.3390142846952084 5.175024734968787
7.756215184233671 6.701217647734936 4.624965183652311
5.665324514541933 7.756215184233671 4.672022460847896
5.665324514541933 7.756215184233671 5.6528462970438
5.665324514541933 7.339232732867762 5.702202835251978
5.665324514541933 7.340845125506796 4.980821903023169
6.717460598391561 7.620826003666108 5.533868589848858
2.674596858341293 7.247382561331831 5.51013773630602
6.133302198950965 7.417548914513425 4.228936161328097
6.517618714497022 7.417548914513425 5.354189077016271
3.743304120608791 7.644105459291479 6.321377423107371
5.481343262152873 7.491562247062751 4.806123168558611
4.332377033180659 7.643490325127074 6.106486748714724
2.686782157466983 6.985398693505488 6.5152495914795905
2.686782157466983 7.3127322645222375 5.295393335905234
4.332377033180659 7.381941312372456 6.030288825332124
6.381510469091509 7.381941312372456 5.230067580841303
4.332377033180659 7.3127322645222375 4.74132740803557
2.954425613896071 7.629920422225592 5.436269361111204
6.381510469091509 7.629920422225592 5.424900585599139
6.381510469091509 6.547554507896557 5.53534857607059
5.081221649670685 6.725868438920196 5.471570763706196
3.7282613142133525 7.523976465333995 6.287323225401823
3.7282613142133525 7.523976465333995 6.335989802482158
6.583415998662819 9.453867462519884 6.4110362479917935
3.7282613142133525 7.4660525400462046 5.595843667134412
3.7282613142133525 6.583415998662819 5.24326770025983
4.337213942134884 6.642991927389545 5.647452313600094
2.761915711701136 7.74381709645399 5.258444810129058
6.485493832560081 7.74381709645399 5.507731255394832
6.485493832560081 6.478931089064385 4.483523713898081
6.662699209303053 6.671147940330648 4.746386434708175
6.520948104460576 7.6534727209656825 5.862340618995188
6.520948104460576 7.6534727209656825 5.432889427839668
6.520948104460576 7.6534727209656825 5.889724089750123
6.520948104460576 7.5491478739334426 4.816079643093533
3.9027041883022275 7.5491478739334426 4.621899848789807
5.358027385716117 6.926859708863226 5.490258107078238
4.387507021362204 7.649583623295033 5.642173049689197
5.685773849987672 7.649583623295033 5.969369404189759
3.9385313233383497 6.754203527883263 5.011909505471502
5.170580673878135 6.754203527883263 4.891805687725789
4.705188055899534 6.751343397913315 5.009916341453598
3.9385313233383497 7.6724820633516515 5.1543431647722
3.0916112582498028 7.6724820633516515 5.490221175537208
3.0916112582498028 7.659151686387586 6.394877475566445
3.0916112582498028 7.323425197484278 5.348168012418631
2.581701684424982 7.323425197484278 4.9473167110085505
2.581701684424982 6.631523446895514 4.815929402020886
