3.555085859370099 7.677984768867445 5.5249933685113
3.555085859370099 7.3019628554004985 4.991978376956362
3.555085859370099 7.637193607563113 5.360522785473164
3.555085859370099 7.3019628554004985 5.840457547312931
3.555085859370099 6.593240425503133 5.603847160746734
3.555085859370099 6.628166236486219 5.13989916232172
5.4864228378088065 7.674191958691464 4.047343043849191
4.993524270061393 6.598609316541587 4.313567601233556
6.955981691714339 6.598609316541587 4.401457438082208
6.1022414914794005 7.117790553551508 5.367572100455318
6.678544556768532 7.158539246543565 5.961102887326368
5.62896017252892 7.378599184353197 5.1892777240527925
6.678544556768532 6.1022414914794005 4.887085171071808
2.6937556219195185 5.62896017252892 3.8903064129350833
2.6937556219195185 5.602740504427096 4.5696011510535115
2.6937556219195185 7.2061349926563505 5.50394387614636
2.6937556219195185 4.534363206797316 5.142154726552697
2.6937556219195185 7.5453204291856615 4.849150265355071
5.034956229798777 6.567516307031909 3.3632826283306856
2.390130760249289 6.596937672582431 4.500947241010332
5.034956229798777 5.704042027598593 3.8426002758147426
3.645928554346629 5.034956229798777 4.365441928469665
5.722208766225862 6.076428546680287 3.239670078002851
6.635259361639221 6.531590488417358 4.837991728313102
3.6524979197681415 7.5621014682160475 6.040461208805722
3.6524979197681415 7.606656281719744 6.505292113748006
3.6524979197681415 4.584742800631602 6.167150871175284
3.6524979197681415 6.7725695582178105 5.829930799240084
6.212682956612426 6.799411845465178 5.304599511911618
6.212682956612426 6.799411845465178 5.116706367477124
4.318684701006376 7.642691898912018 6.084592536574852
5.857756510044069 7.6821415801384845 3.4184535476846896
3.0568577888642285 6.289005849596645 4.003713587886652
6.657000504177901 7.640373228363536 4.605342511294558
6.657000504177901 7.640373228363536 4.843377433055817
3.480445877824192 7.640373228363536 5.29645874219345
3.480445877824192 7.335339837076239 5.694305473104025
3.480445877824192 3.9482052112560067 5.982848704545273
5.573970049663522 7.22004893105901 4.435713654299189
3.480445877824192 7.22004893105901 5.019650044502378
3.480445877824192 5.582250910755164 4.304834569675434
3.480445877824192 6.625953066302966 4.385641802872337
3.480445877824192 6.625953066302966 5.2011611466446155
4.3922753273704345 6.911244714978281 5.580092754585162
2.700550534965043 6.911244714978281 5.159092254249427
4.3922753273704345 6.911244714978281 5.607388813715439
4.072801003742693 7.671316171803959 5.785141399014374
4.072801003742693 8.347404418956367 6.043395675798835
4.072801003742693 8.347404418956367 5.660329473896778
4.072801003742693 7.752436441313149 6.294403491725169
