5.182201751915915 7.68257670853205 5.212252154570729
5.182201751915915 7.282936757722233 6.125333160877338
5.182201751915915 7.282936757722233 5.077853801506405
3.4810292731714942 7.282936757722233 2.786666157337158
5.182201751915915 6.961697941339718 3.6294436528906027
5.182201751915915 6.168436610052787 4.14864010130199
5.182201751915915 6.168436610052787 4.208895399726169
5.742086519763049 6.521419195072628 3.433828389829216
5.742086519763049 7.589954343680789 5.7723783821148205
6.2838024270681885 7.589954343680789 4.541002378556893
6.96062301376803 7.589954343680789 5.08470437932827
3.8019124632323984 7.377647949917945 6.469352668699923
4.593167678187029 6.653016114276607 5.294082520504372
3.408476353924901 6.96062301376803 4.022669298338701
3.0251471552407634 6.96062301376803 4.4814920097907
3.0251471552407634 6.871755818859603 5.2497698841460325
6.666006742343924 6.871755818859603 3.7626904560728
3.0251471552407634 6.871755818859603 4.890699486668172
3.0251471552407634 6.666006742343924 4.3482574107839005
4.088240882791979 6.906286757329887 4.466587427789736
4.088240882791979 6.906286757329887 4.813996530002276
4.088240882791979 6.656992774127495 4.226556028541487
4.088240882791979 6.806412253300278 5.497538342162658
4.532099320836068 6.806412253300278 5.069556325379871
4.088240882791979 7.682389255326694 6.038769868736069
3.2542721505092236 6.806412253300278 4.606696398922958
2.0987969058857314 7.626720557348364 4.588424827428462
3.597266218347404 7.626720557348364 4.717128528663718
3.597266218347404 7.626720557348364 5.266897845877506
4.116067259762616 6.590573025704039 5.832174047416263
4.116067259762616 8.937814466248918 7.015578073974027
4.116067259762616 7.698149087111805 5.622874895751687
3.7045726552620875 8.518086102449393 6.406197587201828
3.7045726552620875 8.518086102449393 5.387915735831804
3.7045726552620875 7.706527956964393 5.549026370396914
3.7045726552620875 7.767806371694883 6.371823976912339
6.066127151731141 7.546162011670644 5.488836143850742
3.7045726552620875 7.546162011670644 5.514881109881449
6.375791710099346 7.628028752788087 5.464023619760887
2.575163915077241 5.712905632979986 5.815018272247938
4.983739684620723 7.733090740539515 5.6132952370619424
3.797031456706059 7.546162011670644 6.198326071283088
3.797031456706059 7.517134776395219 5.812455240483158
3.797031456706059 7.3503556265188745 6.2532370134739885
4.318454303632372 7.3503556265188745 4.454682753829203
5.466454388176636 7.3503556265188745 4.426839394293652
5.0337257438363 6.394089101851446 3.7645436113644917
3.257843128521611 5.743057955281369 4.137906728418412
6.44641173874275 6.341113324243441 4.529169527667787
3.257843128521611 7.508271911352326 5.989487629807192
