1.7299273220627964 7.7709558200192514 5.577217380602804
1.7299273220627964 7.782481405963768 6.168662952613449
1.7299273220627964 7.782481405963768 5.242881728517258
2.8617564988371034 6.6630017196439475 3.3097463675870977
5.17243017288795 6.327444390774453 4.234982743495196
2.8617564988371034 7.700177136208664 4.905718932882002
4.176403737363017 6.626327194179556 4.507804313060138
4.176403737363017 6.628101201786162 5.209029999227804
3.759428754226971 5.879563117703128 5.491549316513345
3.759428754226971 7.308395650778158 5.505034390800131
3.759428754226971 6.7755933126477625 5.1086920208253215
3.759428754226971 6.7755933126477625 5.4012545956087346
5.373322195715083 6.4755303161008335 4.801404346503697
3.759428754226971 3.956908963362857 4.90202255332038
5.911556094284904 7.463624270087582 4.671640803247382
5.9934427441189975 7.463624270087582 5.308259562029406
5.9934427441189975 7.463624270087582 5.065620469685401
5.9934427441189975 7.7016309961957266 4.696244683292233
5.9934427441189975 7.640865821510703 5.055902780482032
5.9934427441189975 7.640865821510703 5.0916809987522464
5.9934427441189975 7.393938073114677 5.235955810827802
5.190824859937315 7.50380677153159 5.0525089488355714
5.190824859937315 7.50380677153159 5.687935363333043
5.190824859937315 7.602864234546347 6.239373654533524
5.190824859937315 7.602864234546347 5.547787388782501
3.7884126614864084 5.682437105007363 5.967526226711361
3.775465652126773 6.657115579054459 6.157831791296934
3.775465652126773 6.318122345425355 5.630758121149699
4.323305184987095 6.811971787004277 5.714266587481885
4.323305184987095 6.811971787004277 5.2954580310539
5.852142262242044 7.611373459816409 5.805656289539801
5.852142262242044 7.611373459816409 5.828386774059578
4.2220108279243185 7.611373459816409 5.159818754224712
7.337709462730857 6.494504073912623 4.854588753257718
7.337709462730857 7.297996719169195 5.533466063862637
7.337709462730857 6.97073799137125 5.735788101872979
7.337709462730857 6.97073799137125 5.150428694031278
7.337709462730857 7.6753610839548685 4.517617725246153
4.495513576679961 7.6753610839548685 5.613633850743427
4.237444637940516 6.3032312625134175 5.893698964112888
3.2505722277222167 3.5145290239160514 6.525692629786883
3.2505722277222167 7.521757768433604 5.006606866974747
6.170193825963281 7.521757768433604 4.1658797215838606
5.88119319470206 7.757439811675047 5.588855911202315
5.88119319470206 7.757439811675047 4.964008801929038
7.36223197802965 7.757439811675047 4.2752192003237015
4.268915298357982 5.635177172468399 5.905903065589531
4.268915298357982 7.462793152524403 6.456756742859167
4.268915298357982 7.36223197802965 5.450745733775579
4.238301961667684 6.025416204387156 5.11148597923833
