2.6122353936126967 7.765582865423633 5.569182755958736
2.6122353936126967 8.959572707176559 6.307085666265953
2.6122353936126967 7.436921853579866 5.428827050516575
1.9637227458869941 7.436921853579866 4.589861242955815
3.0696983203649038 7.436921853579866 3.3455277181938423
6.299258443172501 7.697103952498528 4.315129897248175
3.3582643370559286 6.433573689339067 5.290470766240382
3.8816680049455354 6.433573689339067 5.018737683165218
4.399331487019733 6.164026493248329 4.711064408857235
5.911095680593164 5.538093982300811 4.015320585071045
4.893701085198622 7.40505455765687 5.228942158413645
1.795999874693074 7.00762513720996 5.643733412256544
5.1166226417661775 7.00762513720996 4.905582188238143
4.893701085198622 6.639863574545615 4.161606103459831
4.281004675909976 7.6036220383937465 5.784103717847053
4.281004675909976 7.6036220383937465 4.45240529838274
4.893701085198622 7.6036220383937465 5.664244876595028
4.893701085198622 7.644203109707139 6.9879540976019925
4.893701085198622 7.1346413522287015 5.804856072972232
2.759173623382932 7.5565171048866 4.537850531060233
2.759173623382932 7.5565171048866 4.134117292208861
5.242270303507773 6.307259554009253 4.275970717464396
3.2246589654856135 6.733108646190496 5.133850348177979
5.242270303507773 6.733108646190496 5.357645162299931
5.242270303507773 6.733108646190496 5.344335878965167
6.534804581918266 7.42541168159565 5.277752624065977
7.721637850110007 7.530007349120593 5.599194633406998
5.995976924729792 7.721637850110007 5.3618805643393
5.102259846060079 7.5855858368594795 6.320436064156756
5.102259846060079 7.5855858368594795 5.3826827268908986
6.710491343584231 7.5855858368594795 5.54329481467935
3.6448988118318693 7.333520379544783 5.466283049650757
4.359963716925037 7.333520379544783 5.148533195641495
4.359963716925037 7.23164175091312 5.680712443948226
5.516587844306233 7.23164175091312 4.996152490837462
4.359963716925037 6.660520535128647 5.847841764321995
6.302571238471586 6.495817450959109 4.954140526748818
3.4195435495685627 6.661621487460852 5.305194375044571
6.15698494206838 6.495817450959109 5.374095762590441
6.15698494206838 6.743638046158264 5.75688573201651
4.969321382426159 6.743638046158264 5.270449815313282
4.103976633724919 6.665140735887782 5.411783711112885
6.607329163830297 6.665140735887782 5.308829472029256
5.082995639579355 6.658828881676492 5.041610382899479
4.103976633724919 8.125670178632245 5.303348860354119
4.103976633724919 8.125670178632245 4.966291560916325
3.8627444699949582 8.125670178632245 5.448397333374016
3.8627444699949582 6.6250457190458505 5.926789135191448
7.3672126738900925 7.285389199510819 5.3146956479581355
2.049388137040179 7.3672126738900925 5.288173873799308
