4.837855499412068 7.763377531289892 5.670748953357495
4.837855499412068 7.676903468556906 4.907038025152516
4.837855499412068 6.305681311675482 4.625947734766966
4.837855499412068 7.4257085202494615 5.448390414720075
4.837855499412068 7.4257085202494615 4.975858825683883
5.634734685948914 7.4257085202494615 4.152010970913838
6.026006069780468 6.837833596937907 3.953227268934829
4.837855499412068 6.729498658991188 4.399324424221438
4.837855499412068 6.729498658991188 4.936784277518864
7.451007419466599 6.729498658991188 4.589626445838289
5.833778079345564 7.553016414389601 6.240000001250038
5.748069360158599 7.553016414389601 4.907308360291565
5.748069360158599 7.6913756489916185 6.032548540518063
3.199937646092043 7.6913756489916185 5.863567912431105
7.586815434675385 7.6913756489916185 5.838658975064489
7.586815434675385 7.6913756489916185 4.968202612785869
7.586815434675385 7.663139222098165 5.780648213924272
7.586815434675385 3.9234565466841116 5.323733342149808
7.586815434675385 7.621841884470319 5.962110769554563
3.173727279259819 7.621841884470319 6.2082439468072605
3.173727279259819 7.621841884470319 4.7498651299231724
5.801755789493846 6.661103947259818 5.258779407375621
3.6537255214436297 6.875857010695084 5.550806091845697
5.947909159767789 5.801755789493846 4.376016713879463
5.0722741553060615 6.577001131177944 5.688564171942104
5.0722741553060615 6.463587298641311 4.781768708753228
5.054948633201569 5.669745618428216 5.42140509522941
4.549330809268188 4.569064184335655 5.954971086473522
6.6691726629194825 6.463587298641311 5.338704442610424
3.8280276578031622 8.234070390720202 4.874450094387019
3.8280276578031622 6.727066033483881 4.834033959794939
2.201566581296668 6.639698883875237 4.65791841284309
2.201566581296668 6.639698883875237 5.5515381800084596
6.48827183779699 6.639698883875237 5.012858169581026
4.339240558293163 6.552207493032153 6.403011929135528
6.420202047402579 6.264025778244143 5.98094453104395
6.420202047402579 7.1947285323289965 5.1219698550954424
6.420202047402579 6.50033879349429 5.757028884449043
3.6489142667398657 6.50033879349429 4.606523028506611
3.6489142667398657 6.520602211769802 4.949798638575163
3.6489142667398657 5.73104474815452 5.6252572483498655
3.6489142667398657 6.478725286846558 5.567475548986482
3.0937062581675616 7.763712043331772 5.323495822500166
3.174989869219456 10.495890433352562 6.186817668710757
3.746785383464282 10.495890433352562 6.894488492792693
5.0855347933319415 9.777119943120203 5.587276333324992
5.0855347933319415 9.777119943120203 5.3628802726161755
5.0855347933319415 7.556730823802312 5.217644263980872
5.0855347933319415 7.611524563932418 6.255977283212417
3.174989869219456 7.611899943675688 6.611622023386658
