6.079891972214494 7.777788091100911 5.396335092317729
6.079891972214494 7.777788091100911 4.793319068601205
6.079891972214494 6.645608258484177 4.965233130664217
3.6672223659642005 6.611916967994208 6.12915776470432
4.557128151707424 6.334523021121399 4.5697259964916945
6.334523021121399 6.280690745650915 5.098905998575436
3.3337371526682067 3.864935109801419 4.960879833716503
6.334523021121399 5.602590435878717 4.799523154377594
3.6672223659642005 7.5075422671061 5.363445196042208
3.6672223659642005 7.5075422671061 6.118165879984978
3.534790449213038 7.69605649194745 5.405999875118905
3.534790449213038 7.69605649194745 5.552866206742281
3.534790449213038 4.064603767499506 5.943907960189945
3.534790449213038 6.631303015196188 4.9936841002098316
3.534790449213038 6.384402189196717 5.4727052290019
3.534790449213038 5.456369153315972 5.4878974751316525
3.534790449213038 6.9984484487270375 5.539886498910451
3.534790449213038 6.9984484487270375 5.025435609081225
3.534790449213038 6.9984484487270375 5.606153133395082
6.506964352060731 6.4724666416981655 4.8159491727913375
5.609336245905613 6.506964352060731 3.7884421147227827
3.155899327632636 6.506964352060731 4.879227069221247
3.147970838078074 7.6320389264716955 5.419994603212027
3.147970838078074 7.6320389264716955 6.006283145393962
3.147970838078074 7.778625607624514 6.609277510554292
3.147970838078074 7.778625607624514 6.064419572691827
3.147970838078074 7.944213935918183 5.907319675724932
3.147970838078074 7.944213935918183 5.7196416327651445
4.476747725299486 7.944213935918183 5.669935892049686
6.452409214804479 7.944213935918183 3.1215037031293047
4.922820964181458 7.626675412325097 5.5691882932973
6.701101025081645 6.987819157805909 5.897044586955478
6.048897922992079 6.701101025081645 6.117400538193197
1.3584927480911415 7.62654440088933 5.298725381811132
4.764938706491744 7.62654440088933 3.202145382485134
4.764938706491744 7.62654440088933 5.397251343830948
2.860198556315759 6.8603896406183775 5.818893333500852
6.072604221476993 6.8603896406183775 4.5116926291078245
2.860198556315759 7.736324550819626 6.380342197324392
2.860198556315759 9.152831276687824 5.291757824567575
2.860198556315759 7.736324550819626 6.290208108724905
2.860198556315759 7.7205797797831455 3.859466409257077
6.073393104092677 6.687340706532016 5.412397151065895
3.7912856849849423 6.687340706532016 6.0277555446830915
2.6100507985209984 6.654094698025098 5.715223909018084
4.366327554155259 7.29857548745105 5.717363861281714
2.6100507985209984 7.549300354471264 5.633083361885303
2.6100507985209984 7.549300354471264 4.8301579503197125
6.183370576117717 6.665371506800394 4.810224420644892
2.808217003146123 6.2405398603329445 5.2357799617222245
