5.980444182192304 7.734904592278433 5.416881491197371
3.130411083456043 7.641020975704313 6.047509803676905
3.7715872833272255 7.641020975704313 6.067185535884678
3.7715872833272255 7.657637263097941 5.507187322464427
3.7715872833272255 7.657637263097941 6.011067342516559
3.7715872833272255 6.864612609142547 4.988421183933444
2.180581059268729 6.360806677702875 3.701066674703339
5.986391014226857 6.360806677702875 3.8468130303744403
5.859533473506513 6.548149919706539 5.291301765292712
5.859533473506513 7.61336510342054 5.2259127600961826
4.5503682460907555 7.61336510342054 3.7696100579108514
5.859533473506513 7.327004462577891 4.921747805391327
5.859533473506513 7.327004462577891 5.3855325363757505
5.859533473506513 7.647664558069536 6.349200026406806
5.859533473506513 7.647664558069536 5.843191473288283
5.859533473506513 7.647664558069536 5.260778096980601
5.490570751541288 6.554104685754865 5.778454713383312
5.490570751541288 7.44178488788091 5.830041402793402
5.490570751541288 6.554104685754865 4.765390957560122
5.490570751541288 7.535093313695047 5.13146691060636
5.490570751541288 6.588390382244793 5.735603540333906
5.57870228388046 6.588390382244793 4.848663656165778
3.0552075499770344 7.434907070768023 5.483381897770886
3.0552075499770344 7.494684510290323 4.864358473150654
2.824803249530284 6.074667931902546 4.567383369910229
2.824803249530284 7.653488207740178 6.2042959037364085
4.585047941015084 7.653488207740178 6.022299281778487
2.824803249530284 8.272553857157169 6.091778439322975
4.585047941015084 7.653488207740178 4.836531934210317
4.585047941015084 7.653488207740178 5.987750119439238
4.585047941015084 6.584939430007722 4.771012877573283
4.585047941015084 6.584939430007722 4.1059959852869685
4.585047941015084 6.584939430007722 4.09974985808393
4.585047941015084 6.487253281537665 4.987026627765223
4.585047941015084 9.295298253759936 6.834842481929743
4.585047941015084 8.545565055427229 4.410447392685772
4.585047941015084 8.545565055427229 5.396886434470158
4.585047941015084 8.545565055427229 5.896500923757912
5.119999691162768 5.990825509079684 4.811414506520795
4.585047941015084 6.765986541556806 5.833201102059421
4.2488707165971284 6.765986541556806 5.271242698084995
2.921205730132375 7.617543845271905 5.827926033015968
1.5382553348212125 7.760862106132004 6.400091298322965
1.5382553348212125 7.760862106132004 5.380105919071494
1.5382553348212125 7.760862106132004 4.9665594301456215
1.5382553348212125 6.765986541556806 4.435678565464663
1.5382553348212125 6.439479149873943 4.997892899435874
1.5382553348212125 5.688967962543913 3.924060630659922
5.77578267358432 6.686264612450977 4.162214313463741
1.6878732101416856 6.619042530838268 2.5144670614366937
