5.439716205985533 7.739285298313831 5.707668330862566
2.6780577840436064 7.673366492045176 5.144619869770733
5.578692255157765 6.965070768796366 4.529654683494368
4.50599604415763 7.268774621365591 3.2083106474462824
4.656325084067344 7.386733762503548 4.908485492721518
4.947036684952231 7.0298640880977 5.025315164807526
4.656325084067344 7.0298640880977 5.25033964824
4.338424339835857 7.0298640880977 5.215457385174136
3.275824696725572 7.0298640880977 3.860151414917987
4.338424339835857 7.641909143383927 5.898404206093778
4.338424339835857 7.2069117895251384 5.963598044054114
4.308865370853809 7.5026410679521955 5.4943785509822956
3.275824696725572 7.609326576503902 5.534016696679996
4.308865370853809 7.609326576503902 4.998290999363387
2.2924091667231044 7.609326576503902 3.709935036043997
2.2924091667231044 6.2416314380961495 4.133277843061532
3.8510901944330027 6.2416314380961495 3.987299862135338
2.452240363483043 7.608319017639214 4.8530331578345445
2.452240363483043 7.608319017639214 5.009510581276518
2.452240363483043 7.608319017639214 4.997664579492619
6.625170907932375 7.608319017639214 3.592227898639694
5.696412800368808 6.3617300000714465 5.081358299410391
5.696412800368808 7.536647451187783 6.342080250286782
5.696412800368808 7.536647451187783 5.243778582715264
5.696412800368808 7.536647451187783 4.064260312499782
6.361662666192775 7.536647451187783 4.275216685094809
5.108615379067029 7.536647451187783 4.5887484281697475
1.7586209616223596 7.536647451187783 5.987954255992808
7.674011793473232 7.23994372884764 4.567280135082156
7.674011793473232 6.198812231623819 6.08312348023136
5.108615379067029 7.6832759793046606 6.745848080047377
5.178900613941305 7.6832759793046606 5.094465728001112
6.198335153461656 7.6832759793046606 4.580695047232719
5.108615379067029 7.238598733727105 4.318246774506377
5.108615379067029 6.785205332484171 5.780092943017069
5.108615379067029 6.785205332484171 5.752415455743289
5.039939112332068 7.370838628436248 5.882456199747503
4.382066174773151 7.401078972595974 6.270029950396426
3.6164224725844254 7.134116243596825 5.968705151599652
3.6164224725844254 7.427815301145603 5.567937128977548
2.8980026780198007 7.134116243596825 5.671441390245242
2.8980026780198007 7.134116243596825 5.691420094298412
2.8980026780198007 4.731870903300351 5.919685599918504
3.7154834515315547 7.036052735194231 4.307573231808796
3.7154834515315547 7.301335073147367 4.922293156187425
6.244890273548961 6.638642402261549 4.6153750946119905
3.7154834515315547 7.775937401649834 5.784134922323139
3.7154834515315547 7.5426537347003855 4.713628370931242
3.7154834515315547 7.695987507707249 6.509527118923723
3.7154834515315547 7.59913732036655 5.886749038527119
