5.956792737139235 7.767274304321862 5.331365856537019
4.647519402759368 7.6400194613397385 5.221220402033338
4.647519402759368 6.590855664515587 4.131474498942084
4.647519402759368 6.959825895362025 5.593141040920783
3.5370233261868695 7.334393581829877 5.946521747190981
4.158145055151447 6.566988618293895 6.359894809127906
3.5370233261868695 7.814741996656609 6.269439238537863
4.158145055151447 7.814741996656609 5.752707220625283
6.680097268765536 7.814741996656609 5.1996648537756585
3.064780119133513 6.909063281086878 4.839219461454558
3.064780119133513 6.566988618293895 4.133847926917532
4.192659363996164 7.431675099440389 4.192528765875838
5.386314099167635 5.6847440207945645 3.9910860897656995
3.872874904602537 7.685453665921971 6.18396400685058
3.872874904602537 6.581043380183214 4.799305868850211
3.872874904602537 6.915660675591196 5.103533410607998
3.872874904602537 9.272046232544842 5.708785901739425
3.872874904602537 9.272046232544842 5.64576324147134
3.872874904602537 9.272046232544842 5.632247599670812
3.872874904602537 9.272046232544842 4.990856519189157
3.872874904602537 8.972433132378448 7.099190240215517
3.872874904602537 8.972433132378448 6.2816827202581145
3.872874904602537 8.955163266019095 6.013139843060458
3.872874904602537 8.955163266019095 5.559699490845832
7.266292094223157 8.955163266019095 5.447548263160132
3.872874904602537 7.609355958927356 6.691106942544082
3.872874904602537 7.609355958927356 6.487988655112317
7.767979778123893 7.494230724813443 4.709914010016849
5.158109539265123 7.266292094223157 5.090335782629772
4.489147330579865 7.767979778123893 5.1776811033052095
3.132540985734494 6.422519164338205 5.686814681731493
3.132540985734494 6.628706336889731 6.031718480602865
4.269687769614681 7.5982061814940085 3.3104865031747646
4.269687769614681 6.351252251111504 4.737744213245726
3.42717093194624 7.448085464544082 5.732069996601764
4.269687769614681 7.448085464544082 6.050521048873978
4.269687769614681 7.607006331787106 6.471989300648212
4.269687769614681 7.652067415403254 5.3417635639408765
2.9919110358703063 7.652067415403254 5.34048258020789
1.406816258659433 7.652067415403254 4.680246600886556
4.245186951861179 7.652067415403254 3.9434451602138387
4.076599617094388 4.245186951861179 6.22129955492343
4.076599617094388 10.04477795572223 6.544513647201792
3.2794119791318512 7.434719113473006 6.398186004741011
6.558519175198896 7.434719113473006 4.7741016300631784
4.380686056517323 6.558519175198896 4.84090907805224
3.2794119791318512 7.70739154515033 5.5021218526426035
6.84586953000502 7.70739154515033 5.503348193595976
6.84586953000502 6.769999534361773 5.656403670549441
2.9918769267284913 7.6518253695517515 5.661990379786
