4.4172093179006815 7.691504948077119 5.3809849480405925
4.4172093179006815 7.691504948077119 5.917676206121457
4.4172093179006815 7.014485605790938 5.010392420572366
4.4172093179006815 6.734533314367889 5.127556702419621
4.4172093179006815 6.734533314367889 5.279563484354814
6.1254148586028805 6.363706645888303 4.138871907731524
4.0686517702095415 6.363706645888303 5.206244345643381
4.0686517702095415 7.686289138676958 6.0765917436024885
3.223314298358098 7.3730159800749515 5.736567607956456
5.357652295420333 7.666751210305058 5.123590917050319
5.357652295420333 7.3730159800749515 5.1873021494061895
4.424935257750985 5.909418337947997 5.791679654857702
4.288694395705363 7.70440511439682 5.9307786488559495
5.797342907290968 7.5865732026574 5.395667099296404
4.265874304280043 7.5865732026574 5.985895997167274
6.489379191558516 7.5935031237855455 5.2609704606381955
6.071753467079176 6.887543156994624 5.684879748236915
5.242437691484966 7.642350510698744 4.815861219966783
5.242437691484966 7.642350510698744 4.920861578911179
4.528661134651262 6.3181577192835405 5.425892487663123
4.528661134651262 5.768871902679486 6.1472962821096955
4.528661134651262 6.520025491236453 6.160649869308395
4.528661134651262 6.294700635516012 5.70739247762261
4.528661134651262 6.6559121123124605 5.685615518185761
2.9475016832815126 6.988045055397015 4.887146195634106
3.3548342625357574 7.07336154416792 5.634565116095432
2.9475016832815126 7.07336154416792 4.756360556660125
4.063451792515899 7.07336154416792 3.642920087466874
2.9153390163242325 6.723738679972904 4.658475073957183
2.9153390163242325 4.071558008228266 5.652279453406774
2.9153390163242325 6.840951079515985 5.79713820945187
2.9153390163242325 6.324710798981819 5.056398467328495
2.9153390163242325 6.316039602998831 5.479856554101197
2.9153390163242325 6.5290957953639115 5.242864789357196
2.9153390163242325 8.367795946945456 5.132596139592391
2.9153390163242325 9.126676938493318 5.843233130243752
2.9153390163242325 7.8417986588094415 4.221859334504398
2.9153390163242325 7.689267578219862 5.830710759939069
6.284996706020461 6.614789383300369 5.215997396461744
6.284996706020461 6.410347912109547 4.99381324327502
6.284996706020461 6.410347912109547 4.679435008023492
2.9153390163242325 6.390787031947713 4.732154762376905
4.656761832265779 5.758169915737657 4.908689728290858
4.656761832265779 6.349435467366778 4.2897729927297625
3.8134915878198794 6.284996706020461 4.598790058027729
7.389200740652566 6.208362637273975 4.000623745103435
4.597843362305589 6.443083175345468 4.473057912657289
3.7297511373972196 7.389200740652566 5.198903851850392
4.427390001226087 6.371021325903076 5.425092862495343
1.6214369626123717 6.520690660248878 3.6735171081546865
