3.4579390099261933 7.755369480139095 5.349069758996359
3.276131917676253 7.456935798721947 6.017970447876425
3.276131917676253 7.211729193434831 5.180034996497649
3.276131917676253 7.211729193434831 5.780455807952839
3.276131917676253 6.922324771168304 5.683829216611009
3.276131917676253 6.430426519743705 6.505711060089785
3.276131917676253 7.764326807700376 6.1750888877224455
3.276131917676253 7.731941207338661 6.417229491224877
3.276131917676253 6.662557402534205 5.631717909272968
3.276131917676253 6.662557402534205 4.970560272466215
3.276131917676253 6.662557402534205 4.7180920719345725
3.276131917676253 6.272419732603726 5.248717262604069
3.276131917676253 6.3657287781252485 4.977840796446033
3.276131917676253 3.940969529146447 4.963471910210064
3.276131917676253 4.801666462768694 3.880433097276779
3.276131917676253 4.139537488757448 5.85632556403179
6.6373558524674365 7.630025071269737 4.367908881955224
6.920508347295314 7.630025071269737 4.762386521626048
6.283017788971378 6.6373558524674365 5.264209406350538
6.283017788971378 6.920508347295314 5.707643609293174
6.283017788971378 7.605164528253027 6.328330798254386
6.283017788971378 7.605164528253027 4.736294603517205
5.418742513335719 7.605164528253027 3.9335781256024274
2.538251131869512 6.7352886253286 4.8281854232499795
2.538251131869512 6.76133780191298 5.874893455993368
4.766046785001905 6.76133780191298 5.536762839562636
4.766046785001905 6.76133780191298 4.673220473325208
4.766046785001905 6.639373616094417 5.151271745311866
4.766046785001905 6.639373616094417 4.536564423404529
2.7178615358970437 6.006513424170151 4.929724987496915
2.7178615358970437 6.658533883296091 5.518876501463134
4.569878623820742 6.006513424170151 3.9984693008179373
6.2473455487285605 6.414564728071433 5.2837177904717825
6.2473455487285605 6.629058273079448 5.091719926900515
6.2473455487285605 6.414564728071433 5.305544619212557
6.2473455487285605 8.180088248621967 6.273353704396794
3.2624065857857727 7.646543272719452 6.106942435694229
6.2473455487285605 7.710639629164639 6.029406841736919
4.758868886212756 9.071378332909019 5.377313930860062
6.2473455487285605 9.071378332909019 5.8345620160408735
5.081523709565278 9.071378332909019 4.425878967568122
6.2473455487285605 6.543503698539411 4.717961848061292
6.2473455487285605 6.543503698539411 4.712588849529842
6.2473455487285605 7.650887173536887 5.8895336585548606
6.657150240569223 7.650887173536887 5.243818996395203
6.657150240569223 7.650887173536887 4.874002187547398
6.657150240569223 7.650887173536887 6.055931072041067
3.727308259806716 6.915267400031047 4.753654971541976
3.727308259806716 7.760109534291347 6.467246666625997
3.62187826668734 7.760109534291347 5.613261823018191
