4.294586645148463 7.732810892897289 5.560053404379477
4.294586645148463 7.729206710662602 6.033118444976177
4.294586645148463 7.016121740246781 6.0248925036011265
5.004069693095445 7.016121740246781 4.28926828238587
5.004069693095445 7.016121740246781 5.024197639327539
2.753719922011833 7.503371961690265 6.457731226007986
2.753719922011833 7.102918165710552 4.474663582586583
2.753719922011833 7.102918165710552 3.880234276217057
2.753719922011833 6.718689695961107 4.758846769039535
6.242370822072068 8.41544794068037 5.887575344386415
6.242370822072068 8.41544794068037 5.594370879691418
6.242370822072068 7.404398716082376 4.7257321213445485
2.925024009932479 7.152161330214749 5.412574929745447
5.816937383371773 6.661157385320493 5.405122191967223
5.816937383371773 6.661157385320493 5.521236683132369
5.816937383371773 6.661157385320493 4.866338658766441
5.679089727642662 6.661157385320493 5.067280465385104
5.816937383371773 3.2917952264438317 6.157550650350309
3.2917952264438317 7.43457969787123 6.190251923761221
4.9698275032515795 8.405061790456973 5.130119653663762
6.522045044431291 8.405061790456973 6.2535012026886365
6.522045044431291 8.405061790456973 5.530349913341541
6.522045044431291 6.457739862610794 4.577838708025757
6.522045044431291 3.3206804986738203 4.747195821504828
6.522045044431291 6.267855924935269 4.668774436304911
6.522045044431291 7.653734180573281 4.790333005355924
6.522045044431291 5.692564793781472 4.912282467118709
6.522045044431291 7.616992795111006 6.254072166184394
6.522045044431291 7.616992795111006 6.26086940657048
6.522045044431291 7.241358591040708 5.540753107744153
6.522045044431291 7.399620713951876 6.059848242694095
6.522045044431291 7.399620713951876 5.483124371436335
6.522045044431291 7.399620713951876 4.779635518390029
4.261462533815781 7.122579536241258 5.875713016603859
5.96468463206185 7.122579536241258 4.11406527957973
4.355639620521703 7.651723482148398 6.322741432243543
4.261462533815781 7.651723482148398 5.882732571093073
3.9060830495174526 7.651723482148398 4.8481515911573325
3.9060830495174526 7.651723482148398 4.484687048995513
3.9060830495174526 5.600962817718791 6.528418404192251
3.9060830495174526 6.656926725056394 5.318205279529229
4.378264740437775 6.663319782579659 4.343061063053019
5.81650091359921 7.584324597206816 5.055733381205057
5.547089574602676 6.641622234797822 5.908168886899329
5.29430623893321 7.7163281256203735 6.473817720204533
5.547089574602676 7.740898124942996 5.818089303921112
1.78707104935673 7.698332935615527 4.782293993030283
6.3719919548363855 6.891904737101109 5.288970247703125
1.78707104935673 7.337192085424974 6.0669662632184576
1.78707104935673 6.891904737101109 5.263589767499595
