5.921707726536127 7.7384089585326645 5.1007784032627566
5.921707726536127 7.7384089585326645 4.677825312375607
5.921707726536127 6.6925612744371 5.3167245021646545
5.921707726536127 6.45885866816873 6.303212183945643
3.449225531130708 7.2746901128533015 5.1643080311850795
3.449225531130708 7.2746901128533015 5.454329316787988
3.449225531130708 7.188351226044155 5.522608995464266
3.449225531130708 7.188351226044155 5.844655773120483
4.035615467816559 6.831267611152773 4.014356155968652
4.026067607185425 7.650466008084493 6.215317734625991
6.125612409847658 6.50794041268637 4.948446049494102
2.9094371356656947 8.237491295593347 5.7756142952171805
2.9094371356656947 8.237491295593347 5.344766357848739
5.700391908136471 6.312094903659869 3.5042959262770137
3.4141517846253255 5.700391908136471 5.1826684015090345
3.4141517846253255 6.337618540501822 5.614941098031673
3.4141517846253255 7.6302934925160315 6.077797383672882
3.4141517846253255 7.6302934925160315 6.642576615016184
3.4141517846253255 7.725964194287506 6.683684664530267
6.589340954500315 7.637644936884682 4.635843892413119
5.960420652873484 7.415628688138419 4.465579203883866
5.960420652873484 7.428053113622125 4.705376014792861
5.2174610182971755 6.458724309256645 4.6506742874437625
5.139295110293883 7.621996224493865 4.79997952833695
6.216922479273936 7.621996224493865 5.6361337121518575
3.708826184876728 7.570530922253143 5.26701824705927
4.496490623769851 6.319970636412197 5.387680189037308
6.554030314111543 7.77469741273635 5.7714589826019145
6.554030314111543 7.77469741273635 6.277968847953735
6.554030314111543 7.724561431037298 5.416384941483838
3.740483777462224 7.724561431037298 5.995630567379713
3.740483777462224 7.580556957995597 5.237408402366464
3.6570502602234076 7.580556957995597 6.485740857935436
3.740483777462224 7.6992528827368485 6.676854090360632
5.0614326676991155 6.607736955467672 4.76710183623856
3.6570502602234076 6.606473595001496 4.559331118320654
5.895587263474731 6.592492576376156 4.071635947701097
4.588050021257544 6.592492576376156 4.07817808892445
5.895587263474731 6.592492576376156 4.930325624345025
6.039500806359108 6.57250148691077 5.7642415627006764
6.5281138528428535 6.57250148691077 4.355510958780522
5.9260925793704935 6.5281138528428535 3.33071648373946
4.584617929715495 6.0466813850994825 5.6627352929550705
6.027312390581464 7.604401987859449 5.500587974008705
4.916370847093052 6.58480701524125 4.982060632303354
7.712375477429385 8.296780354877285 5.652880834257592
3.839598482777362 6.6496318118042055 6.206635242072123
3.839598482777362 7.712375477429385 5.663321358237486
3.5423818118692556 7.260112597936963 5.187412489037225
3.5423818118692556 7.454636750180086 5.582479000109768
