5.560201110908437 7.68610991211272 5.643120167906796
5.560201110908437 8.411332693252135 6.874419683385737
5.560201110908437 9.684519681034887 7.96683402888598
5.560201110908437 8.411332693252135 6.521337544675255
5.560201110908437 10.072368454622925 6.305247026737228
5.560201110908437 6.5411789511156755 6.198521012985137
5.560201110908437 9.288651257157575 7.02062183894818
5.560201110908437 6.65932318685072 6.037708162649223
5.560201110908437 7.399542757242111 5.641600427107413
5.560201110908437 7.399542757242111 6.21741826873126
5.560201110908437 7.399542757242111 5.667660769923696
5.560201110908437 6.375812693157666 4.759643659662459
5.560201110908437 6.375812693157666 4.134076440816944
5.560201110908437 5.646857340994853 2.840658340463357
5.560201110908437 6.4645690003132295 5.56052454362091
5.560201110908437 6.619313325955073 5.288513424743565
5.560201110908437 6.706564901600963 6.131145638257834
5.560201110908437 6.182067176184894 5.2258706203802525
5.560201110908437 6.619313325955073 5.603310585097668
4.4475536928887855 7.960949865692701 6.0833503495167385
3.68579698825203 7.960949865692701 5.6259298053486395
3.4461751363207545 4.815928305857938 3.584981004867916
3.1018868584624575 4.815928305857938 3.7346272591515968
3.1018868584624575 7.6666042084669215 6.405152223782823
3.1018868584624575 7.643413640613931 6.3042978747980545
