2.652103625875722 7.60481040588369 5.676926404315234
2.376027896144976 7.60481040588369 5.5182100728331935
2.376027896144976 7.474742608594065 5.21410395795937
2.376027896144976 6.304855648328228 4.621193519457462
2.376027896144976 6.561153550564317 5.802891041510927
2.376027896144976 6.561153550564317 4.750870735781355
2.376027896144976 6.684795644044225 5.626859708952212
2.376027896144976 6.875015892994369 5.888541756563201
2.376027896144976 7.724553014766711 6.232600482109002
2.376027896144976 7.724553014766711 5.270818022929101
2.376027896144976 6.875015892994369 5.249975897511464
2.376027896144976 6.509292056232265 5.7589467750431815
2.376027896144976 10.379797689918625 7.873264057539614
2.376027896144976 10.379797689918625 5.949928161603932
2.376027896144976 7.688169811987901 3.987373391304074
2.376027896144976 6.58354761433878 5.547082706256943
2.376027896144976 7.634328867296162 5.767888190167425
6.1985673785527915 7.634328867296162 4.685090719909314
6.1985673785527915 7.634328867296162 4.204696325507091
6.1985673785527915 5.851506223289807 5.022107785852643
1.502770831189601 6.248319649422488 4.026073287761685
1.502770831189601 6.186147276994998 3.927067306954299
1.502770831189601 6.186147276994998 3.626526049176316
1.502770831189601 5.857717473310384 4.8091946750283805
1.502770831189601 7.243947307167257 5.512920931905269
