1.917038416629858 7.672770781868394 5.215437943048935
1.917038416629858 7.672770781868394 4.34973616046372
1.917038416629858 7.726558875207614 5.782916720467354
1.917038416629858 7.726558875207614 5.943938430118236
1.5617525392393259 6.579770132032053 4.185262429840889
1.5617525392393259 5.739833352035511 3.8573695026496226
3.5046737129482577 6.344852787615597 4.647527486320363
3.5046737129482577 6.543453942299038 4.674381252719638
3.5046737129482577 6.543453942299038 3.89477053619866
3.5046737129482577 5.4820741958680195 3.4556496951219096
5.68945488363568 6.3896200663999565 4.279459652842667
5.68945488363568 8.450457265164461 6.180418348855362
3.5254456394400795 6.638667629864226 4.517721455329286
3.5254456394400795 6.346374061461052 4.53930063298776
3.5254456394400795 5.75210514918108 5.528757793686249
3.5254456394400795 5.75210514918108 5.366846271991371
3.5254456394400795 7.23283983342515 5.354366112823308
3.5254456394400795 7.307462252728355 5.670404557655869
3.5254456394400795 7.517533799394176 6.7604318286435
3.5254456394400795 7.673220345707804 7.370482184537639
3.5254456394400795 7.673220345707804 6.4125648786824865
3.5254456394400795 8.240746191350784 6.603774394482623
3.5254456394400795 8.240746191350784 5.997149204307095
3.5254456394400795 7.242586967699939 5.540850521427352
3.5254456394400795 7.722763301340116 7.248403126580818
