2.3529672350259685 7.6982394484443795 5.469193217764021
2.3529672350259685 6.166767914992587 3.4101589959903165
2.3529672350259685 5.750803235178708 4.476164938645564
2.3529672350259685 5.750803235178708 4.9237577840583215
2.3529672350259685 6.265509362746524 5.316715793947912
2.3529672350259685 6.265509362746524 5.285089010715747
2.3529672350259685 5.747700099608149 5.224069488689492
2.3529672350259685 6.761598082036576 5.421321174334958
2.3529672350259685 4.718512317047246 3.6211375698516806
2.3529672350259685 6.626170646475817 5.5130232836718776
2.3529672350259685 6.626170646475817 4.663197518016115
2.3529672350259685 5.891070989891542 5.02415214035321
2.3529672350259685 7.4441457844785415 6.270173306687594
2.3529672350259685 7.4441457844785415 5.082757479220641
2.3529672350259685 7.4441457844785415 6.048218303833827
2.3529672350259685 7.626151473597359 5.850876958432477
2.3529672350259685 7.626151473597359 5.825823483275043
2.3529672350259685 5.676989718624025 5.378378591786349
2.3529672350259685 6.381899276731058 5.872507110328945
2.909059484049259 6.456716631529481 3.597120991322047
4.497144528625057 6.589174059830331 4.580323030903859
4.497144528625057 7.186913225618984 5.05514649336995
3.236343789445716 6.29414468418555 5.246554453548349
3.236343789445716 7.772990125103872 6.7969117640142285
3.236343789445716 7.772990125103872 6.218971822818521
