4.018788288052665 7.580932282414361 5.355950173207342
4.018788288052665 7.580932282414361 4.83687284647553
2.76747810179219 6.65364369310792 4.964258148226729
2.76747810179219 6.65364369310792 5.059261025035785
0.5902239842913457 6.258102217785176 2.4008327927055095
5.73952648940293 5.53966321555027 2.962855014506772
5.73952648940293 6.609743908964315 5.591545163086065
5.73952648940293 6.609743908964315 5.354431296758789
6.979020789027988 6.005637481569291 5.573078349499916
3.0787811516699652 6.979020789027988 4.938643275655726
3.535016228289465 6.979020789027988 5.112059905201482
3.0787811516699652 5.07768245833369 4.679866924922218
5.458500224649921 5.07768245833369 2.5941824997221308
2.5474415680899374 5.458500224649921 4.342572626185016
3.4461645901740963 6.655129935798495 6.091410778034808
3.4461645901740963 7.60487443680352 6.014098971362959
3.4461645901740963 7.60487443680352 5.707981887925954
3.4461645901740963 6.268679809022743 4.971594948387423
3.4461645901740963 6.899465272733952 5.601548097133418
3.4461645901740963 6.681417710671138 5.803742072917158
3.4461645901740963 8.354262536881462 5.908260430744536
3.377259349564334 8.354262536881462 7.065758266220421
3.377259349564334 9.07650819323371 5.3264376466655925
3.377259349564334 9.07650819323371 5.291768591092955
3.031446001154905 9.07650819323371 4.573744726181314
