5.093771204804419 7.699380413039513 5.066941581796529
5.093771204804419 7.138494347776788 4.826979513478454
5.093771204804419 7.138494347776788 4.299105016711602
5.093771204804419 4.947570263671043 3.9052912284101997
5.093771204804419 5.032906567764009 3.9792892082803264
5.093771204804419 6.503424153275731 5.407594319519107
5.093771204804419 6.503424153275731 5.5896081042776835
5.093771204804419 6.5739945437319065 5.36719283200022
5.093771204804419 6.5739945437319065 5.074934757375201
5.093771204804419 7.542755806502075 6.89948102936965
5.093771204804419 7.412508799297445 5.754800643575363
5.093771204804419 10.371051260024036 6.461295612869957
5.093771204804419 10.371051260024036 5.243270365830273
5.093771204804419 6.319111156687857 5.098456529503577
5.093771204804419 6.893573122206011 5.0647834822534294
5.093771204804419 7.205120736614152 6.032684732872863
5.093771204804419 7.418268285504464 5.205965371273717
2.6932007202931634 7.205120736614152 4.201658228930462
2.6932007202931634 7.205120736614152 4.9930391302068555
2.6932007202931634 7.671934562720066 6.163932709533529
2.6932007202931634 8.680061358620787 6.070470453248397
2.6932007202931634 8.680061358620787 5.636969710042987
2.6932007202931634 7.184996362865922 5.490551568813191
2.6932007202931634 6.661529025347072 5.777439906353385
2.6932007202931634 7.6308602686472025 4.358055845161996
