4.9752864547070565 7.480553399578062 5.219401190900457
4.9752864547070565 7.439158555316521 4.785166848361585
4.9752864547070565 6.554324053703294 3.205346868783809
4.9752864547070565 6.257318116598771 4.850034925300437
4.9752864547070565 7.60632017381084 5.232061956301459
4.9752864547070565 7.686618216407764 5.772603394819692
4.9752864547070565 5.758512262283524 5.001915121319687
4.9752864547070565 5.718632641735482 4.402209854649199
4.9752864547070565 7.136569024179892 3.7335945037657114
4.9752864547070565 7.136569024179892 5.782178094497416
4.9752864547070565 7.207591987398544 3.9593834727571737
4.9752864547070565 5.270139848357626 4.738363298866403
4.9752864547070565 8.255754731148336 6.157132572811701
4.295277045676215 8.255754731148336 4.716383273457324
3.388886768613578 4.9752864547070565 4.329774682039303
3.388886768613578 6.075674757996595 4.832577939154917
3.388886768613578 6.075674757996595 4.737355541243418
6.514035401216809 6.075674757996595 4.44469627216165
2.911771688353753 5.414286327786794 4.129828791238872
6.514035401216809 5.8787759883052715 4.129486650714748
6.514035401216809 5.8787759883052715 5.058111334016231
6.514035401216809 7.431035337855137 4.685708329439159
6.514035401216809 7.617463208943597 6.302758514099131
4.463204305701662 7.617463208943597 5.0562778310560335
3.026367544751356 7.266646821620403 5.202556667595637
