2.663136185093514 7.702474421327885 5.315000817456324
2.663136185093514 7.629454107663987 5.5350619529916125
2.663136185093514 7.629454107663987 5.706738522243954
2.663136185093514 6.398756802760403 5.2390140576734
2.663136185093514 7.5265562264883386 5.955129325446551
2.663136185093514 7.5265562264883386 5.7892103873689384
2.663136185093514 6.411580859339981 4.5608194601853915
1.446891112812907 6.25403651293184 4.602868789445732
6.068385031213015 6.0615389172710294 3.8629283036285114
6.068385031213015 7.164399915429252 6.225504915834413
6.068385031213015 8.651682598775544 7.068895410830095
6.068385031213015 8.651682598775544 6.3261398473746535
6.068385031213015 8.651682598775544 5.0865174618171105
5.7198093424870855 7.6664109584848905 5.831664051139595
5.7198093424870855 7.6664109584848905 6.516352919509061
5.7198093424870855 7.625957246341809 5.708468310042032
5.7198093424870855 6.538481513649483 6.11252355724531
5.7198093424870855 6.538481513649483 5.742183415167307
5.477870735018204 6.687069650013612 5.966352626139936
5.477870735018204 5.432779265708788 6.668036316206528
5.126848335624171 6.180003118513284 5.515727832485899
2.790250154804053 6.342681733353775 4.914305163454881
3.211494047721882 6.342681733353775 4.169500190591728
3.056487858926023 6.342681733353775 4.416030492050092
2.648709613951475 6.0540478161383895 4.389438928233353
