2.852448432256399 7.780809550393132 5.297035155474694
2.852448432256399 6.1463830948367395 5.419865483139623
2.852448432256399 6.216357164430711 5.853582971187713
2.852448432256399 6.738533582488259 5.422199839771611
2.852448432256399 7.1668113729603 6.121119958036355
2.852448432256399 7.276697675067647 4.046141924089913
2.852448432256399 7.2228479682416555 5.303370276298222
2.852448432256399 7.2228479682416555 5.195171290335977
2.633133063624179 6.641297161988806 4.722712102099345
5.265844368937071 7.318577845509777 2.9190853194921207
2.633133063624179 5.790275338342063 3.9827483088925146
2.633133063624179 6.368095067136434 5.621869059430904
2.633133063624179 6.727381186066269 5.635886273416112
2.633133063624179 6.378471733100998 5.087314403646098
2.633133063624179 5.668840640574835 3.6576859828777453
2.633133063624179 6.207342457055578 5.095462051172304
2.633133063624179 7.109822181307978 6.109611821342642
2.633133063624179 7.109822181307978 5.886694732620139
2.633133063624179 6.257580365133563 5.066128439981864
2.633133063624179 6.8809264595005075 6.331126904353806
2.633133063624179 7.695509908671637 6.971378508197403
2.633133063624179 6.8809264595005075 5.157984605726667
2.633133063624179 7.708068404310998 5.427737007411983
2.633133063624179 7.007708249642501 5.2939218663385335
2.633133063624179 7.470644032970094 6.549823246768715
