2.74851720594511 7.671379255997717 5.575455561389439
2.74851720594511 6.476020093540072 3.660765470989538
2.74851720594511 7.659138806607372 5.842559824211502
2.74851720594511 7.736495659906156 5.918548519319447
2.667978364662837 4.504308644280602 4.3130372153395085
2.667978364662837 7.0027946258148575 6.1523573484661505
2.667978364662837 7.0027946258148575 4.665189189414522
2.667978364662837 6.3435892420021744 4.554615171645548
2.667978364662837 6.161590498450771 4.093784519980229
2.667978364662837 4.7943231306196274 3.9924984117792057
2.667978364662837 5.879857066301259 5.418401422724388
2.667978364662837 6.301429491147147 4.2558637344669625
2.667978364662837 6.301429491147147 3.9139582663194417
2.667978364662837 4.474558788577344 3.7992701744306925
2.667978364662837 5.4229471292431235 4.472354800802517
2.667978364662837 7.202331793867424 6.110512981923041
2.667978364662837 7.202331793867424 6.356088217330064
2.667978364662837 7.294905348012513 5.81895910310053
2.667978364662837 7.604904484545722 6.565065684914137
2.667978364662837 7.604904484545722 5.2311707986589235
2.667978364662837 5.938064379392753 5.146660501524185
2.667978364662837 5.938064379392753 4.308166341251993
2.6016632274769624 6.598222729736154 4.414276683747418
2.6016632274769624 6.598222729736154 3.5613933101853146
2.6016632274769624 6.30369100738411 4.85579853049348
