0.27916566307794044 7.701973590814225 5.5794871907748975
0.27916566307794044 7.514590832018923 6.800059901073704
0.27916566307794044 8.066681613853259 7.466801324931153
0.27916566307794044 2.961701153776446 1.5667826986132238
0.27916566307794044 2.737899499482229 1.5085325812800854
0.27916566307794044 5.6465167609993365 5.44841660377739
0.27916566307794044 9.082201773213542 7.37987833356782
0.27916566307794044 0.27916566307794044 0.27916566307794016
0.27916566307794044 4.988107624718044 2.6336366438979932
0.27916566307794044 6.143004062972569 4.848298912328927
0.27916566307794044 2.9768484958364714 1.6280070794572075
0.27916566307794044 4.99032201665765 2.540520712796201
0.27916566307794044 0.27916566307794044 0.27916566307794016
0.26208314197219496 4.940994365699673 2.5083021797835023
0.26208314197219496 0.26208314197219496 0.2620831419721947
0.26208314197219496 0.26208314197219496 0.2620831419721947
0.26208314197219496 0.26208314197219496 0.2620831419721947
0.26208314197219496 5.658494076002192 2.9602886089871965
0.26208314197219496 5.09395597358159 2.5904663032961603
0.26208314197219496 0.2802515462751072 0.27988817818904865
0.26208314197219496 3.248673394336255 1.7640991022196237
0.26208314197219496 3.1412886134713784 1.7104067117871855
0.26208314197219496 2.281012084628689 1.2402532365987695
0.26208314197219496 2.281012084628689 2.240633505775558
0.26208314197219496 2.2979858429195485 2.249120384920988
0.26208314197219496 3.4648165600310077 2.808859653968672
0.26208314197219496 3.2500555224597645 2.0720516410873007
0.26208314197219496 5.5349083677328785 3.168781006818396
0.26208314197219496 4.303135206653746 2.6433212605348
0.26208314197219496 1.013566654934341 0.998536984675099
0.26208314197219496 5.49185352210257 3.148114680915848
0.26208314197219496 5.799355553495708 3.391431433955783
0.26208314197219496 1.6936936927890085 1.32771140299
0.26208314197219496 1.0189935352236614 1.003855327358633
0.26208314197219496 1.0189935352236614 1.003855327358633
0.26208314197219496 5.85523250131153 3.4219748104025665
0.26208314197219496 1.0189935352236614 1.003855327358633
0.26208314197219496 2.0730894011425645 1.2176232166040637
0.26208314197219496 5.569457559685585 5.389736633650479
0.26208314197219496 5.569457559685585 4.209139609147013
0.26208314197219496 3.061116635316971 3.0051359654500795
0.26208314197219496 5.609400398533062 4.40574311749501
0.26208314197219496 5.609400398533062 5.502454053401849
0.26208314197219496 5.609400398533062 5.502454053401849
0.26208314197219496 5.535992485656994 5.333633074201441
0.26208314197219496 5.535992485656994 5.430514298783302
0.26208314197219496 5.095931491557639 4.039714822483006
0.26208314197219496 3.676060006309243 3.322019655151048
0.26208314197219496 4.07215629652093 3.907342783584939
0.26208314197219496 3.7856306651593425 3.57920772164715
0.26208314197219496 5.194938204233704 4.6065432653818705
0.26208314197219496 4.215462529020503 3.671996840246791
0.26208314197219496 7.3093152856727635 5.465201463621444
0.26208314197219496 4.338237620564229 4.047789398234267
0.26208314197219496 5.6688456824130355 5.509171054279606
0.26208314197219496 6.104468910142259 5.986820493708032
0.26208314197219496 6.332678920110446 5.188767297311557
0.26208314197219496 6.277075473364537 5.716586061094831
0.26208314197219496 6.552886212985545 5.140195396136309
0.26208314197219496 6.435781809335989 5.32524427663996
0.26208314197219496 8.201993685507158 6.710887753335084
0.26208314197219496 9.25209028401789 4.615643124805442
0.2602745991464386 0.3462035800285652 0.3015566808263742
0.2602745991464386 0.3421053318554077 0.3158723207722185
0.2602745991464386 2.157954824742142 1.2522473782266812
0.2602745991464386 5.25159486139184 4.366714560052163
0.2602745991464386 3.6814870692022983 3.613062819801181
0.2602745991464386 3.6814870692022983 3.613062819801181
0.2602745991464386 2.6498090563076464 2.495135438267043
0.2602745991464386 6.285706045046474 4.4199668615338386
0.2602745991464386 3.0055533858878296 1.8813064770183703
0.2602745991464386 5.863014494929313 3.352810684864495
0.2602745991464386 5.583325190488633 3.2129660326441565
0.2602745991464386 3.137720785053514 1.8090962961463593
0.2602745991464386 0.5955696546754834 0.5888637535649022
0.2602745991464386 4.053279745949194 3.5776047213641737
0.2602745991464386 0.2602745991464386 0.2602745991464383
0.2602745991464386 1.0159928860281018 0.6381337425872698
0.2602745991464386 0.2602745991464386 0.2602745991464383
0.2602745991464386 0.2602745991464386 0.2602745991464383
0.2602745991464386 0.2602745991464386 0.2602745991464383
0.2602745991464386 5.189232571681256 2.724753585413849
0.2602745991464386 4.925502925238344 2.5928887621923935
0.2602745991464386 5.408012737383075 4.270269638467242
0.2602745991464386 4.610511555293044 3.66675641692357
0.2602745991464386 2.8256148901960825 1.893995385925297
0.2602745991464386 3.1553206289182296 3.061531533485282
0.2602745991464386 5.65820489699534 4.348861842361345
0.2602745991464386 3.0721520813372796 1.7742976539949555
0.2602745991464386 4.743177145395904 2.524655648172325
0.2602745991464386 4.332750916328816 3.4983669768515826
0.2602745991464386 5.021093552804 3.8907841462937696
0.2602745991464386 2.864649745643423 2.8125622427134824
0.2602745991464386 5.547129258549159 4.153801999166348
0.15671281305236606 2.624012367017422 1.3430878346774742
0.15671281305236606 0.15671281305236606 0.15671281305236587
0.15671281305236606 0.15671281305236606 0.15671281305236587
0.15671281305236606 0.15671281305236606 0.15671281305236587
0.15671281305236606 0.15671281305236606 0.15671281305236587
0.15671281305236606 0.15671281305236606 0.15671281305236587
