1.1106678318232608 7.752362889102313 5.136438327958336
1.1106678318232608 5.333565936637196 5.101649984559601
1.1106678318232608 5.038649956674561 4.960090314177536
1.1106678318232608 6.292119816216633 5.5617558467577295
1.1106678318232608 6.292119816216633 6.188490776528766
1.1106678318232608 6.292119816216633 6.188490776528766
1.1106678318232608 6.634124179136055 6.359492957988476
1.1106678318232608 6.292119816216633 5.053861008160844
1.1106678318232608 6.044588676267036 4.813308319459856
1.1106678318232608 3.685001301437229 3.633514632044952
1.1106678318232608 4.177461161882487 3.8698953650586754
1.1106678318232608 4.516858933170695 4.032806295277013
1.1106678318232608 6.664980274780788 5.522795781948798
1.1106678318232608 4.717023663056658 4.586695935904276
1.1106678318232608 4.595772391123912 4.526070299937902
1.1106678318232608 4.595772391123912 4.526070299937902
1.1106678318232608 4.595772391123912 4.526070299937902
1.1106678318232608 5.921629209489854 4.449214781448862
1.1106678318232608 3.1692388085145287 3.128067388980707
1.1106678318232608 3.1692388085145287 3.128067388980707
1.1106678318232608 5.983634813687832 5.719058472631089
1.1106678318232608 3.6805744442949906 3.1858739247322374
1.1106678318232608 5.386372557609221 4.277907837740105
1.1106678318232608 5.570663592298718 4.692025047293908
1.1106678318232608 3.9259997802251694 3.8696931412571316
1.1106678318232608 4.044614667711553 3.926628287250596
1.1106678318232608 6.663458983759142 4.418686264747534
1.1106678318232608 2.718963257770032 2.4464384017529786
1.1106678318232608 3.1701599409436167 2.6720367433397723
1.1106678318232608 2.933061067447977 2.539190394252639
1.1106678318232608 1.9596924630554011 1.7254357636610635
1.1106678318232608 5.453587909510528 4.525027671851173
1.1106678318232608 5.453587909510528 5.366729507956785
1.1106678318232608 6.5712039387331735 4.859880389864743
0.531054394885079 5.161557900200844 2.7652883461754096
0.531054394885079 5.582758176378011 4.294183734344739
0.531054394885079 4.468427651831156 4.029505850237837
0.531054394885079 4.963478570056491 4.328273595994271
0.531054394885079 4.753492074575501 4.245142607876128
0.531054394885079 5.695218260539072 5.4408211017193855
0.531054394885079 5.745639378387462 3.819553358481573
0.531054394885079 5.2593514257881395 2.809391540659795
0.531054394885079 0.548563536767571 0.5482133539299208
0.531054394885079 3.249175561246379 1.8445071256797496
0.531054394885079 3.126944627440612 3.00406500249184
0.531054394885079 6.304610843168486 5.267549516221934
0.531054394885079 4.384631264041637 4.2860176801875935
0.531054394885079 4.384631264041637 4.307559726658511
0.531054394885079 6.923400918991 5.57694455413319
0.531054394885079 5.353285349411646 5.217903250080647
0.531054394885079 7.184234828366508 6.172315469798543
0.531054394885079 5.58024393854755 5.39025828030505
0.531054394885079 5.58024393854755 5.479260147674296
0.531054394885079 6.21524451134751 5.953023300739001
0.531054394885079 6.26672954728717 5.83827780093805
0.531054394885079 6.237130606562744 5.904840582905608
0.531054394885079 6.037489566604453 5.9150749873335915
0.531054394885079 6.012917814931509 5.707215457589244
0.531054394885079 6.664191276912398 6.365095905813672
0.531054394885079 7.782328513118699 6.148319866112091
0.531054394885079 2.8034223915635583 2.1003255133168683
0.531054394885079 1.4333192284112255 1.4152739317407035
0.531054394885079 3.240329541534433 2.318779088302307
0.09413119276523618 1.0088625300304703 0.5419406986949451
0.09413119276523618 1.860564180571029 0.9773476866681334
0.09413119276523618 5.791257123999262 2.8287516397575683
0.09413119276523618 0.21064931790351382 0.15005989283160925
0.09413119276523618 3.700149649321873 2.8253636930053005
0.09413119276523618 3.032477344787044 2.7946797839914344
0.09413119276523618 0.09413119276523618 0.09413119276523613
0.09413119276523618 2.736816897773068 1.3626203311689957
0.09413119276523618 0.09413119276523618 0.09413119276523613
0.09413119276523618 5.67381581711647 5.367215977294462
0.09413119276523618 4.701858308381727 2.3372722131316968
0.09413119276523618 5.319201293623845 2.6335968460479138
0.09413119276523618 3.1304952732571647 1.6424879576869251
0.09413119276523618 5.2189455664032245 4.98533515367717
0.09413119276523618 0.09413119276523618 0.09413119276523613
0.09413119276523618 3.4769185368658957 2.9830005837472293
0.09413119276523618 5.859121954811759 4.471507123063108
0.09413119276523618 0.09413119276523618 0.09413119276523613
0.09413119276523618 0.09413119276523618 0.09413119276523613
0.09413119276523618 0.09413119276523618 0.09413119276523613
0.09413119276523618 5.639445809328766 2.866788501047002
0.09413119276523618 3.0316541341121384 1.5041422046117499
0.09413119276523618 3.1988255018214216 1.6464783472933289
0.09413119276523618 5.622556671551205 2.7477754225825013
0.09413119276523618 6.549003044422239 4.0366257576026285
0.09413119276523618 5.951435330312375 5.428236881574584
0.09413119276523618 6.28143438021764 3.1045038711573545
0.09413119276523618 2.7278699237325985 1.4498490207272845
0.09413119276523618 3.894372137697371 1.996199126403222
0.09413119276523618 3.860747040713712 1.9036701918752557
0.09413119276523618 5.423494434016639 2.6537889406606587
0.09413119276523618 1.0043796327481194 0.5326138360517702
0.09413119276523618 0.09725797695473704 0.09719544127094697
0.09413119276523618 5.6515505223423546 2.8743417139647573
0.09413119276523618 0.10039518689581017 0.09938144272563036
0.09413119276523618 0.10039518689581017 0.1002699070131986
0.09413119276523618 0.74762752267829 0.4109414281887887
