1.376487070933273 7.705170577780997 5.376295199934718
1.376487070933273 9.949755996268069 7.604582505392067
1.376487070933273 12.85448076606515 9.549375208694574
1.376487070933273 3.4086749623892314 3.322083829955594
1.376487070933273 3.4086749623892314 3.368031204560111
1.199064460807755 3.4086749623892314 2.3074181638010045
1.199064460807755 3.564573278801664 2.512878288105197
1.199064460807755 1.4721049156004367 1.4666441065045848
1.199064460807755 1.4721049156004367 1.4666441065045848
1.199064460807755 1.4721049156004367 1.4666441065045848
1.199064460807755 3.2819605567241656 2.37157192706645
1.199064460807755 1.4721049156004367 1.4666441065045848
1.199064460807755 1.4721049156004367 1.4666441065045848
1.199064460807755 3.117726434584395 2.2565424356168853
1.199064460807755 1.4721049156004367 1.4666441065045848
1.199064460807755 5.77580093940243 3.532418197929538
1.199064460807755 5.844886698598234 3.5743316086146364
1.199064460807755 9.230781695712288 6.174890427651508
1.199064460807755 8.41084546889881 7.562255623059356
1.199064460807755 8.51779101852432 8.004255385057663
1.199064460807755 11.62670585189639 7.872838136920972
1.199064460807755 12.723754941035077 10.134655698043716
1.199064460807755 8.58408017933912 6.308809004393778
1.199064460807755 8.410308951665034 5.828494539589389
1.199064460807755 5.961167611934787 5.673488601264234
1.199064460807755 5.066847206747756 4.834592567217447
1.199064460807755 6.963146830262843 6.2010681591211725
1.199064460807755 7.39187562922373 7.062229582354186
1.199064460807755 7.39187562922373 5.25962617763959
1.199064460807755 3.46649731061822 3.3772727474654682
1.199064460807755 2.7503329740608433 2.1735447275138524
1.199064460807755 5.263418130833543 3.975850182182133
1.1624194406580632 2.078330538746681 1.6211078901053673
1.1624194406580632 2.748844576402171 2.6285640690383336
1.1624194406580632 6.543913415666125 6.360370027967827
1.1624194406580632 7.069738120205232 6.6991958884355185
1.1624194406580632 6.543913415666125 6.291596088135077
1.1624194406580632 6.543913415666125 5.328000500231477
1.1624194406580632 3.782316863590975 3.1928077438942184
1.1624194406580632 6.3117784436879845 5.163891779246548
1.1624194406580632 6.333027034209056 6.073844539168122
1.1624194406580632 6.289106375263824 6.046272191908996
1.1624194406580632 7.157134068080158 6.6451246847236725
1.1624194406580632 6.340227628896727 4.624879005897901
1.1624194406580632 6.846632305023061 5.565272574812302
1.1624194406580632 5.910989443328177 4.686244384801184
1.1624194406580632 5.858086789367331 4.659793057820761
1.1624194406580632 3.3304561314488486 2.908425151330227
1.1624194406580632 6.001748823373497 5.793145350193965
1.1624194406580632 5.190186261161212 4.2304386838534445
1.1624194406580632 3.623530400146372 3.4734421323036635
1.1624194406580632 6.285421889560187 4.7469472951950875
1.1624194406580632 6.616791796025378 5.263579852591739
1.1624194406580632 5.882521886880667 4.946209877872437
1.1624194406580632 7.436037193060514 6.5338071849225425
1.1624194406580632 7.2113640157532135 5.042069407202787
1.1624194406580632 7.272466663047446 5.885546150858412
1.1624194406580632 5.675306594608042 5.581294984645535
1.1624194406580632 7.251824341575327 6.369553858129175
1.1624194406580632 5.667486038600732 5.577384706641882
1.1624194406580632 5.667486038600732 5.577384706641882
1.1624194406580632 5.977214970841828 4.491505644974864
1.1624194406580632 6.613232389835936 4.7795528889860845
1.1624194406580632 4.517037635581961 3.7314555118591
1.1624194406580632 3.02018396928116 2.3731525812338394
1.1624194406580632 5.637152707565992 3.3460151663391065
1.1624194406580632 5.621142827037286 3.426075941110302
1.1624194406580632 4.932427062785983 3.08171805898465
1.1624194406580632 5.845671810244898 3.5383404327141093
1.1624194406580632 1.2338669557885358 1.232438005485926
1.1624194406580632 5.268503641282852 3.169063614523198
1.1624194406580632 4.883357286469778 3.0571831708265482
1.1624194406580632 1.2338669557885358 1.232438005485926
1.1624194406580632 5.74893024665856 3.4899696509209392
1.1624194406580632 1.2338669557885358 1.232438005485926
1.1624194406580632 3.751472185407789 3.561804803100084
1.1624194406580632 5.7520391082338165 5.322957758693787
1.1624194406580632 8.495249868294184 7.86621827848889
1.1624194406580632 8.495249868294184 8.224577067404068
1.1624194406580632 6.033898108024449 5.147674439288277
1.1624194406580632 5.372178657863284 4.854034507866895
1.1624194406580632 4.504280726558719 4.4374435008407
1.1624194406580632 6.549228768891776 5.419018561160575
1.1624194406580632 6.4193510289948215 5.403668955388368
1.1624194406580632 6.4193510289948215 6.314212397228082
1.1624194406580632 6.4193510289948215 5.349320436187319
1.1624194406580632 4.489567106913292 4.423024153588182
1.1624194406580632 4.489567106913292 4.108691724186982
1.1624194406580632 4.885669390841965 4.613153249873949
1.1624194406580632 4.556548050525038 4.280334299311802
1.1624194406580632 4.556548050525038 4.4886654783276985
1.1624194406580632 4.556548050525038 4.4886654783276985
1.1624194406580632 4.556548050525038 4.26962955508335
1.1624194406580632 6.345851244650113 5.38623537667343
1.1624194406580632 4.562627844865023 3.844654037511968
0.5617118874110081 3.328165224836923 1.9569527071889068
0.5617118874110081 3.163960435743736 1.8107911906107175
0.5617118874110081 0.5617118874110081 0.5617118874110077
0.5617118874110081 0.5617118874110081 0.5617118874110077
0.3041071707207945 0.5617118874110081 0.4380616233997052
