1.8060965932663149 7.7002658503568 5.1640117601845
1.8060965932663149 4.733220263740847 4.384918492593287
1.8060965932663149 5.449781288568122 4.716794480437955
1.8060965932663149 7.742634950289801 6.631034977571893
1.8060965932663149 9.294227195520886 7.7112071948852625
1.8060965932663149 7.7316023859271805 6.96114728628029
1.8060965932663149 7.7316023859271805 7.562480658093928
1.8060965932663149 7.7316023859271805 7.058534031856627
1.8060965932663149 8.355715078637248 7.35048750040042
1.8060965932663149 6.607244661578431 5.369449026516724
1.8060965932663149 4.323699314187504 4.11566143535893
1.8060965932663149 5.005932117805003 3.6488150923402123
1.8060965932663149 2.311931461609135 2.3018147642422786
1.8060965932663149 3.759850978127379 2.996816132171036
1.8060965932663149 2.5996671657148736 2.334145742060949
1.8060965932663149 6.105992861260116 4.266832088127619
1.8060965932663149 3.826192728348414 2.8092992546723003
1.8060965932663149 2.2545983917433934 2.0549339731018903
1.8060965932663149 2.2545983917433934 2.2456283557738543
1.8060965932663149 2.2545983917433934 2.2456283557738543
1.8060965932663149 5.591280151627753 3.9139692357160345
1.8060965932663149 2.2545983917433934 2.2456283557738543
1.8060965932663149 4.0244010969674555 3.130529708385885
1.8060965932663149 4.1260376476933445 3.146317022685441
1.8060965932663149 4.659035221167276 4.429466318690585
1.8060965932663149 6.53098448934011 5.320814045333603
1.8060965932663149 5.539639644856155 5.3309607568667605
0.08889599327715247 7.664904368423869 3.9112441928502957
0.08889599327715247 0.08889599327715247 0.08889599327715242
0.08889599327715247 0.08978870589789212 0.08932449533510745
0.08889599327715247 4.9748666954771465 2.535596751990763
0.08889599327715247 0.09663642580551413 0.09648161715494684
0.08889599327715247 6.039417095440292 2.949016338579639
0.08889599327715247 4.806021548983928 4.560847979817151
0.08889599327715247 3.7819235199236556 3.4646323256379383
0.08889599327715247 1.5641146701144604 1.0269081156785669
0.08889599327715247 1.107991408073453 1.0694963114903766
0.08889599327715247 1.0997518879035337 1.0737807181067145
0.08889599327715247 2.893187407627835 2.815266329843192
0.08889599327715247 3.2426360946638018 2.1871774804886517
0.08889599327715247 5.673414485546374 3.4667847281813353
0.08889599327715247 3.1558759784012307 1.5610463861367103
0.08889599327715247 6.215266506368856 3.1520812498230044
0.08889599327715247 0.08889599327715247 0.08889599327715242
0.08889599327715247 5.481461942130185 4.270173537015238
0.08889599327715247 2.9636760126416744 1.7981015118150767
0.08889599327715247 5.124614274964763 3.0244843365069665
0.08889599327715247 5.342245490731582 3.486282482775369
0.08889599327715247 2.2022759549092545 1.2214771547538323
0.08889599327715247 2.0319489425609345 1.136313648579673
0.08889599327715247 5.569714789851975 2.779236091957698
0.08889599327715247 5.333951021359336 4.694350572620519
0.08889599327715247 3.0669044678265647 2.5319444100261417
0.08889599327715247 4.153761440381395 2.115730079120251
0.08889599327715247 0.24029333574327483 0.23726538889395207
0.08889599327715247 0.24029333574327483 0.23726538889395207
0.08889599327715247 5.79281318679941 4.249940145701478
0.08889599327715247 4.895241769257513 3.5861151313634543
0.08889599327715247 6.587127740983956 4.7956911337368755
0.08889599327715247 3.2700854044835137 2.8940743431169595
0.08889599327715247 2.619278585436789 2.568670933593596
0.08889599327715247 5.668816833001991 5.496366762448459
0.08889599327715247 4.884684628525836 4.4158513893565035
0.08889599327715247 5.450286149424294 4.254750455608899
0.08889599327715247 3.1829780438150164 3.1210964028042576
0.08889599327715247 2.9910075195512396 1.5742089936990213
0.08889599327715247 0.38181679204470287 0.248777490175247
0.08889599327715247 5.544036902673703 2.7091321778916386
0.08889599327715247 6.6623033957490385 5.4529880517699745
0.08889599327715247 6.6623033957490385 6.3623902439220945
0.08889599327715247 0.08889599327715247 0.08889599327715242
0.08889599327715247 2.7068154757039484 1.397855734490551
0.08889599327715247 0.08889599327715247 0.08889599327715242
0.08889599327715247 0.08889599327715247 0.08889599327715242
0.08889599327715247 6.403083498344845 3.119705995709645
0.08889599327715247 4.588203508825696 4.242958226086787
0.08889599327715247 5.627057434955425 2.7472134852827246
0.08889599327715247 3.591742646564246 1.7702623868549574
0.08889599327715247 5.372885169838991 3.9904595506023
0.08889599327715247 2.3160826125746756 2.2458973937485935
0.08889599327715247 3.123432310147621 1.6461576794814858
0.08889599327715247 5.255405806127879 2.7604229381759264
0.08889599327715247 0.6127337008938594 0.4588030199594595
0.08889599327715247 0.7861060590295712 0.7385370666641649
0.08889599327715247 5.676031826354393 3.1868229133451558
0.08889599327715247 1.6081002474482529 1.0842952966052726
0.08889599327715247 5.796659916593217 3.765578370394978
0.08889599327715247 4.677460596144424 2.2914070026534428
0.08889599327715247 0.08889599327715247 0.08889599327715242
0.08889599327715247 1.8409787513491236 0.9298957171516995
0.08889599327715247 4.950597784997672 3.2793883625351246
0.08889599327715247 2.595175267679146 1.9167767596170528
0.08889599327715247 1.6715831236503544 1.2403923079817516
0.08889599327715247 7.404712509273601 4.106957000793372
0.08889599327715247 2.9984736714355447 2.7071427548488973
0.08889599327715247 2.757511964614381 2.085977105274229
0.08889599327715247 3.276989788397796 3.159312743639744
0.08889599327715247 1.172657678966257 1.1080217307505966
0.08889599327715247 1.172657678966257 1.1509824452524762
0.08889599327715247 1.172657678966257 1.1509824452524762
