2.2068174237805818 7.693854396406559 5.5491060560063765
2.2068174237805818 7.070775704835306 6.147682046279401
2.2068174237805818 7.115571443251225 6.793534541289773
2.2068174237805818 5.869705828919905 5.644001027628368
2.2068174237805818 4.87027751498437 4.733784072799697
2.2068174237805818 6.51226455127388 5.521937850218665
2.2068174237805818 7.763476696886785 7.026737438618211
2.2068174237805818 6.51226455127388 5.3359906370804495
2.2068174237805818 8.060246296194993 7.018968119781979
2.2068174237805818 7.487257950150138 6.979217138218279
2.2068174237805818 7.072442317327555 6.770344567218246
2.2068174237805818 7.51951757735595 6.602168045035786
2.2068174237805818 5.829735224754586 4.9688280456850205
2.2068174237805818 4.349204235728521 4.258173170952507
2.2068174237805818 4.349204235728521 4.306356499489558
2.2068174237805818 5.100154637234414 4.681831700242508
2.2068174237805818 4.590297757680439 4.440019217015092
2.2068174237805818 4.681349310070306 4.588153927197379
2.2068174237805818 6.600014550012599 6.473774062271165
1.7879074654228622 4.104761190474846 2.9547125271160093
1.7879074654228622 6.039799389096142 4.987242451312031
1.7879074654228622 7.271880362833169 6.603491684341082
1.7879074654228622 7.608003752650557 7.330262599793656
1.7879074654228622 7.648307918808145 5.461813172252448
1.7879074654228622 9.312498564184336 7.68708191088854
1.7879074654228622 11.854118811300888 10.028366678671679
1.7879074654228622 11.854118811300888 9.387740068109762
1.7879074654228622 12.62247276587306 9.20315698563747
1.7879074654228622 13.89074387332419 10.282845098161246
1.7879074654228622 14.453448520894828 11.963802702599759
1.7879074654228622 9.999031814226516 9.200873856502456
1.7879074654228622 8.731160872730555 7.8318685885630375
1.7879074654228622 8.731160872730555 7.392888388790009
1.7879074654228622 6.332346041141779 5.226071876228157
1.7879074654228622 9.230730156342595 6.746075839917935
1.7879074654228622 11.062180128622694 7.139930737215286
1.7879074654228622 3.2772552574905878 3.247468301649237
1.7879074654228622 6.318990891171275 3.9700654414961836
1.7879074654228622 7.329685699871861 6.841347217099643
0.7648638460571822 8.348550846605699 4.425494478707783
0.7648638460571822 7.711595236120711 5.3958198721596276
0.7648638460571822 7.711595236120711 7.572660608319444
0.7648638460571822 7.711595236120711 7.572660608319444
0.7648638460571822 6.153087302116955 5.695206477296822
0.7648638460571822 8.974727385080737 7.473382242525556
0.7648638460571822 7.725757430241398 6.980471202108458
0.7648638460571822 7.725757430241398 7.586539558557717
0.7648638460571822 7.725757430241398 6.951926001409969
0.7648638460571822 6.343331444016091 5.395002833288803
0.7648638460571822 6.564492540964569 5.869860030407856
0.7648638460571822 9.279960191616151 8.484015235639498
0.7648638460571822 10.23808941914481 9.43206302110002
0.7648638460571822 6.613205020639153 5.484746756460367
0.7648638460571822 4.906317540027199 4.665440765766627
0.7648638460571822 6.659344835524696 6.365817326618279
0.7648638460571822 5.789144225134322 5.0720984365588775
0.7648638460571822 6.690519572293759 6.1887157071630075
0.7648638460571822 6.299513542769866 5.884991685671536
0.7648638460571822 8.123855706564877 6.307562941740787
0.7648638460571822 4.785629851336999 3.2970835120420463
0.7648638460571822 5.573840151900395 3.863610672592677
0.7648638460571822 5.9886285770769625 4.6702968373143
0.7648638460571822 3.4597609830305776 3.4058630402911096
0.7648638460571822 3.4597609830305776 3.4058630402911096
0.7648638460571822 5.969395356652779 4.986863220793699
0.7648638460571822 4.163338106463481 3.7543782483133983
0.7648638460571822 4.2870829010779765 3.474002075912206
0.7648638460571822 3.9215808744528506 3.722435739555976
0.7648638460571822 3.649559285794926 3.591865377000173
0.7648638460571822 6.603230272403877 5.068700870304646
0.7648638460571822 6.603230272403877 6.486462943876952
0.7648638460571822 4.5131562901313735 4.326262629622786
0.7648638460571822 5.0440416764060885 4.72843544737723
0.7648638460571822 3.1572612917459293 1.9610625689015553
0.7648638460571822 0.7648638460571822 0.7648638460571818
0.7648638460571822 5.657156268641774 4.267567679831378
0.7648638460571822 5.155793919963742 4.389198296933404
0.7648638460571822 4.752649084812411 4.644599143691762
0.7648638460571822 4.69370275909252 4.615125980831817
0.7648638460571822 4.564730397948761 3.919294087217464
0.7648638460571822 4.107218777306166 3.970162208416273
0.7648638460571822 4.219839304585921 3.9629835475586215
0.7648638460571822 4.307156450579413 4.099439667787771
0.7648638460571822 3.948955479341589 2.424835023218527
0.7648638460571822 3.837934503904578 3.1586968538472133
0.7648638460571822 5.711035276145804 4.773240678902903
0.7648638460571822 3.8034522196375318 3.441175801032114
0.7648638460571822 5.082255005898297 4.491854743448082
0.7648638460571822 4.034088877700778 3.924018635725659
0.7648638460571822 4.023685039792607 3.9083946324473215
0.7648638460571822 6.087462676728048 5.130669179519682
0.7648638460571822 9.020390605344152 6.84329114069582
0.7648638460571822 4.996412746418958 4.911781768411726
0.7648638460571822 5.647006492540637 5.224066766550132
0.7648638460571822 6.335603762161636 6.101209308441001
0.7648638460571822 9.88043079290124 6.331807601472122
0.7648638460571822 3.1478070879167714 3.1001482230795796
0.7648638460571822 5.446728646896034 4.249609002569207
0.7648638460571822 3.1478070879167714 3.1001482230795796
0.7648638460571822 3.416642531674633 3.2345659449585105
