0.6555270574624115 7.782508100334493 5.437963287991256
0.6555270574624115 5.11720803904478 2.7971339286219488
0.6555270574624115 5.751986646328817 3.101827660118287
0.6555270574624115 4.204348214616424 2.3589612128963355
0.6555270574624115 3.1983663398817055 2.955219520472939
0.6555270574624115 3.3206084067643933 3.2086305876746644
0.6555270574624115 4.65029705990116 3.6189646624853635
0.6555270574624115 6.364766609392188 5.084179275076849
0.6555270574624115 5.066089649769786 4.713227722889356
0.6555270574624115 5.8739026814241875 5.416966701042547
0.6555270574624115 5.8739026814241875 5.769535168944953
0.6555270574624115 7.181995014098206 5.834070989255326
0.6555270574624115 3.9181907396293743 3.6698811137336804
0.6555270574624115 5.871389654977456 4.607416593100758
0.6555270574624115 3.5520780351246626 3.4941470155714165
0.6555270574624115 3.5520780351246626 3.4941470155714165
0.6555270574624115 3.5520780351246626 3.4941470155714165
0.6555270574624115 4.650130994513365 4.043173495265769
0.6555270574624115 6.234455068489293 4.78168799158644
0.6555270574624115 5.901322618445224 4.968396626346203
0.6555270574624115 4.567868986968406 3.7576390383648355
0.6555270574624115 4.622011353719454 3.783627374405336
0.6555270574624115 6.244537554501559 5.0592833854818435
0.6555270574624115 6.6094588004460135 6.330788958609862
0.6555270574624115 3.0538003991658944 1.806698261480083
0.6555270574624115 2.790442612068294 1.680286523673235
0.6555270574624115 3.0154986339201426 2.0902001156276815
0.6555270574624115 5.705698976959784 3.4353002871475002
0.6555270574624115 1.1861255364965833 1.1755135669158996
0.6555270574624115 1.1861255364965833 1.1755135669158996
0.6555270574624115 1.1861255364965833 1.1755135669158996
0.6555270574624115 3.1601722662223435 2.123055997184267
0.6555270574624115 1.1861255364965833 1.1755135669158996
0.6555270574624115 1.1861255364965833 1.1755135669158996
0.6555270574624115 4.789145714264922 2.904963252244703
0.6555270574624115 1.1861255364965833 1.1755135669158996
0.6555270574624115 6.4676297243434 5.6359157874124435
0.6555270574624115 4.977063300190618 4.890632575336057
0.6555270574624115 6.090201177986383 4.409024684802448
0.6555270574624115 5.695531330718371 4.4255315643167314
0.6555270574624115 4.405607794566016 3.6675984745105437
0.6555270574624115 3.8578470811837637 3.678309447680302
0.6555270574624115 6.101302616954598 4.655269687721559
0.6555270574624115 6.01241372951721 5.815631027391221
0.6555270574624115 6.101596762907892 5.65952134990941
0.6555270574624115 6.51731283741513 6.076646959988152
0.6555270574624115 6.4534624889889365 6.3093234080042855
0.6555270574624115 0.6555270574624115 0.6555270574624111
0.6555270574624115 3.885906989091279 2.2061094246442683
0.6555270574624115 5.332489462112111 2.900469011694267
0.6555270574624115 0.6555270574624115 0.6555270574624111
0.6555270574624115 0.6555270574624115 0.6555270574624111
0.6555270574624115 2.2578281371137945 1.4566775972881039
0.6555270574624115 0.6555270574624115 0.6555270574624111
0.6555270574624115 2.6256199892861187 1.6011716647377918
0.6555270574624115 3.3516607325140666 3.125942621688086
0.6555270574624115 5.070795280844788 3.9855098958534465
0.6555270574624115 7.685005032040989 6.392492168622156
0.6555270574624115 6.420611298844893 5.797907491915556
0.6555270574624115 5.363523544466371 5.269363614726294
0.6555270574624115 3.7055565757151787 2.6964731858169557
0.6555270574624115 3.5302223299456306 2.646729374913509
0.6555270574624115 6.105075831950945 3.934156125916166
0.6555270574624115 4.85491127196746 3.6735066539725216
0.6555270574624115 3.8082622769474175 3.7401770255242854
0.6555270574624115 3.8082622769474175 3.6451144991290367
0.6555270574624115 7.3250785747351514 5.516421451618223
0.6555270574624115 5.531063652912181 4.686424634417595
0.6555270574624115 4.688764727602273 3.7925058585327047
0.6555270574624115 5.508224356305671 5.383999845081477
0.6555270574624115 6.528888092307255 6.06037661752984
0.6555270574624115 7.31430907380385 6.860971460497857
0.6555270574624115 8.105865435293707 7.130821073061362
0.6555270574624115 4.145598718541901 3.6533145572082377
0.6555270574624115 6.24527200688205 5.112658178618202
0.6555270574624115 6.24527200688205 6.133477107893658
0.6555270574624115 7.450757408050356 6.468404027079779
0.6555270574624115 9.057670381510878 7.366650978300441
0.6555270574624115 6.329221104794744 6.002426339942369
0.6555270574624115 6.507285105531469 6.2421082936553525
0.6555270574624115 6.507285105531469 6.390249944570092
0.6555270574624115 6.538780136210512 6.40536755929603
0.6555270574624115 6.3703847803822455 6.2322993051439255
0.019053232076100546 4.509064298567054 2.2767882418293044
0.019053232076100546 0.019053232076100546 0.019053232076100546
0.019053232076100546 0.019053232076100546 0.019053232076100546
0.019053232076100546 0.019053232076100546 0.019053232076100546
0.019053232076100546 0.019053232076100546 0.019053232076100546
0.019053232076100546 0.40071213524122173 0.20988268365866086
0.019053232076100546 0.019053232076100546 0.019053232076100546
0.019053232076100546 0.019053232076100546 0.019053232076100546
0.019053232076100546 0.019053232076100546 0.019053232076100546
0.019053232076100546 3.1091605607091712 1.5023047498199753
0.019053232076100546 2.7097360992976154 1.3105810083424285
0.019053232076100546 2.8201281121076787 1.419590672091891
0.019053232076100546 3.227136645865802 3.0383697248101247
0.019053232076100546 2.967542369241045 2.9085725864977463
0.019053232076100546 3.2502768778631546 1.5832034764679184
0.019053232076100546 0.12319549680387754 0.08940522986704036
0.019053232076100546 5.172454151458741 2.6164319900062405
