2.2327287401297373 7.7556565575319585 5.499894713899357
2.2327287401297373 8.622893305343867 6.480045500354814
2.2327287401297373 4.59280427797432 4.5456027672174315
2.2327287401297373 6.055942067591065 5.247908906233469
2.2327287401297373 4.5985320011918915 4.441311705000356
2.2327287401297373 6.460259317025951 5.512770576075432
2.2327287401297373 4.662471547416381 4.613876691270644
2.2327287401297373 3.6562444994137953 3.4167589366047637
2.2327287401297373 3.2342140041670935 3.2141842988863476
2.2327287401297373 3.2342140041670935 3.2141842988863476
2.2327287401297373 5.5430430978576375 4.924115183302119
2.2327287401297373 4.391539707438977 4.348363488092789
2.2327287401297373 4.391539707438977 4.348363488092789
2.2327287401297373 6.29042684595419 5.351579744771869
2.2327287401297373 6.535959382325569 5.469435362230132
2.2327287401297373 6.535959382325569 6.449894769481652
2.2327287401297373 8.644139110779657 7.932194313166512
2.2327287401297373 8.64000130766822 8.469737851302858
2.2327287401297373 8.489852941016819 8.30681946721859
2.2327287401297373 4.604026149976281 3.9946989221469904
2.2327287401297373 6.1482389644451665 5.293028500118026
2.2327287401297373 6.2969258529756935 6.144272204224124
2.2327287401297373 6.680249544892337 6.325293838573502
2.2327287401297373 6.1482389644451665 6.06992875995886
2.2327287401297373 6.1482389644451665 4.875046872700345
2.2327287401297373 7.718376003781557 5.628712651581816
2.2327287401297373 8.557635355858057 7.43124422368998
1.4443754379430414 6.309140392666503 3.8925249813485077
1.4443754379430414 1.4443754379430414 1.4443754379430422
1.4443754379430414 4.8976630513895145 3.1710192446662786
1.4443754379430414 6.02602807313793 5.388066505261383
1.4443754379430414 5.89020115602484 5.67814538981483
1.4443754379430414 4.134041607054456 3.1314640034129844
1.4443754379430414 4.134041607054456 4.080248283672228
1.4443754379430414 6.013285861068454 5.585048984995698
1.4443754379430414 6.530305985312456 6.186441180304769
1.4443754379430414 6.530305985312456 6.428587374365065
1.4443754379430414 6.530305985312456 6.428587374365065
1.4443754379430414 6.530305985312456 5.395757511145942
1.4443754379430414 4.378577103605945 4.309522774597894
1.4443754379430414 5.480016103959418 4.848583790462357
1.4443754379430414 5.489361619473716 4.877062108786798
1.4443754379430414 6.514137488014654 5.374058541873873
1.4443754379430414 8.301804126723901 7.464295712076839
1.4443754379430414 5.752000839590483 5.163241124418079
1.4443754379430414 8.935435316538712 7.126870791001591
1.4443754379430414 13.302988638332794 10.664197821482901
1.4443754379430414 9.454138403545363 8.196453729907942
1.4443754379430414 8.509917600230903 6.911107710628287
1.4443754379430414 8.509917600230903 8.242342731362939
1.4443754379430414 8.823512347714436 6.923243283588423
1.4443754379430414 6.830687222960902 5.89365862679296
1.4443754379430414 8.949355901254703 8.153007540572965
1.4443754379430414 8.949355901254703 8.79925629198847
1.4443754379430414 10.504980870771746 8.418891284938109
1.4443754379430414 12.64246157626241 10.450018093868545
1.4443754379430414 8.705498057007464 8.56027560462617
1.4443754379430414 8.705498057007464 8.56027560462617
1.4443754379430414 8.705498057007464 8.56027560462617
1.4443754379430414 8.705498057007464 7.5201390414953675
1.4443754379430414 6.5987581647492455 6.254933685957783
1.4443754379430414 6.34615697250619 6.1596109968180714
1.4443754379430414 6.161760420429413 6.067412720779681
1.4443754379430414 6.161760420429413 6.003314656320188
1.4443754379430414 6.247081064300076 6.108366629837597
1.4443754379430414 6.161760420429413 6.067412720779681
1.4443754379430414 6.161760420429413 6.067412720779681
1.4443754379430414 6.161760420429413 6.067412720779681
1.4443754379430414 6.161760420429413 6.067412720779681
1.4443754379430414 6.161760420429413 6.067412720779681
1.4443754379430414 6.861729833411207 6.4204441495025515
1.4443754379430414 6.168107758412674 4.948294172233889
1.4443754379430414 5.399026874523454 4.771451724615344
1.4443754379430414 6.614258236735413 6.450298106441584
1.4443754379430414 7.630035299522289 6.2335575159485925
1.4443754379430414 5.084506126838065 5.011703513060159
1.4443754379430414 5.084506126838065 4.633995557191795
1.4443754379430414 5.084506126838065 5.011703513060159
1.4443754379430414 8.02423142569942 5.832932321101425
1.4443754379430414 6.172273509270557 5.932802638929868
1.4443754379430414 6.488490751346866 6.23582416888216
1.4443754379430414 5.7147361805474155 5.584813118874151
1.4443754379430414 6.094938996167453 5.973265908260374
1.4443754379430414 6.851887882721824 6.384318139568615
1.4443754379430414 6.009057775308403 5.758011534645798
1.4443754379430414 6.009057775308403 5.397961864527914
1.4443754379430414 7.600875825921904 6.607417593378586
1.4443754379430414 5.787692024289104 5.700825692562182
1.4443754379430414 9.28133386132263 5.9744233575953105
1.4443754379430414 2.718476912864866 2.6929948833664326
1.4443754379430414 5.6159830244706725 4.083797816937217
1.4443754379430414 4.638682524707853 4.256025248340427
1.4443754379430414 4.906210045492877 4.371156327707565
1.4443754379430414 5.827953558954128 4.211385966901714
1.4443754379430414 5.253001803446384 3.4447160510902792
1.4443754379430414 5.616925491598131 3.619399421403117
1.4443754379430414 1.7887753533543074 1.7818873550460839
1.4443754379430414 5.520174401653993 3.6475868791959267
1.4443754379430414 4.646206298251414 3.706432173875768
1.4443754379430414 5.255003422768755 4.04586023642122
