3.161060250642539 7.781499736054046 5.653247182395933
3.161060250642539 7.307548618586129 6.965686759926216
3.161060250642539 7.307548618586129 6.803234852931861
3.161060250642539 6.76959679403876 6.441815492560432
3.161060250642539 9.012615980616683 7.310561203448536
3.161060250642539 7.153604739370918 5.922448761080982
3.161060250642539 7.693206950836686 7.239475118733808
3.161060250642539 6.936771746463787 6.699498900129051
3.161060250642539 6.636987341367991 6.546871609193838
3.161060250642539 6.636987341367991 6.567468799553483
3.161060250642539 6.1530540966630305 5.186820121376927
3.161060250642539 6.0965213061393975 5.2563881773927825
3.161060250642539 6.0965213061393975 4.852528139874226
3.161060250642539 6.0965213061393975 5.923116700290246
3.161060250642539 6.6204988582215485 6.299800861070533
3.161060250642539 4.429553260137883 4.398320071708384
3.161060250642539 4.461882925151155 4.397337848212884
3.161060250642539 4.393970354809149 4.3596089557711215
3.161060250642539 4.37456396089976 4.350293886694619
3.161060250642539 4.406750138770125 3.9208464084462964
3.161060250642539 6.187112221479644 4.81102744980106
3.161060250642539 3.8162357611907685 3.618191593351487
3.161060250642539 3.8162357611907685 3.8031322509798042
3.161060250642539 3.8162357611907685 3.8031322509798042
3.161060250642539 3.8162357611907685 3.8031322509798042
2.0520437437009993 3.8162357611907685 2.9563200825847167
2.0520437437009993 3.378878191765527 3.002963044046004
2.0520437437009993 5.593625326364357 4.066041668653446
2.0520437437009993 3.9012044980381053 3.278101335532625
2.0520437437009993 2.680121274249061 2.6675597236381003
2.0520437437009993 5.6423020811060915 4.089406510929478
2.0520437437009993 4.895105883898491 4.007521999840447
2.0520437437009993 6.41849841974615 4.473585247936325
2.0520437437009993 2.548531589977554 2.5386018330520255
2.0520437437009993 3.56471012075955 3.026367527827383
2.0520437437009993 2.548531589977554 2.5386018330520255
2.0520437437009993 2.9282458035638226 2.720864655573434
2.0520437437009993 2.548531589977554 2.5386018330520255
2.0520437437009993 3.8928426893342167 3.2107573827303564
2.0520437437009993 2.548531589977554 2.5386018330520255
2.0520437437009993 2.548531589977554 2.5386018330520255
2.0520437437009993 2.548531589977554 2.5386018330520255
1.0651913120355379 2.548531589977554 1.826598499639856
1.0651913120355379 1.0651913120355379 1.0651913120355376
1.0651913120355379 1.0651913120355379 1.0651913120355376
1.0651913120355379 3.458807365953789 2.214127017916298
1.0651913120355379 3.260802048776253 2.5545801157201073
1.0651913120355379 1.8809901356068122 1.8646741591353864
1.0651913120355379 1.8809901356068122 1.8646741591353864
1.0651913120355379 5.754038552650609 5.41840670868491
1.0651913120355379 1.6932157064700069 1.518598945092775
0.7410612110549164 3.203101620160052 1.9785640176270973
0.3488863948590617 4.462625016178055 2.4135992018424752
0.3488863948590617 2.6071808266328422 1.7494297062892468
0.3488863948590617 6.231020343576358 4.385512306282277
0.3488863948590617 7.988193069554377 5.418271990510952
0.3488863948590617 6.0979150124450925 4.487735063355165
0.3488863948590617 3.4645793397238553 3.2252932189218084
0.3488863948590617 5.778461517088051 5.071462619259807
0.3488863948590617 3.7124420431316563 3.439384912784846
0.3488863948590617 4.56876313031162 3.8757768970700823
0.3488863948590617 6.230165768662282 4.981766155418923
0.3488863948590617 4.43013564594461 4.117751696514439
0.3488863948590617 5.480184149798912 4.799619003202746
0.3488863948590617 4.578381614889864 3.8634712323003644
0.3488863948590617 6.55014625181083 5.407162120729692
0.3488863948590617 6.613154118867566 5.272604594625757
0.3488863948590617 8.316292742779888 6.809978005916255
0.3488863948590617 8.316292742779888 8.156944615821464
0.3488863948590617 12.080318590544229 10.078032274527729
0.3488863948590617 8.217573245957663 6.936447981468092
0.3488863948590617 6.217091509774736 6.019839945419909
0.3488863948590617 9.248325170875185 8.209309378864356
0.3488863948590617 9.0100092542224 7.042675738879785
0.3488863948590617 5.272277883065428 5.173810053301307
0.3488863948590617 6.536192695208431 6.241242532178932
0.3488863948590617 7.6715032070196845 4.157115212912557
0.3488863948590617 0.6549705864698585 0.6488489026376424
0.3488863948590617 0.6549705864698585 0.6488489026376424
0.3488863948590617 5.01220502541636 3.779991626102716
0.3488863948590617 2.7201736316907064 2.6445963530321928
0.3488863948590617 4.903155648556478 4.179750977894578
0.3488863948590617 3.5858238035815835 3.1807194454449665
0.3488863948590617 5.99337570929924 4.6035950744681555
0.3488863948590617 5.648824549026834 5.368036014203535
0.3488863948590617 3.600418233153182 2.1227286868289252
0.3488863948590617 2.899461742322725 1.7722504414136977
0.02974483161316188 0.6573788382399006 0.3499446661914489
0.02974483161316188 0.02974483161316188 0.02974483161316188
0.02974483161316188 0.02974483161316188 0.02974483161316188
0.02974483161316188 0.02974483161316188 0.02974483161316188
0.02974483161316188 4.909005472110309 2.3717899390517916
0.02974483161316188 5.646652077111838 2.8381984543624994
0.02974483161316188 4.8948096774716205 2.36497595762522
0.02974483161316188 5.062652671436748 4.857136538594183
0.02974483161316188 0.934070205097719 0.48190751835544016
0.02974483161316188 0.02974483161316188 0.02974483161316188
0.02974483161316188 2.843501636556909 1.3803480979861606
0.02974483161316188 3.811205681648247 1.920475256630704
0.02974483161316188 0.02974483161316188 0.02974483161316188
