0.4147615987494686 7.658142758208788 5.353544836348894
0.4147615987494686 8.307118728653881 8.135807466992269
0.4147615987494686 7.536293115734784 5.8061878246908325
0.4147615987494686 9.116569221230929 7.665252922588832
0.4147615987494686 11.804657522304979 7.116817172619182
0.4147615987494686 2.884572659875602 2.8351764386530793
0.4147615987494686 7.650827785727195 6.3040844212764355
0.4147615987494686 5.92748331162106 5.128645990513718
0.4147615987494686 6.305524182958589 4.850561601575653
0.4147615987494686 4.183068834826443 3.776068562401445
0.4147615987494686 5.9124396375399755 5.069092393147799
0.4147615987494686 4.445652270307246 4.365034456876093
0.4147615987494686 4.445652270307246 4.365034456876093
0.4147615987494686 5.558091414431029 4.954306151802162
0.4147615987494686 6.141527901207926 5.246024395190608
0.4147615987494686 6.277158819771312 6.09480803444045
0.4147615987494686 8.487655827769625 7.170785558830038
0.4147615987494686 8.095670127179964 4.784648045587229
0.4147615987494686 4.3467977627674586 2.8640503729586704
0.4147615987494686 3.4658609305420502 3.382822891131733
0.4147615987494686 2.5555620631735363 2.0088600423881595
0.4147615987494686 3.20626161642462 2.354365259473578
0.4147615987494686 5.9733953646112 4.533998490164411
0.4147615987494686 3.26136694748848 3.1768821749817726
0.4147615987494686 5.84161745488872 4.415402418533884
0.4147615987494686 6.036004287018056 5.410614503985062
0.4147615987494686 6.355635443479851 6.233304592712074
0.4147615987494686 2.786710538429649 1.5532970897959557
0.4147615987494686 5.121610005816887 2.674048834141829
0.1990583665240675 3.317798296000849 1.7003675973174317
0.1990583665240675 0.1990583665240675 0.19905836652406722
0.1990583665240675 0.1990583665240675 0.19905836652406722
0.1990583665240675 4.94726530205736 2.478197695580049
0.1990583665240675 2.6701623352847226 1.3851882715291828
0.1990583665240675 4.910768273656153 2.4606791219474684
0.1990583665240675 5.4939481262666305 2.84650324639535
0.1990583665240675 0.1990583665240675 0.19905836652406722
0.1990583665240675 0.1990583665240675 0.19905836652406722
0.1990583665240675 0.1990583665240675 0.19905836652406722
0.1990583665240675 0.1990583665240675 0.19905836652406722
0.1990583665240675 0.1990583665240675 0.19905836652406722
0.1990583665240675 0.1990583665240675 0.19905836652406722
0.1990583665240675 0.1990583665240675 0.19905836652406722
0.1990583665240675 0.1990583665240675 0.19905836652406722
0.1990583665240675 0.1990583665240675 0.19905836652406722
0.1990583665240675 2.7371174948785826 1.4680879307013261
0.1990583665240675 0.7436270709851773 0.46045134466539994
0.1990583665240675 1.7420151103323325 1.63720224173644
0.1990583665240675 3.0816180395223154 2.3809574400511577
0.1990583665240675 0.1990583665240675 0.19905836652406722
0.1990583665240675 2.5370274596969655 1.3680429131105174
0.1990583665240675 5.663457664190258 2.8219700294038406
0.1990583665240675 0.1990583665240675 0.19905836652406722
0.1990583665240675 4.834502967251609 3.9577352047649996
0.1990583665240675 4.821246198583378 2.5963119046723397
0.1990583665240675 2.8873559155218413 1.7146663846323642
0.1990583665240675 0.5562651240436698 0.5491209888932773
0.1990583665240675 2.8533298334672996 1.6517120494166206
0.1990583665240675 2.842256773332068 2.4577286040610566
0.1990583665240675 4.413585757953861 2.9287939125533633
0.1990583665240675 4.67749211497787 4.265471472511827
0.1990583665240675 6.008203112745171 5.831239773054105
0.1990583665240675 6.008203112745171 4.492778187476429
0.1990583665240675 8.459150426290988 7.02049680056869
0.1990583665240675 7.4327096129196075 6.141827204182252
0.1990583665240675 2.8532470089520143 1.5261526877380418
0.1990583665240675 4.888587351404354 2.543822858964212
0.1990583665240675 0.1990583665240675 0.19905836652406722
0.1990583665240675 5.672040462474985 5.48342325377731
0.1990583665240675 7.6752362295513485 7.080014169606639
0.1990583665240675 8.487401150374478 7.763264986275796
0.1990583665240675 4.0551448904235095 2.0499798979957995
0.1990583665240675 5.456658519324918 2.827858442924494
0.1990583665240675 5.523550449299698 2.754814566256373
0.1990583665240675 6.93240990385207 3.5657341351880696
0.1990583665240675 5.236794530009821 4.969689156929614
0.1990583665240675 5.236794530009821 4.595909059997365
0.1990583665240675 6.255014192688918 3.97433011242976
0.1990583665240675 3.859501585434448 2.862956407351959
0.1990583665240675 5.792322377431656 5.631999386305441
0.1990583665240675 8.057995289195462 6.857267374644706
0.1990583665240675 6.807835058985859 6.445019820180563
0.1990583665240675 6.807835058985859 6.53017963084655
0.1990583665240675 3.5427036254437287 1.8708809959839001
0.1990583665240675 5.523032886175805 2.861045626349936
0.1990583665240675 3.9900931193954325 2.575539933405838
0.1990583665240675 5.391556014118404 3.329820680404611
0.1990583665240675 3.2151681833376604 2.2035759640981074
0.1990583665240675 4.107033129038296 3.333355723324365
0.1990583665240675 3.184000089641867 2.486956611723014
0.1990583665240675 1.9093108027288719 1.8751057540047755
0.1990583665240675 6.225208306386374 4.561478533612947
0.1990583665240675 5.832485398848949 5.034655136083212
0.1990583665240675 6.272327335977625 4.611457259769687
0.1990583665240675 5.454472646326078 2.963505082858463
0.1990583665240675 4.405856780516668 2.439197149953758
0.1990583665240675 0.48393248409362544 0.4782350017422339
0.1990583665240675 0.48393248409362544 0.4782350017422339
0.1990583665240675 0.48393248409362544 0.4782350017422339
0.1990583665240675 0.48393248409362544 0.4782350017422339
