1.1120026100420728 7.760670416808358 5.2484406380859685
1.1120026100420728 5.243923792438533 3.1779632012403027
1.1120026100420728 2.3166375173475378 1.6902273655486968
1.1120026100420728 2.411417731642253 1.9644868141681593
1.1120026100420728 1.569532501558069 1.5603819037277507
1.1120026100420728 5.580160402631421 3.565695854264423
1.1120026100420728 5.774425954494578 3.6628286301960014
1.1120026100420728 5.738757647413468 3.8388919217419555
1.1120026100420728 2.1240963975652964 2.103854521814832
1.1120026100420728 2.1240963975652964 2.103854521814832
1.1120026100420728 2.1240963975652964 2.103854521814832
1.1120026100420728 2.1240963975652964 2.103854521814832
1.1120026100420728 3.6531887681866206 2.837818859713069
1.1120026100420728 3.6531887681866206 2.5563823576170193
1.1120026100420728 6.653819461667904 6.16512372930827
1.1120026100420728 6.618065268098398 6.01523340216566
1.1120026100420728 5.6326440425551745 5.54223121390491
1.1120026100420728 6.471922059378262 5.961870222316455
1.1120026100420728 6.65940995051335 6.442872726530835
1.1120026100420728 6.4394327064027514 6.332884104475535
1.1120026100420728 6.8601473418720005 6.31350827662514
1.1120026100420728 6.8601473418720005 6.745184447235397
1.1120026100420728 6.8601473418720005 5.707673957834963
1.1120026100420728 6.8601473418720005 6.051821129732495
1.1120026100420728 6.894109132264642 6.664567955806283
0.4378003560697654 3.1792958802454376 1.767202252753535
0.4378003560697654 2.4234857804290617 1.4306430682494138
0.4378003560697654 2.152282306796391 1.260751692418546
0.4378003560697654 0.4378003560697654 0.43780035606976514
0.4378003560697654 4.0285010850804746 2.2331507205751215
0.4378003560697654 6.242098297708463 4.0529761625413085
0.4378003560697654 6.242098297708463 5.615295736004387
0.4378003560697654 9.322472464331783 7.643168016511002
0.4378003560697654 6.194116202549402 6.078989885619809
0.4378003560697654 8.439844297689989 6.74377429435935
0.4378003560697654 5.042402550814288 4.374137802393639
0.4378003560697654 6.568962345479829 5.2174237812672
0.4378003560697654 3.2663240171861614 1.795491713405637
0.4378003560697654 3.270495027419653 3.1582841428459454
0.4378003560697654 4.932541515411593 4.547396225022539
0.4378003560697654 6.630755800040376 5.362539081644356
0.4378003560697654 8.54946537791324 7.484946582321348
0.4378003560697654 6.669703929673609 5.440519451107484
0.4378003560697654 7.9939221652482075 7.192871303184534
0.4378003560697654 4.519344073562703 3.5618251522351816
0.4378003560697654 3.196637042809233 3.094533326443598
0.4378003560697654 3.7073867842851453 3.3517852764867895
0.4378003560697654 3.102783077547539 3.0494834231179855
0.4378003560697654 4.630496780361479 3.7827860004686777
0.398506909292927 5.352385440160585 2.876232043662295
0.398506909292927 3.154081806466181 3.0691379348659917
0.398506909292927 4.54231552972464 3.735490122030053
0.398506909292927 5.093181583373532 4.039881118265936
0.398506909292927 7.678759914261798 6.753581750373871
0.398506909292927 2.5855710745327376 1.4920389919128327
0.398506909292927 3.073864591660087 1.7361857504765081
0.398506909292927 5.667454103127206 2.927601562333381
0.398506909292927 5.039206829709315 2.718856869501123
0.398506909292927 2.9550033523947588 1.6256252019818072
0.398506909292927 2.962334746638327 1.6291442712187203
0.2754977068513118 2.598524844744429 1.393010917088841
0.2754977068513118 0.2754977068513118 0.27549770685131153
0.2754977068513118 5.1098788001868805 2.692688253519096
0.2754977068513118 5.562307541001832 2.9189026239265727
0.2754977068513118 0.2754977068513118 0.27549770685131153
0.2754977068513118 1.7533003418817228 1.0143990243665177
0.2754977068513118 2.05819282423558 1.393521826957203
0.2754977068513118 3.792352842813195 2.1522460808810804
0.2754977068513118 3.3324871362853874 3.045954645248742
0.2754977068513118 5.594025376354136 4.768068545033281
0.2754977068513118 6.247837416961588 4.5331597966571975
0.2754977068513118 3.9389471578448654 3.37871466709884
0.2754977068513118 4.333153123907653 3.6900836265550288
0.2754977068513118 3.209320345884653 3.1506438931039873
0.2754977068513118 3.209320345884653 3.067181480799696
0.2754977068513118 2.813328285412187 1.618257849167358
0.2754977068513118 3.4546681331350304 3.171837224647553
0.2754977068513118 6.469638131402718 4.8355718894517485
0.2754977068513118 7.102512549622304 6.351767659860924
0.2754977068513118 7.870344427968414 6.773125571127767
0.2754977068513118 6.46415393563273 5.414426148759901
0.2754977068513118 6.555152160268939 5.5509179992045725
0.2754977068513118 8.413778910916767 5.345810730739668
0.2754977068513118 2.603373798725191 2.556816276887712
0.2754977068513118 2.603373798725191 2.556816276887712
0.2754977068513118 3.6801469378586593 3.010717094503032
0.2754977068513118 3.6188660853922134 3.439486845842599
0.2754977068513118 3.5427424253637665 3.4440316854306805
0.2754977068513118 4.569305465698733 3.957313205598163
0.2754977068513118 4.239616565949081 3.660304326073054
0.2754977068513118 3.226393358720966 3.126914160772557
0.2754977068513118 3.2018483381924487 1.73867302252188
0.2754977068513118 0.2754977068513118 0.27549770685131153
0.2754977068513118 3.244755928917407 3.0236281495573407
0.2754977068513118 2.8446181785655793 1.8913030211123092
0.2754977068513118 1.2766141695931066 0.9433604487590388
0.2754977068513118 0.9335030258333252 0.919649239162167
0.2754977068513118 5.270771232346373 4.160597269974132
0.2754977068513118 5.335754773357785 2.805626240104548
0.2754977068513118 0.2754977068513118 0.27549770685131153
