2.79827588913258 7.690761976670874 5.591699070990784
2.79827588913258 7.230836877040058 5.4922788817164045
2.79827588913258 6.5652355235169075 5.225474475977452
2.79827588913258 7.845079371137402 6.495832395470019
2.79827588913258 8.785137023909181 7.566308913390165
2.79827588913258 6.291119705087414 6.195081519019884
2.79827588913258 6.238757085590549 6.169947461661393
2.79827588913258 5.944216174064515 5.705742788362987
2.79827588913258 6.166959919011685 5.812659785937626
2.79827588913258 7.667221282278206 6.889180816091575
2.79827588913258 6.320465608324589 6.21254799305288
2.79827588913258 5.952186283947139 4.973335816303939
2.79827588913258 6.298295071751635 5.183021100596063
2.79827588913258 4.120641764453328 4.0941944469469105
2.79827588913258 4.120641764453328 4.0941944469469105
2.79827588913258 4.120641764453328 4.0941944469469105
2.79827588913258 4.120641764453328 4.0941944469469105
2.79827588913258 4.120641764453328 4.0941944469469105
2.79827588913258 4.120641764453328 3.4932181020355864
2.79827588913258 2.868607712554731 2.8672010760862903
2.79827588913258 5.471958011944459 4.683470704111437
2.79827588913258 6.215434178816025 5.237620951042137
2.79827588913258 7.77209093868337 6.847747384621086
2.79827588913258 5.916793686586498 5.544013264774887
2.79827588913258 6.13355284845489 5.869918643915792
2.79827588913258 6.270158797895121 5.905811508909059
2.79827588913258 5.655763733705932 5.084656060975713
2.79827588913258 4.6278479020284315 4.24811441479204
2.79827588913258 4.6278479020284315 4.591256461770517
2.79827588913258 6.891125478076647 5.722895249794623
2.79827588913258 4.6278479020284315 4.591256461770517
2.79827588913258 4.6603074690746915 4.607486245293647
2.79827588913258 6.5844415984796925 5.586537115930529
2.79827588913258 6.13793783898268 4.850248276334168
2.79827588913258 5.785749316796647 5.570403131932956
2.79827588913258 4.674266185335323 4.290101486818252
2.79827588913258 5.086655834228001 4.7863714551497045
2.79827588913258 4.577622273875232 3.799613826955579
2.79827588913258 4.5111316264642305 4.047052994032578
2.459079305632511 5.35362540832682 3.913136288649668
2.459079305632511 5.547268109529082 5.043005679479
2.459079305632511 5.547268109529082 4.208695410677713
2.459079305632511 6.167360491552962 4.554395159901908
2.459079305632511 6.617695265292269 4.903832087956844
2.459079305632511 3.2204226441626216 3.205195777392022
2.459079305632511 3.2204226441626216 3.205195777392022
2.459079305632511 5.641093252631087 4.248203924561528
2.459079305632511 6.664911509920316 6.475427477123082
2.459079305632511 6.664911509920316 6.580794865834568
2.459079305632511 6.664911509920316 6.580794865834568
2.459079305632511 6.6883469459706255 6.575994819718702
2.459079305632511 7.327888057783738 5.823993190533278
2.459079305632511 7.327888057783738 6.924864010441871
2.459079305632511 6.691121657161137 6.606480810130568
2.459079305632511 6.691121657161137 6.606480810130568
2.459079305632511 6.691121657161137 6.606480810130568
2.459079305632511 6.232584804649644 5.928145243815934
2.459079305632511 6.232584804649644 6.1571146946693
1.8944968545704346 6.567617307591217 4.242348730102066
1.8944968545704346 5.710247131979248 3.802371993274842
1.8944968545704346 5.804678052611287 4.327542875627262
1.8944968545704346 5.613700446029487 4.208787153069087
1.8944968545704346 5.613700446029487 4.266081943342963
1.8944968545704346 2.9611287150766867 2.93979607786656
1.8944968545704346 2.9611287150766867 2.93979607786656
1.8944968545704346 4.6059628185072015 3.7293164475132095
1.8944968545704346 2.9611287150766867 2.93979607786656
1.8944968545704346 6.621887771708995 4.696960425050069
1.8944968545704346 2.9611287150766867 2.93979607786656
1.8944968545704346 4.286045829095187 3.575756292595439
1.8944968545704346 3.251743442732917 3.079231401274504
1.8944968545704346 3.251743442732917 3.22459851096967
1.8944968545704346 4.3501624258709235 4.015427251848307
1.8944968545704346 6.510388076633802 5.485131531337877
1.8944968545704346 8.556011420113698 6.49513402837687
1.8944968545704346 6.3591986704895405 4.440643555993318
1.8944968545704346 2.548238090952371 2.535163266224731
1.4789014229602846 3.471638704974773 2.483581972599735
1.4789014229602846 1.4789014229602846 1.4789014229602853
1.4789014229602846 5.244592207856069 3.3617468154081798
1.4789014229602846 3.385879545282901 2.4323904841215955
1.4789014229602846 1.4789014229602846 1.4789014229602853
1.4789014229602846 1.4789014229602846 1.4789014229602853
1.4789014229602846 1.4789014229602846 1.4789014229602853
1.4789014229602846 1.4789014229602846 1.4789014229602853
1.4789014229602846 1.4789014229602846 1.4789014229602853
1.4789014229602846 1.4789014229602846 1.4789014229602853
1.4789014229602846 3.0916268465071117 2.2852641347336995
1.4789014229602846 5.663789689149308 4.387583592601502
1.4789014229602846 3.1793973324325937 3.1453874142431486
1.4789014229602846 3.5829461980315007 3.0717073175514855
1.4789014229602846 7.6760355674248295 5.137018321647291
1.4789014229602846 3.1437682314065545 2.857290478510913
1.4789014229602846 3.1437682314065545 3.1104708952376314
1.4789014229602846 3.1437682314065545 3.0991136760691473
1.4789014229602846 3.1201073581388816 3.08728323943531
1.4789014229602846 3.1201073581388816 3.08728323943531
1.4789014229602846 3.1201073581388816 3.08728323943531
1.4789014229602846 3.4258861218502052 3.2990800677986862
1.4789014229602846 3.250153401702765 3.214728362127914
