2.2676690058321225 7.7835126612843055 5.591100909899526
2.2676690058321225 9.183513037928158 7.331966415901337
2.2676690058321225 8.661473033507995 7.4526676707920965
2.2676690058321225 5.595164761137273 5.245022337905714
2.2676690058321225 5.004347035875906 4.393301139729712
2.2676690058321225 4.872903494879658 4.332393798612867
2.2676690058321225 4.538037756537719 4.184497129701328
2.2676690058321225 5.799105674405563 5.1231643404575316
2.2676690058321225 6.447899547516069 5.071423529253992
2.2676690058321225 6.648413195884949 6.5208900183823255
2.2676690058321225 6.101822346545276 5.673483247171929
2.2676690058321225 6.313535259868782 5.631943247309375
2.2676690058321225 6.192072877456482 5.8427589172519045
2.2676690058321225 5.741144913606952 5.593031953220564
2.2676690058321225 5.741144913606952 5.671675395451452
2.2676690058321225 5.937046611282295 5.769626244289125
1.2843936129468863 9.18392542810153 5.253825028381916
1.2843936129468863 1.2843936129468863 1.284393612946886
1.2843936129468863 4.440264414888613 3.494025108151585
1.2843936129468863 4.211187860263596 3.3836137151850836
1.2843936129468863 2.6090248183215548 2.5825321942140635
1.2843936129468863 2.6090248183215548 2.5825321942140635
1.2843936129468863 6.343885088918352 4.44996232951246
1.2843936129468863 2.6090248183215548 2.5825321942140635
1.2843936129468863 7.603243547302261 5.474469809113948
1.2843936129468863 8.659181963608232 7.981156188976273
1.2843936129468863 7.598121948370782 6.7012372234899535
1.2843936129468863 6.1846892249179035 6.021232272509476
1.2843936129468863 6.482565169821182 5.50070232430273
1.2843936129468863 4.653608056527499 4.58622376765589
1.2843936129468863 4.653608056527499 4.439236739977321
0.2264828316284384 3.311116682747461 1.78995797281432
0.2264828316284384 0.3906930228723593 0.3053037234255201
0.17837633024725408 0.385227048609448 0.27862680508873056
0.10364250163939603 3.233928170891606 1.6076742994526152
0.10364250163939603 0.10364250163939603 0.10364250163939595
0.10364250163939603 2.5823149074274885 1.342978704533443
0.10364250163939603 5.670334767647056 2.8869886346432287
0.10364250163939603 0.10364250163939603 0.10364250163939595
0.10364250163939603 2.7566091423936183 1.3770664892014242
0.10364250163939603 0.10364250163939603 0.10364250163939595
0.10364250163939603 0.10364250163939603 0.10364250163939595
0.10364250163939603 0.10364250163939603 0.10364250163939595
0.10364250163939603 2.9338171837755564 1.518729842707478
0.10364250163939603 3.242055153635111 1.6728488276372544
0.10364250163939603 0.2752984993679175 0.1894705005036565
0.10364250163939603 1.849377551548074 1.0589049055034256
0.10364250163939603 0.2752984993679175 0.27186537941334676
0.10364250163939603 4.987331693841725 2.5336413127607758
0.10364250163939603 4.895762632199361 3.994597076915356
0.10364250163939603 8.22779465873317 5.328724716051546
0.10364250163939603 5.666851401789472 2.8852469517144357
0.10364250163939603 6.308183748764289 4.6870296398813664
0.10364250163939603 4.398916615007362 4.046353442777251
0.10364250163939603 3.100875540580646 2.8506196184086665
0.10364250163939603 3.1090883906174267 3.0388650362577803
0.10364250163939603 5.10278098223737 4.3922325695499875
0.10364250163939603 5.10278098223737 4.85421551298373
0.10364250163939603 5.3776322041062485 5.113546489727767
0.10364250163939603 5.833288579916921 5.712601656507258
0.10364250163939603 6.145650525154565 4.416224217098745
0.10364250163939603 8.950720549742682 5.081872719550447
0.10364250163939603 8.082920526496697 6.376310555433367
0.10364250163939603 8.89070552748076 7.509236935095348
0.10364250163939603 2.6510044656697542 1.3773234836545765
0.10364250163939603 5.422180751398571 2.6565408615238018
0.10364250163939603 5.627859489609499 2.8657509956244502
0.10364250163939603 0.10364250163939603 0.10364250163939595
0.10364250163939603 0.10364250163939603 0.10364250163939595
0.10364250163939603 2.8272690023045937 1.4109832219586922
0.10364250163939603 2.459718280305165 1.2345588753989665
0.10364250163939603 3.060922769157117 1.582282635398257
0.10364250163939603 5.668843214682653 4.941774164294256
0.10364250163939603 2.8381874844659056 2.453569889252866
0.10364250163939603 4.125943042784559 3.0579456115976327
0.10364250163939603 3.823170827141056 3.522942835363976
0.10364250163939603 4.1958469945666295 3.70182739572825
0.10364250163939603 2.0634299434037513 1.6205161210381762
0.10364250163939603 1.2559937963431733 1.2329467704490993
0.10364250163939603 3.6644693614696604 2.389015041709812
0.10364250163939603 4.156824722581085 2.6253456150432983
0.10364250163939603 5.448260537690153 3.234883565091408
0.10364250163939603 6.17672964778356 5.9151968472663645
0.10364250163939603 3.1556536758157923 1.5686078652440676
0.10364250163939603 6.534527820266799 4.718262503217666
0.10364250163939603 6.1620632125036146 5.559605823634138
0.10364250163939603 0.10364250163939603 0.10364250163939595
0.10364250163939603 4.10746726529435 2.1055548834668727
0.10364250163939603 0.10364250163939603 0.10364250163939595
0.10364250163939603 5.328826796332599 2.6117309630921364
0.10364250163939603 7.104570700928001 3.4640880372979295
0.10364250163939603 4.824790446832544 2.46421647423597
0.10364250163939603 0.10364250163939603 0.10364250163939595
0.10364250163939603 4.576683396810154 2.340162949224776
0.10364250163939603 2.5813439236831397 1.2929391842203943
0.10364250163939603 0.10364250163939603 0.10364250163939595
0.10364250163939603 4.6423152205096905 2.372978861074543
0.10364250163939603 3.2468739612845323 1.675258231461966
0.10364250163939603 7.581424252800128 6.0841795650723745
0.10364250163939603 8.916656158442219 8.498495512940845
