1.2987395961210209 7.626108927339857 5.564573474336952
1.2987395961210209 6.6098472807011035 5.136509680556933
1.2987395961210209 6.069612107870007 4.820233653995817
1.2987395961210209 6.330176737539592 4.383968736504113
1.2987395961210209 4.671328636924773 4.395542852816926
1.2987395961210209 4.872853541624959 4.4896622295037885
1.2987395961210209 6.475680375286373 5.259019109661268
1.2987395961210209 6.475680375286373 6.3721415597030715
1.2987395961210209 6.475680375286373 5.045987633756759
1.2987395961210209 6.48764539533062 4.939234022233542
1.2987395961210209 3.477992776345442 3.434407712740956
1.2987395961210209 3.477992776345442 3.434407712740956
1.2987395961210209 3.477992776345442 3.434407712740956
1.2987395961210209 4.1712681587284735 3.7810454039324726
1.2987395961210209 6.1165504621029925 4.665875373609187
1.2987395961210209 3.6961714239321286 2.7286616913155033
1.2987395961210209 5.585788742517785 3.6734703506083344
1.2987395961210209 2.8005895061840786 2.260467325127258
1.2987395961210209 4.570036881605159 3.655276195693358
1.2987395961210209 4.662990841641765 3.701753175711664
1.2987395961210209 4.662990841641765 4.595705816731354
1.2987395961210209 5.345709411808702 4.923410730411483
1.2987395961210209 7.359210560988391 5.870629574407936
1.2987395961210209 7.359210560988391 6.436026032774032
1.2987395961210209 7.37812533596211 6.714983058619457
1.2987395961210209 10.558456019466739 9.828580615385489
1.2987395961210209 9.46909386823805 9.305686782795721
1.2987395961210209 9.46909386823805 9.305686782795721
1.2987395961210209 12.414669734703127 11.83214880006708
1.2987395961210209 11.664248209985619 8.367352226950612
1.2987395961210209 11.664248209985619 8.351091588359116
1.2987395961210209 7.800325735463147 6.682199521027567
1.2987395961210209 11.919020738546427 9.595028258019127
1.2987395961210209 10.736293633268797 7.831463417667697
1.2987395961210209 6.814392844886193 5.405673441704703
1.2987395961210209 6.3272277240529355 5.117733919612815
1.2987395961210209 6.5019298593815655 6.299588829175334
1.2987395961210209 6.305375409499526 5.848761899900138
1.2987395961210209 6.305375409499526 4.548425368343441
1.2987395961210209 5.573305779280794 3.935086882460598
1.2987395961210209 5.420337906604029 4.321109165701123
1.2987395961210209 6.628426711880639 4.925153568339428
1.2987395961210209 5.710673526714167 5.254381892635597
1.2987395961210209 7.6529774720982555 6.593586820794352
1.2987395961210209 5.733330563181077 5.6337633663357645
1.2987395961210209 5.730691548584211 5.634963502571469
1.2987395961210209 5.730691548584211 5.6420525095349525
1.2987395961210209 6.93439258077786 6.2198290049879
1.2987395961210209 5.705851565866027 4.446560696810371
1.2987395961210209 3.265958587406122 3.226614207580418
1.2987395961210209 6.316782259691923 4.691009570277605
1.2987395961210209 6.601088013663844 6.318917374987065
1.2987395961210209 6.571313274773562 6.440233382154066
1.2987395961210209 6.571313274773562 6.465861801200509
1.2987395961210209 6.571313274773562 6.465861801200509
1.2987395961210209 7.443021063703624 6.884281539886937
1.2987395961210209 6.571313274773562 6.465861801200509
1.2987395961210209 4.147475342389058 3.222801894882845
1.2987395961210209 3.286588656445702 2.7923585519111693
1.2987395961210209 3.286588656445702 2.377102047275216
1.2987395961210209 3.2579671670340287 3.1590310965527006
1.2987395961210209 3.2579671670340287 3.218782615615767
1.2987395961210209 3.2579671670340287 3.218782615615767
1.2987395961210209 3.0980145490654043 2.9521521752398843
1.2987395961210209 7.283003887374566 5.404650338460792
1.2987395961210209 3.530588701171553 3.0377737089001133
1.2987395961210209 5.998889716206989 4.6793397620179675
1.2987395961210209 5.998889716206989 5.904886713805263
1.2987395961210209 5.998889716206989 5.904886713805263
1.2987395961210209 6.777904781527775 6.294394246465664
1.2987395961210209 6.663443642576471 6.230318203761743
1.2987395961210209 5.984628313648091 5.890910539297555
1.2987395961210209 5.984628313648091 5.890910539297555
1.2987395961210209 7.678397933248068 7.021020552273728
1.2987395961210209 7.201240075666927 6.240401114714764
1.2987395961210209 7.319734683616588 6.504919461427035
1.2987395961210209 7.713051034119784 6.197741113780504
1.2987395961210209 4.9390036509611726 4.613673654173536
1.2987395961210209 5.473121443360391 4.105304925685439
1.2987395961210209 5.473121443360391 4.925366795531313
1.2987395961210209 6.30405185619226 5.788480404574903
1.2987395961210209 5.473121443360391 5.3896338064156
1.2987395961210209 5.473121443360391 4.608396239028417
1.2987395961210209 4.653316914264138 4.0882219127145065
1.2987395961210209 3.615809715958371 3.5694683135616243
1.2987395961210209 5.799385750917214 5.644880725043906
1.2987395961210209 6.0597966712710125 3.7030685649765394
1.2987395961210209 1.5367827416880648 1.5320218787767248
1.2987395961210209 1.5367827416880648 1.5320218787767248
1.2987395961210209 3.5509308124263943 2.498812952731125
1.2987395961210209 3.679225275438992 3.5700342196065886
1.2987395961210209 6.06747963479236 4.704192955474723
1.2987395961210209 3.884002571072824 3.656123964889344
1.2987395961210209 4.498537359991452 4.1395647060331
1.2987395961210209 6.702372355290745 6.242586580505243
1.2987395961210209 8.12042540926103 7.01306280680672
1.2987395961210209 8.12042540926103 7.308401775611678
1.2987395961210209 6.769245574487927 5.160202932678346
1.2987395961210209 7.808904235210781 7.1796647852820135
1.2987395961210209 8.250139445361752 8.077606689221831
