1.1042434208072618 7.777322212553942 5.53004537271193
1.1042434208072618 5.239384715683158 4.844630014041452
1.1042434208072618 6.849644416202521 5.990691654587279
1.1042434208072618 6.849644416202521 6.0051205877047105
1.1042434208072618 6.650029208074791 6.287478623848856
1.1042434208072618 7.732255204922071 7.177777015960767
1.1042434208072618 6.888419298364054 6.772735780812919
1.1042434208072618 9.528390000256676 6.7188355215726165
1.1042434208072618 10.50646220319387 6.472867848654247
1.1042434208072618 3.99537975123457 3.3475482717137846
0.3132562440528983 2.815362245410093 1.5801289882665837
0.3132562440528983 3.7146230057462586 1.9459122896657117
0.3132562440528983 0.8653562823293872 0.5782642624256126
0.3132562440528983 1.5313559696336907 0.9223061068432954
0.3132562440528983 1.8747742097707918 1.4913370304684892
0.3132562440528983 1.1410100014625724 1.12445492631438
0.3132562440528983 1.1410100014625724 1.12445492631438
0.3132562440528983 5.9414766455234975 3.524688248344841
0.3132562440528983 1.1554136558593027 1.1316567535127453
0.3132562440528983 5.93507938493849 3.521489618052339
0.3132562440528983 1.1410100014625724 1.12445492631438
0.3132562440528983 1.1410100014625724 1.12445492631438
0.3132562440528983 3.8319974023579246 2.41612887874415
0.3132562440528983 3.238284113729453 1.8508833505647817
0.3132562440528983 5.44725346808157 2.8558177987466666
0.3132562440528983 0.4697420183729091 0.4666123028865085
0.3132562440528983 2.8616981369976 2.7959625295672805
0.3132562440528983 5.04323999040006 3.842487337134982
0.3132562440528983 2.6631782341683032 2.2546675573516257
0.3132562440528983 5.169183549339596 2.691046966683408
0.3132562440528983 5.644417725357208 2.9191593711718635
0.3132562440528983 2.7426096047364052 1.5262914732738753
0.3132562440528983 3.2021540460665503 2.9104260234702144
0.3132562440528983 3.2021540460665503 3.144376090026277
0.3132562440528983 6.596421881410812 5.176510862413148
0.3132562440528983 6.248249696774479 5.220390536638627
0.3132562440528983 6.195964276287448 3.808745520101098
0.3132562440528983 5.589539628700191 4.357331425419821
0.3132562440528983 6.211630916042857 4.825541000477286
0.3132562440528983 3.5697092032808375 3.5045801440962787
0.3132562440528983 4.516170674086904 2.718623110063133
0.3132562440528983 1.0891921232407182 1.073673405656963
0.3132562440528983 1.9591664141618605 1.7501073692770723
0.3132562440528983 6.193511564953969 4.116821469003951
0.3132562440528983 7.987845225573567 6.971472703648411
0.3132562440528983 0.3132562440528983 0.313256244052898
0.3132562440528983 3.1630082007338776 1.6811371832597688
0.3132562440528983 2.287920697003053 1.261095181468973
0.3132562440528983 3.2475799873219313 1.7804181156874148
0.3132562440528983 3.1883017138084218 2.6507737051531706
0.1935682886520742 3.3406277754785134 1.76949179117331
0.1935682886520742 3.209946228453781 2.9610925085449997
0.1935682886520742 3.209946228453781 3.149618669657751
0.1935682886520742 3.565193529315668 3.32788048200971
0.1935682886520742 4.5398578020000855 3.965599875390918
0.1935682886520742 4.076156856071766 3.8823088229204767
0.1935682886520742 4.080346026861605 3.884319624899598
0.1935682886520742 4.42839703047127 3.678507316725481
0.1935682886520742 5.559321206690679 4.36007224012696
0.1935682886520742 7.688434576261352 5.0437148132678145
0.1935682886520742 2.862198379041122 2.691500521679361
0.1935682886520742 5.596249353497754 4.256883048439844
0.1935682886520742 6.337659289472963 4.670609192779965
0.1935682886520742 4.820118179000076 3.6547650385320223
0.1935682886520742 4.820118179000076 4.369090801724464
0.1935682886520742 6.0356088417253915 5.067439588651566
0.1935682886520742 5.630628550373785 2.9120984195129296
0.1935682886520742 3.5095219354470832 1.7852260391136783
0.1935682886520742 5.6630668747999096 2.818927610003035
0.1935682886520742 0.1935682886520742 0.19356828865207393
0.1935682886520742 0.1935682886520742 0.19356828865207393
0.1935682886520742 4.521891277656909 2.2711633233743935
0.1935682886520742 4.911230617035276 3.417878399221024
0.1935682886520742 2.113232674542101 2.0748393868243022
0.1935682886520742 3.253022786827963 1.7933609141270228
0.1935682886520742 3.150552837129734 2.8792651186655887
0.1935682886520742 4.411549472523568 3.721911463857101
0.1935682886520742 5.032773429553117 4.063489922015019
0.1935682886520742 4.497940602939686 3.7960735087083
0.1935682886520742 3.0284039855354163 2.5817308007128137
0.1935682886520742 3.0537423193819824 2.9698755797755787
0.1935682886520742 2.6321381254260037 1.4065787809184045
0.1935682886520742 3.088631583024974 1.6818970276287746
0.1935682886520742 0.48672918417228717 0.3809458282024301
0.1935682886520742 0.48672918417228717 0.48086596626188255
0.1935682886520742 0.48672918417228717 0.48086596626188255
0.1935682886520742 0.48672918417228717 0.48086596626188255
0.1935682886520742 0.48672918417228717 0.48086596626188255
0.1935682886520742 2.8688401258857756 1.5919922413487406
0.1935682886520742 5.3565027197878194 2.8847572362114557
0.1935682886520742 0.4221552303010516 0.4175834914680718
0.1935682886520742 0.4221552303010516 0.4175834914680718
0.1935682886520742 0.4221552303010516 0.4175834914680718
0.1935682886520742 0.4221552303010516 0.4175834914680718
0.1935682886520742 5.455380609471362 4.699648397164478
0.1935682886520742 1.4846564719169462 0.8518257437473585
0.1935682886520742 2.568430044823366 1.4179928887807407
0.1935682886520742 0.27063854290836575 0.26909713782323963
0.1935682886520742 2.7503640700943035 1.4593653908724908
0.1935682886520742 0.27063854290836575 0.26909713782323963
