4.005606295631768 7.733619386294473 5.658820459949315
4.005606295631768 8.732203102119778 6.76666385397104
4.005606295631768 12.59775530621396 9.442707290590889
4.005606295631768 6.948593814243367 6.835401986604459
4.005606295631768 6.948593814243367 6.835401986604459
4.005606295631768 6.948593814243367 6.835401986604459
4.005606295631768 6.305196309757569 5.858321854559989
4.005606295631768 8.510452073659081 6.340529894960513
4.005606295631768 8.679742963871414 7.483125335127783
4.005606295631768 10.074390076657926 7.0953370634211
3.0228328587751645 4.005606295631768 3.4888387634440368
3.0228328587751645 5.593647932186531 4.631609287662484
3.0228328587751645 5.872302771399685 5.634097848969594
3.0228328587751645 5.382953470045109 5.207622016775119
3.0228328587751645 5.9470179058801484 5.552517032304745
3.0228328587751645 6.163605899886534 5.829286681876896
3.0228328587751645 6.2650029095025275 5.873456753922602
3.0228328587751645 6.722815120372754 6.348783189323755
3.0228328587751645 6.722815120372754 6.58050811031131
3.0228328587751645 6.618856698709184 5.44424031778781
3.0228328587751645 4.5462411553229 4.487648528532604
3.0228328587751645 4.5462411553229 4.487648528532604
2.8062732279097173 3.1732555930689057 2.99809362706106
2.8062732279097173 3.784156959629208 3.257604181011021
2.8062732279097173 3.9329192627989156 3.369596245354317
