2.484022316938607 6.992327814317871 5.544505356001335
2.484022316938607 5.3348322145470775 4.77938238450356
2.484022316938607 5.3348322145470775 5.225185680023675
2.484022316938607 5.3348322145470775 4.989067890529174
2.484022316938607 5.1463484936472845 4.596805327366
2.484022316938607 5.1463484936472845 5.0439513330046415
2.484022316938607 5.91790841039289 5.429731291377447
2.484022316938607 7.3944453831869374 6.560786404229088
2.484022316938607 5.6009212014304595 5.339790440986649
2.484022316938607 5.926349889609817 5.449543108056365
2.484022316938607 5.180129160633275 5.076432743568093
2.484022316938607 5.180129160633275 5.076432743568093
2.484022316938607 5.180129160633275 5.076432743568093
2.484022316938607 4.188689418140793 3.3625233012438596
2.484022316938607 4.823874422925943 3.9583770606958515
2.484022316938607 3.1436178135930253 3.118248756029394
2.484022316938607 3.1436178135930253 3.118248756029394
2.484022316938607 3.1436178135930253 3.118248756029394
2.484022316938607 4.413729100167895 3.7044539652177964
2.484022316938607 4.40941339076938 4.242240870674985
2.484022316938607 4.479172937083607 4.367556601613223
2.484022316938607 6.422856929238819 5.324013738732683
2.484022316938607 5.738858924574469 4.223896610268536
2.484022316938607 4.429940929470419 3.56943761271651
2.484022316938607 5.858943526984429 4.283938911473516
