3.4611301379770834 7.693607914081385 5.529055861841027
3.4611301379770834 10.02516094147543 7.2479610304361115
3.4611301379770834 4.411618740405718 4.304776785708293
3.4611301379770834 6.484713857156365 5.497218442062188
3.4611301379770834 4.597105767717256 4.553414397342632
3.4611301379770834 4.597105767717256 4.553414397342632
3.4611301379770834 4.597105767717256 4.553414397342632
3.4611301379770834 5.102993562655342 4.786901071929441
3.4611301379770834 4.597105767717256 4.553414397342632
3.4611301379770834 4.597105767717256 4.480190735506141
3.4611301379770834 4.450658444044272 4.4076234785525745
3.4611301379770834 6.514271936777298 5.444406409408204
3.4611301379770834 8.553931560681283 6.481084168258421
2.485545926148085 5.352889212198949 3.9567400388592486
2.485545926148085 5.8068846737176365 4.146215299932861
2.485545926148085 5.431155424283752 5.086316263936908
2.485545926148085 6.285651562309798 5.673761450200912
2.485545926148085 7.3829541610630525 7.190565846487648
2.485545926148085 7.3829541610630525 6.2656558343852184
2.485545926148085 7.3829541610630525 6.865547517984899
2.485545926148085 8.486812053451047 5.897498484239781
2.485545926148085 8.486812053451047 6.131386208506409
2.485545926148085 9.002731964733243 7.575761393169758
2.485545926148085 12.991326063738285 9.037948972921141
2.485545926148085 5.301157378433654 5.1928646302688275
