2.9155855478001347 7.639545603465892 5.6970608919256644
2.9155855478001347 4.445717542046577 3.8975324697232927
2.9155855478001347 4.149360949100785 3.6925180438327705
2.9155855478001347 4.373677999435788 3.8084249810742636
2.9155855478001347 4.584459131936502 4.4720836762625575
2.9155855478001347 4.524102787720604 4.455246259499205
0.6186780234301676 2.9155855478001347 0.8678416739345087
0.6186780234301676 0.9403201302565454 0.9279492799939921
0.3478753781714734 0.6186780234301676 0.36027936872615557
0.3478753781714734 2.6195924645825355 1.4853499285181224
0.3478753781714734 5.663034228028295 2.8027762909698075
0.3478753781714734 0.3513767269772292 0.3512420597154691
0.3478753781714734 0.3513767269772292 0.3512420597154691
0.3478753781714734 0.3513767269772292 0.3512420597154691
0.3478753781714734 3.3007415839996566 1.9440845048733584
0.3478753781714734 3.376143123044472 2.567550613810845
0.3478753781714734 4.223518028511396 3.3317738563268557
0.3478753781714734 2.614375876306554 2.5272027802244357
0.3478753781714734 2.614375876306554 2.5272027802244357
0.3478753781714734 2.614375876306554 2.5272027802244357
0.3478753781714734 5.258959863561998 3.8494947738521574
0.3478753781714734 3.261918544074508 2.848245870704002
0.3478753781714734 3.2023954502633356 3.0834609677402556
0.3478753781714734 3.895512237976139 2.2046529520916223
0.3478753781714734 2.5968239582855444 1.9532953111285438
