2.0757971328355542 7.748821117405745 5.7687704945462
2.0757971328355542 7.646887146386993 6.3787395928970945
2.0757971328355542 5.539137425064997 4.564255015227816
2.0757971328355542 6.612644733374484 5.844810288520344
2.0757971328355542 5.425964120630741 5.297111544177079
2.0757971328355542 7.6952573497444146 5.244077983712338
2.0757971328355542 3.225164788211711 3.1809583399280146
2.0757971328355542 3.225164788211711 3.1809583399280146
2.0757971328355542 5.903594365351438 4.520173128497877
2.0757971328355542 3.225164788211711 3.1809583399280146
2.0757971328355542 3.225164788211711 3.1809583399280146
2.0757971328355542 3.225164788211711 3.1809583399280146
2.0757971328355542 4.840223786635416 3.9884878391398675
2.0757971328355542 5.50290754886548 5.065241565681224
2.0757971328355542 3.0366515627616697 2.7089700516830706
2.0757971328355542 2.455200419829556 2.4406079857144034
2.0757971328355542 3.442067904693236 2.884516450358248
2.0757971328355542 3.946451876715028 3.050382730278763
2.0757971328355542 6.544005251918346 5.17328030493671
2.0757971328355542 3.946451876715028 3.8745036173350504
2.0757971328355542 3.946451876715028 3.8745036173350504
2.0757971328355542 3.946451876715028 3.5096608105060705
2.0757971328355542 3.2167662630570715 3.172882834971629
2.0757971328355542 3.8453675589913314 3.4630065100182104
2.0757971328355542 4.7669586474276 4.163701739017825
