1.1218792015799477 7.6877903824831595 5.076227178615943
1.1218792015799477 7.282136126727909 6.556692483278733
1.1218792015799477 8.366187610903156 6.325868801102714
1.1218792015799477 8.366187610903156 7.127891343017832
1.1218792015799477 8.128575613232803 7.6591593096932336
1.1218792015799477 3.4917280757582003 3.0257035523096083
1.1218792015799477 5.9373646000530655 4.623398304283391
1.1218792015799477 5.7106400264169075 4.510036017465316
1.1218792015799477 3.4917280757582003 3.4005800421359615
0.8862942259775655 3.873541437766978 2.274084668942002
0.8862942259775655 3.1995678023373384 2.4596937008879363
0.8862942259775655 3.202792627107723 2.2737835712100187
0.8862942259775655 3.2978859223993777 2.4514848137145218
0.8862942259775655 2.952269843776016 2.7276008563962333
0.8862942259775655 2.6618530703855616 2.5935623456006387
0.8862942259775655 2.6618530703855616 2.5935623456006387
0.8862942259775655 2.6618530703855616 2.5935623456006387
0.8862942259775655 2.6618530703855616 1.727401898448502
0.8862942259775655 2.189857071083765 1.6097761589504211
0.8862942259775655 1.0416453318870365 1.0356702893520564
0.8862942259775655 1.0416453318870365 1.0356702893520564
0.8862942259775655 1.0416453318870365 0.9675961576774702
0.8862942259775655 1.4916381722015193 1.1717805552292109
0.4747041551309015 1.1765322651841008 0.8144552086495571
0.11061410314517106 3.5381979960864496 1.7065793634252129
