3.111833365340314 6.529612812643329 5.043226048230439
3.111833365340314 7.122183278185005 6.100634389413505
3.111833365340314 7.122183278185005 6.9679390507678995
3.111833365340314 6.6352014735083955 5.12232081597916
3.111833365340314 6.747442440975346 6.551490838948215
3.111833365340314 8.91696114675134 7.66389563106368
3.111833365340314 7.061362755501081 6.679281449495473
3.111833365340314 6.373126099809397 6.080686861070894
3.111833365340314 6.299779852028816 6.066096185107229
3.111833365340314 6.299779852028816 6.177166525617722
3.111833365340314 6.299779852028816 6.177166525617722
3.111833365340314 6.299779852028816 4.919309991943716
3.111833365340314 4.71319907447856 4.205116331742943
3.111833365340314 5.647111125910314 5.259988864077174
3.111833365340314 6.130763922685624 5.036524278354616
3.111833365340314 6.970751699093144 6.639417200156118
3.111833365340314 4.759562490639933 4.5895847862552905
2.5954484546685674 3.4513879090873734 3.0103583917338534
2.5954484546685674 4.350715830946424 3.405571859104503
2.5954484546685674 6.593212295827765 5.354866709575827
2.5954484546685674 5.29426763202024 5.1717241332665145
2.5954484546685674 5.256782109693692 5.154423122961954
2.5954484546685674 5.256782109693692 5.154423122961954
2.5954484546685674 5.256782109693692 4.238537796535596
2.5954484546685674 3.272363902436578 3.246328692907041
