3.304733819832166 7.77676403203448 6.001145961012315
3.304733819832166 6.273627212425843 5.967998750868519
3.304733819832166 6.10320367747984 5.687056273426695
3.304733819832166 5.48617578150029 5.4022741675899795
3.304733819832166 5.48617578150029 5.4022741675899795
2.783977620698377 5.48617578150029 4.051175087189023
2.783977620698377 2.783977620698377 2.783977620698378
2.783977620698377 2.783977620698377 2.783977620698378
2.783977620698377 3.0493556391542787 2.906459783062641
2.783977620698377 5.705935533686372 5.174372850186854
2.6913739739205096 5.422118307121313 3.955279191043105
2.6913739739205096 6.275541284626531 4.485843424702387
2.6913739739205096 3.8525356679480365 3.229879367493976
2.6913739739205096 5.575049795737893 4.870455727671857
2.6913739739205096 6.280409973518228 5.360026531935702
2.6913739739205096 6.400620341388358 6.197851835627609
2.6913739739205096 6.280409973518228 6.142370127379857
2.6913739739205096 6.280409973518228 6.142370127379857
2.6913739739205096 6.280409973518228 6.142370127379857
2.6913739739205096 6.280409973518228 6.142370127379857
2.6913739739205096 7.4875223527450725 6.708255747262361
2.6913739739205096 7.6671362032127295 6.84381646943029
2.6913739739205096 4.134878808579373 3.413994014092845
2.662230875994983 2.6913739739205096 2.6722103218487416
2.662230875994983 2.662230875994983 2.6622308759949838
