3.437362289514415 7.770615705676079 5.906136432339151
3.437362289514415 7.778871061961057 7.592687171804452
3.437362289514415 7.740465494912971 7.5749615254745635
3.437362289514415 7.740465494912971 7.5749615254745635
3.437362289514415 7.740465494912971 6.943371037439893
3.437362289514415 7.740465494912971 7.5749615254745635
3.437362289514415 7.744065906250707 7.57662325378429
3.437362289514415 7.744065906250707 7.578423459453161
3.437362289514415 7.744065906250707 6.7537765363094415
3.437362289514415 9.09656911452689 7.714609018878166
3.437362289514415 6.573922809372366 6.453285866300904
3.437362289514415 6.573922809372366 6.453285866300904
3.003255496142558 7.696290416756915 5.366469371579423
3.003255496142558 7.696290416756915 6.944842205832267
3.003255496142558 6.554396681108724 5.443482084212089
3.003255496142558 6.554396681108724 6.417814327840797
3.003255496142558 6.146231389759208 5.300451113814867
3.003255496142558 4.575622116347851 4.515146477109189
3.003255496142558 4.60608612025127 4.318591901722687
3.003255496142558 4.213452800493737 4.118555949470381
3.003255496142558 4.116751198781731 4.0739244409879145
3.003255496142558 4.218279590133573 4.120783698534921
2.594556682465257 3.003255496142558 2.67214948735033
2.594556682465257 2.718303921952533 2.7135444127414843
2.594556682465257 2.7239200532954944 2.716352478412965
