6.0174004352840065 7.7565129441169525 5.344306697042575
6.0174004352840065 7.724720723450103 5.266836692494276
3.348312682955783 7.724720723450103 4.705280576663117
3.348312682955783 5.555159627261883 5.292324511376856
3.348312682955783 5.555159627261883 5.26716559434719
2.134538855124561 5.555159627261883 3.2761314038202447
2.134538855124561 5.507775591575818 3.0300924164575047
2.134538855124561 3.1977333933388654 2.8443879782283954
2.134538855124561 3.1977333933388654 2.978256379009839
2.134538855124561 4.30363683697168 3.392815009069161
2.134538855124561 4.30363683697168 3.303563964327211
2.134538855124561 4.126867378203308 3.1158922808770866
7.766268347790607 3.5331072069363043 2.2564090928378784
1.2588427160578672 7.766268347790607 2.897647898290902
1.2588427160578672 7.766268347790607 1.5382563205794098
1.2588427160578672 4.682589244411918 2.448512137028891
1.2588427160578672 4.682589244411918 1.352913247955596
1.2588427160578672 5.278861139018481 2.947250453701328
1.2588427160578672 5.708223025814409 3.2165700523507468
1.2588427160578672 5.708223025814409 2.166194371863099
0.8898475276616051 3.1187610106262764 1.738477477471993
0.8898475276616051 4.52628410357195 2.892648368279747
0.8898475276616051 4.914404541808501 2.8711714958312036
0.8898475276616051 5.850827609854559 3.255526366666374
0.8898475276616051 5.696608127218404 3.2620953034123428
