0.3116565740407329 7.727430198944232 5.488198707623393
0.3116565740407329 8.568008838748838 5.980265572073629
0.3116565740407329 6.655513835250467 1.974578640805361
0.3116565740407329 3.480051976328195 1.3294398316592997
0.3116565740407329 5.285435998354455 3.0132500004768183
0.3116565740407329 5.532283785239546 3.3809638572224987
0.3116565740407329 5.499147742035991 4.9422942299263
0.3116565740407329 5.499147742035991 0.8288679562749611
0.9004246300210039 0.3116565740407329 0.31165657404073255
2.6328390319126567 5.1179288468274216 2.1478928423203913
2.6772145168373425 3.7605756854753456 1.8886941763639384
0.3116565740407329 3.7605756854753456 0.686169132777778
0.3116565740407329 0.3116565740407329 0.31165657404073255
0.3116565740407329 0.3116565740407329 0.31165657404073255
0.3116565740407329 0.3116565740407329 0.31165657404073255
0.3116565740407329 0.3116565740407329 0.31165657404073255
0.3116565740407329 3.266032642514283 1.611582044169096
0.3116565740407329 3.0358452630175603 1.292364502072391
0.3116565740407329 3.0358452630175603 1.3966558197708125
0.3116565740407329 4.921551993783847 2.1556147419379807
0.3116565740407329 0.3116565740407329 0.31165657404073255
0.3116565740407329 2.7259248745129345 1.4705053582673904
0.3116565740407329 0.3116565740407329 0.31165657404073255
0.3116565740407329 0.6383470408492156 0.4423327607641256
0.3116565740407329 3.453633428218201 1.558577809072292
