1.3152504027763467 7.784125178570637 5.596696642902637
1.3152504027763467 8.377450119378336 6.5905519861850745
0.27861346798938813 8.377450119378336 3.657340095157598
0.27861346798938813 5.673251971941962 2.760147179807573
0.27861346798938813 0.27861346798938813 0.27861346798938785
0.27861346798938813 5.530090466013416 4.834490604026538
0.27861346798938813 5.119176832295672 2.1180275464257763
0.27861346798938813 4.084543029480983 1.8771038838158578
0.27861346798938813 5.698845226413752 3.5465406966307893
0.27861346798938813 5.724832951452441 2.516993464895842
0.27861346798938813 0.27861346798938813 0.27861346798938785
0.27861346798938813 3.1558134745697974 0.3937014682526042
4.961549445422197 4.9941032968160215 2.2591191960965737
0.27861346798938813 4.9941032968160215 1.1221930209551696
0.27861346798938813 3.1739163705931728 1.4367346290309024
0.27861346798938813 3.1739163705931728 0.3365195260414635
0.27861346798938813 0.27861346798938813 0.27861346798938785
0.27861346798938813 0.27861346798938813 0.27861346798938785
0.27861346798938813 3.504063423378288 2.7065446380659153
0.27861346798938813 3.504063423378288 0.4030041085666904
0.27861346798938813 5.088284191413397 2.2986751718274707
0.27861346798938813 2.9134278108987037 1.2798429182949278
3.0727503918460077 6.460084364808537 2.556639277702468
0.27861346798938813 3.0727503918460077 1.2813106754861723
0.27861346798938813 5.583428689711166 2.4282529198386946
