2.908070435741028 7.735690865026275 5.3417422799982095
2.908070435741028 7.768678809258102 6.188315878737292
2.908070435741028 7.768678809258102 5.311168218008325
0.3541143832380773 7.768678809258102 1.674817608223208
0.3541143832380773 7.768678809258102 0.5024056717584775
0.3541143832380773 5.6421199803897935 2.3635565101557305
0.3541143832380773 0.3541143832380773 0.35411438323807704
0.3541143832380773 0.3541143832380773 0.35411438323807704
5.354611078799589 0.3541143832380773 0.35411438323807704
0.3541143832380773 5.354611078799589 1.0541839206166883
0.3541143832380773 4.490997081275619 2.0088674624530958
3.2221913691059076 5.729165814786775 1.7439301513003889
0.3541143832380773 3.2221913691059076 1.035607722946811
5.399477557189474 3.2221913691059076 0.4114759229554336
5.399477557189474 4.927448870978399 3.412351534957715
0.3541143832380773 5.680824516831574 2.897219479428748
0.3541143832380773 0.3541143832380773 0.35411438323807704
0.3541143832380773 0.3541143832380773 0.35411438323807704
2.293966795942208 0.3541143832380773 0.35411438323807704
0.3541143832380773 3.2551900731799006 0.6837152348154918
0.3541143832380773 0.3541143832380773 0.35411438323807704
0.3541143832380773 0.3541143832380773 0.35411438323807704
0.3541143832380773 5.043874438334008 1.8628620444068802
0.3541143832380773 2.9818267570083283 0.406668630713482
0.3541143832380773 0.3541143832380773 0.35411438323807704
