2.020791219016161 7.7650800131217625 5.279230271534891
5.672420397849635 6.647226821540006 2.80467599288187
3.7430376074817038 5.672420397849635 2.9835865579343217
1.7746773031459075 3.7430376074817038 2.490882551569682
1.7746773031459075 3.7430376074817038 1.9460860182371047
1.7746773031459075 4.943725686486463 3.0643542988401054
1.7746773031459075 6.076723503753794 2.738619031957255
1.7746773031459075 6.143481294815924 3.336204253000389
1.7746773031459075 7.9062424993234774 6.0882348615602275
1.7746773031459075 7.9062424993234774 7.063289166283851
1.7746773031459075 7.649793004709579 5.0567874725694235
1.7746773031459075 7.649793004709579 5.810598418513101
1.7746773031459075 6.034507615363914 3.9045956844477767
1.7746773031459075 5.401254547235638 4.225605812789675
1.7746773031459075 5.401254547235638 3.0759908131968303
6.14631038389145 5.6306349218294365 2.1239890026980075
1.7746773031459075 7.530779248275664 4.627111205989857
1.7746773031459075 7.530779248275664 2.2074760814686036
1.7746773031459075 6.145623318728898 3.0423712871574953
1.7746773031459075 6.145623318728898 3.4599342170620666
1.7746773031459075 4.269879088597989 3.8142866790238195
1.7746773031459075 4.507328472020223 4.403277813968928
1.7746773031459075 4.524103276368763 4.374454157628636
1.7746773031459075 4.524103276368763 4.083719754431366
1.7746773031459075 4.509262506234652 3.5372626313383155
