2.369587510448796 7.719854110935879 5.503676910645125
2.369587510448796 7.465193394785246 4.146697702256212
2.369587510448796 5.40758487092242 3.561281178210481
2.369587510448796 5.40758487092242 4.068468960587282
2.369587510448796 5.111019733486831 3.5054407060832733
2.369587510448796 4.229107537139459 3.836727514652212
2.2276134697056382 6.394493812420869 4.263556729659678
2.2276134697056382 6.394493812420869 2.591996548231381
2.2276134697056382 2.2276134697056382 2.227613469705641
2.2276134697056382 5.694003228832592 4.880351751463319
2.2276134697056382 5.694003228832592 5.1213140749221475
2.2276134697056382 5.694003228832592 4.264326385277602
2.2276134697056382 5.694003228832592 4.470970733443642
2.2276134697056382 5.694003228832592 3.2698064385331076
2.2276134697056382 5.694003228832592 2.880234638881412
2.2276134697056382 3.436723418948255 2.8729054733604857
2.2276134697056382 3.436723418948255 3.2010694839100258
2.2276134697056382 3.428164559443591 3.206781497906064
2.2276134697056382 6.717974823828246 4.2928990790795645
2.2276134697056382 6.717974823828246 4.108815743079919
2.2276134697056382 6.717974823828246 3.888028427615033
2.2276134697056382 6.174633305937679 5.010142047616693
2.2276134697056382 6.385402171196347 5.148010467567631
2.2276134697056382 6.385402171196347 5.0675327207528
2.2276134697056382 6.174633305937679 4.4889353236157135
