2.6753472449885405 7.776359846937327 5.594712704507083
2.6753472449885405 7.740415695292322 4.364459617547838
2.6753472449885405 7.740415695292322 3.5505147128048002
1.2832794215974919 4.324123453300476 2.925390433138132
1.2832794215974919 5.8681850608382575 5.00209045585093
1.2832794215974919 5.8681850608382575 1.7797535935184974
3.4287212252676373 3.443082085247433 2.894361671346869
3.4287212252676373 3.972073500338873 3.532529954263176
3.4287212252676373 3.972073500338873 3.7653165306053933
3.4287212252676373 6.45613758446423 5.1392222946801125
3.4287212252676373 6.641377897894774 4.617429148803614
3.4287212252676373 6.347528521392434 4.291800436613994
3.4287212252676373 6.347528521392434 3.5597479045691887
3.4287212252676373 5.275887556038587 4.002929973717145
3.4287212252676373 4.657100241566333 3.8449821123582986
3.4287212252676373 5.9678501167190845 4.762996498121594
3.4287212252676373 5.9678501167190845 4.031153958573158
3.4287212252676373 4.639320000649775 2.984912642569587
3.4287212252676373 5.5792590449668005 4.245201213401209
3.4038647849234427 5.5792590449668005 3.5981250721309777
1.2948234347199166 3.5530163099438252 2.5788538308675437
1.2948234347199166 3.734873359204205 1.9892578832909755
1.2948234347199166 3.734873359204205 1.412953628612014
1.2085124800234444 5.95392625192655 3.185612930000911
1.2085124800234444 1.2948234347199166 1.2827399010624103
