2.0646329687253453 7.681701106985063 5.471884540568373
0.9058090706599775 7.652157586337875 2.9104458252933885
0.9058090706599775 3.004986876585271 0.9709691047397904
0.17276266826479203 0.9058090706599775 0.656573293845614
0.17276266826479203 5.613215147893701 2.690031736941994
0.17276266826479203 6.497584553859376 2.9379969098070986
0.3339926668567199 0.17276266826479203 0.1727626682647918
2.650579994665048 0.3339926668567199 0.19211026809582316
0.17276266826479203 3.222753683807444 1.63514045268941
0.17276266826479203 5.351329405481895 0.58704800724216
0.17276266826479203 5.584719109271685 4.438031912356241
0.17276266826479203 5.584719109271685 1.2373427259349157
0.17276266826479203 5.360651495871643 2.247918199307535
0.17276266826479203 4.033031140717828 1.7940754266950671
0.17276266826479203 4.033031140717828 0.7893853048227846
0.17276266826479203 4.493266434597288 2.5275627322535583
0.17276266826479203 1.400463764012788 0.2464247340096714
0.17276266826479203 0.17276266826479203 0.1727626682647918
0.17276266826479203 0.17276266826479203 0.1727626682647918
4.50010025911233 3.038418461849219 1.4336512174419405
1.6238428556280096 4.50010025911233 2.364303580407722
1.6238428556280096 2.6082667348264406 1.8089134025902833
1.6238428556280096 4.726921559877994 2.9192344546458613
1.6238428556280096 5.985633836367647 3.5839886101296514
1.6238428556280096 5.985633836367647 1.8696112718902465
