0.8215062056572688 7.734407796566497 5.660330171733075
0.8215062056572688 7.728588328266827 4.868088838391184
0.8215062056572688 7.427863190592236 4.191475619494615
0.8215062056572688 5.176281676611101 3.218832387121465
0.8215062056572688 3.706040955428286 3.0884519870593734
0.8215062056572688 6.472920006745646 4.487865541904287
0.8215062056572688 8.236117320010802 5.395603600598256
0.8215062056572688 8.236117320010802 3.1978864857942586
0.8215062056572688 4.63598278796189 3.420267221484862
0.8215062056572688 5.79496925894837 5.208737331483563
0.8215062056572688 6.912046071446504 5.78994019314781
0.8215062056572688 6.912046071446504 2.4820591940420345
0.8215062056572688 5.220783720662666 4.223067175098279
0.8215062056572688 5.220783720662666 2.1017573301250523
0.8215062056572688 3.295822302424384 1.905022077380884
0.8215062056572688 3.295822302424384 0.9204788495279543
0.8215062056572688 5.6599683966304575 4.903135119653959
0.8215062056572688 5.6599683966304575 1.1080306718661255
0.8215062056572688 3.33165226416735 2.5796326996373664
0.4720634244177977 3.33165226416735 1.0871164017048494
0.4720634244177977 3.034987208097903 1.3948862979827477
0.4720634244177977 4.0325448054225355 2.128785485129647
0.4720634244177977 4.0325448054225355 0.7617066543575283
0.4720634244177977 0.5565238100616274 0.5548346023487505
0.4720634244177977 0.5565238100616274 0.5548346023487505
