2.56602450572569 7.642026521534781 5.436964994676462
2.56602450572569 6.481366009202052 3.5797740488345955
1.8639720497728125 5.913548997313324 3.3943468780379966
1.6357133038388096 6.070640936651245 3.604279804792465
1.6357133038388096 6.070640936651245 3.822668423321181
1.6357133038388096 9.818437923180056 8.017980541770424
1.6357133038388096 9.965384057634106 7.58133888213502
1.6357133038388096 10.83557649775538 7.600663689612376
1.6357133038388096 10.83557649775538 2.834486554379223
0.20498057791678947 3.772184548360372 2.2047680912673213
5.440710473487805 3.772184548360372 0.6674255157099411
0.6819328442390824 5.440710473487805 1.1578106071639556
0.6819328442390824 5.440710473487805 0.7771083968240572
0.6819328442390824 5.692677777445947 2.485801020193556
0.6819328442390824 5.692677777445947 2.558858404758237
0.6819328442390824 5.123709498876622 1.1511779254588044
0.6819328442390824 1.9252724923869597 1.2041354964611914
0.6819328442390824 4.243062271691034 2.565792530838578
0.22158351459778958 4.243062271691034 0.5322117600007955
0.22158351459778958 5.066454195652803 2.262930109654423
0.22158351459778958 0.32993199815658913 0.2237504842689653
3.1408000116279813 0.22158351459778958 0.2215835145977893
3.253633207188916 3.1408000116279813 0.8054268140038277
0.22158351459778958 2.654443416929024 1.072346582719431
0.22158351459778958 3.253633207188916 0.40350649615325695
