1.6630880515008326 7.666933268173576 5.146062188161848
1.6630880515008326 6.933865214099631 4.6459469560373226
1.6630880515008326 6.093543015661531 3.6892828219079323
1.1217685056369366 4.481943360123161 2.9298188789564303
1.1217685056369366 5.633072359874941 2.973323743601098
1.1217685056369366 5.633072359874941 2.98705717625276
1.1217685056369366 5.0125816717092455 2.521496274676184
0.19849536894508946 5.6707013214592195 2.7622897838791376
0.19849536894508946 4.600482994367994 0.3050005841873842
0.19849536894508946 4.736043635317397 2.1042656408214593
0.19849536894508946 0.19849536894508946 0.19849536894508918
0.19849536894508946 4.77311400690655 2.028342824129674
0.19849536894508946 5.302155720488294 1.831666681438914
0.19849536894508946 2.6665826770327326 1.2350920383419
0.19849536894508946 2.6665826770327326 0.34658060743034774
0.19849536894508946 0.7772671800002624 0.45315496580936526
0.12873621018374282 6.758251923421321 2.674874632362624
0.12873621018374282 0.9037981891311735 0.4725538472710658
4.906985013420297 5.756025806529962 2.5968355246728754
4.906985013420297 5.658156217178039 5.244262511551003
4.906985013420297 7.021493102679759 4.8884194771257565
4.793552182528757 7.021493102679759 4.263106710826107
3.61034628234123 5.12703184212884 5.038940448822904
3.61034628234123 6.298150770124984 5.554075172365373
3.61034628234123 6.036762036004436 5.840522275988839
