2.5330272658387902 7.6998324830987475 5.455538976830562
2.5330272658387902 6.475263552377861 4.159884222660399
1.9250665096675985 5.632099428979956 3.0847060033031437
1.9250665096675985 6.511874677475063 4.9242307035061454
1.9250665096675985 5.524371347521846 3.3840285639961714
1.9250665096675985 7.132408050011266 4.188889552338197
1.9250665096675985 7.132408050011266 2.217529971139517
1.9250665096675985 7.132408050011266 2.7310682554152255
1.9250665096675985 3.904143418051835 3.4832203638600356
1.9250665096675985 5.163580553001818 4.396516598953641
1.9250665096675985 5.549470503184228 4.7611868809266085
1.9250665096675985 6.814198607867539 5.91972873150517
1.9250665096675985 6.814198607867539 5.68799179976224
1.9250665096675985 6.223691012583149 5.563136753624051
1.9250665096675985 6.324059755204619 6.051774091626116
1.9250665096675985 6.324059755204619 4.791585907594898
1.9250665096675985 6.1088714138137625 4.120142878479825
1.9250665096675985 6.544378135145259 4.625017031482007
1.9250665096675985 6.544378135145259 6.20666249249995
1.9250665096675985 6.544378135145259 5.929515664412556
1.9250665096675985 6.544378135145259 3.8156784226358145
1.9250665096675985 4.632755217090736 4.026307689465032
1.9250665096675985 7.68272659284729 5.208768117771156
1.9250665096675985 6.411248746446262 4.85244510851869
1.9250665096675985 6.411248746446262 3.341413789433231
