1.0928912432906484 7.604558697312651 5.239578092795855
1.0928912432906484 7.220446041610749 4.730461027385401
1.0928912432906484 8.567834489026849 5.928015914799064
1.0928912432906484 8.614687795367495 6.548065947125654
1.0928912432906484 8.614687795367495 5.825896161401183
1.0928912432906484 8.614687795367495 5.107787775132024
1.0928912432906484 4.586957285521148 4.3074320021427095
1.0928912432906484 6.765997012355577 5.0918863038031015
1.0928912432906484 6.765997012355577 4.3971754426565415
1.0928912432906484 5.289231649671905 3.930029493565442
1.0928912432906484 5.153098644329027 1.2153736033473899
1.0928912432906484 1.0928912432906484 1.0928912432906495
1.0928912432906484 1.0928912432906484 1.0928912432906495
1.0928912432906484 1.0928912432906484 1.0928912432906495
1.0928912432906484 5.176064279323111 2.889487379144932
1.0928912432906484 5.176064279323111 1.256218164731948
1.0928912432906484 5.176064279323111 2.1838228827930406
5.31180194064644 3.4959107165805077 2.1446822227921247
1.0939523939015783 5.31180194064644 1.870011439166156
1.0939523939015783 5.129572156397963 3.801872680353428
1.0939523939015783 5.129572156397963 1.5741241918739226
1.0939523939015783 2.6108638643191218 1.701323946134291
1.0939523939015783 2.6108638643191218 1.184967082126632
1.0939523939015783 2.6108638643191218 1.1242906233099301
1.0939523939015783 3.1561552473439716 1.8363454211408403
