2.835782516142953 7.64148965391089 5.785020385128775
2.835782516142953 4.849102557024487 4.049463723828575
2.835782516142953 5.120878870133321 4.324770546904005
2.835782516142953 5.120878870133321 3.658007737203519
2.835782516142953 4.093411703328755 3.239575370579573
2.835782516142953 5.9759910612966465 4.520301621355807
2.835782516142953 5.760168385210484 4.780062351234247
2.835782516142953 5.8089233247565915 4.78453154643013
2.835782516142953 5.8089233247565915 4.079510079235579
2.835782516142953 5.8089233247565915 3.9534921756884858
1.8258907317920934 4.680600353880553 3.3537511795799513
1.8258907317920934 5.886411826701117 4.2559853087762205
1.8258907317920934 5.886411826701117 3.249985248071125
1.8258907317920934 6.599515722981099 4.423217283499411
1.8258907317920934 6.599515722981099 4.5719637450934245
1.8258907317920934 6.549276221167688 4.6857987233613
1.8258907317920934 6.8472909904664405 6.271735031325901
1.8258907317920934 6.8472909904664405 5.486502917571223
1.8258907317920934 7.338805916090463 5.021201923059093
1.8258907317920934 8.1226749912809 6.377704323704119
1.8258907317920934 8.1226749912809 5.027216415504288
1.8258907317920934 7.1208916971470195 6.0569740838106165
1.8258907317920934 6.399060089760454 4.725930595929992
1.8258907317920934 6.362329495040246 3.7162474669384262
1.8258907317920934 6.498822406229184 4.521906031573103
