0.7616351752640935 7.698040032215635 5.141960623921497
0.7616351752640935 5.51227312780852 4.1167448092045404
0.7616351752640935 5.51227312780852 5.417260368757635
0.7616351752640935 6.0384494052509226 5.669824981929987
0.7616351752640935 5.51227312780852 5.417260368757635
0.7616351752640935 5.51227312780852 5.417260368757635
0.7616351752640935 6.522980985251547 5.370311652348465
0.7616351752640935 6.495627640865067 6.006651910842571
0.7616351752640935 8.56850884339103 7.5088919361258055
0.7616351752640935 8.56850884339103 8.32121179687878
0.7616351752640935 5.072355803920665 3.2406604105002947
0.7616351752640935 6.57926969027616 4.8737531347581475
0.7616351752640935 5.020836917360882 4.00257388218629
0.7616351752640935 2.753542450999032 2.688631505978081
0.3467513495909249 7.493104342359832 3.7852984626334654
0.3467513495909249 0.3467513495909249 0.34675134959092463
0.3467513495909249 3.2414140165435765 3.1654177476801033
0.3467513495909249 3.7080980332205447 3.403648910953401
0.3467513495909249 5.989713613170537 5.419771692521225
0.3467513495909249 5.989713613170537 5.876854367898938
0.3467513495909249 5.989713613170537 5.876854367898938
0.3467513495909249 6.510250936354449 6.126712283027221
0.3467513495909249 4.280562763974309 3.3846938731356544
0.3467513495909249 4.4958501041938135 4.29062714862461
0.3467513495909249 4.4958501041938135 4.149070014070282
