1.6927113550048358 7.63738811260489 5.305968951353586
1.6927113550048358 10.431889602486509 9.125091703977434
1.6927113550048358 8.167860935367612 8.038357943760358
1.6927113550048358 8.272379488903507 6.287776528066501
1.6927113550048358 7.636098283354896 6.497204540396484
1.6927113550048358 7.499777866026708 6.469845371908045
1.6927113550048358 8.584220547291544 7.185634692935065
1.6927113550048358 9.002557432252354 8.65555880592621
1.6927113550048358 7.338849834534834 6.380448182343525
1.6927113550048358 6.841129005064314 5.22965038008249
1.6927113550048358 3.824108461103045 3.7814805189810805
1.6927113550048358 3.824108461103045 3.7814805189810805
1.6927113550048358 6.024463753946495 4.837651059545935
1.6927113550048358 4.4704318265947265 4.239897545681552
1.6927113550048358 4.607690546977668 4.282975129689568
1.6927113550048358 4.437787016096383 4.290747051649675
1.6927113550048358 5.009677152274076 4.657392768239845
1.6927113550048358 6.280663754353743 5.227276644295713
1.6927113550048358 6.0677408110599735 5.0155826259678795
1.6927113550048358 6.19760872767608 6.045174180246926
1.6927113550048358 7.996594316253331 7.158344450015419
1.6927113550048358 7.996594316253331 6.733834415113946
1.6927113550048358 4.328731881542797 3.452392769920293
1.6927113550048358 4.717764270302979 4.319845654479773
1.6927113550048358 4.717764270302979 4.657263211997016
