2.65100560540974 7.717625716073718 5.799279516929569
2.65100560540974 6.876713501761682 6.229096122585278
2.65100560540974 5.703581790825499 5.642530267117183
2.65100560540974 5.703581790825499 5.631342789694974
2.65100560540974 5.697023700478276 4.441069345974393
2.65100560540974 3.207369549223046 3.1962422703467803
2.65100560540974 3.207369549223046 3.1962422703467803
2.65100560540974 4.984215897045985 4.049128517301789
2.65100560540974 5.359696431602636 4.229359173888981
2.42232997672339 3.1460896949057795 2.774308154024665
2.42232997672339 3.1460896949057795 3.131614500542134
2.42232997672339 4.5364958664723005 3.826817586325396
2.42232997672339 3.5228313201545842 3.319985313166535
2.42232997672339 6.562889829480774 6.01825024164086
2.42232997672339 5.262782180148491 4.592502189108682
2.42232997672339 3.9847177072916016 3.953469952680237
2.42232997672339 6.307455032044935 5.068383868561837
2.42232997672339 6.2290134302271944 5.030731899689319
2.42232997672339 8.218449337036182 6.0264246301028175
0.69088554689186 3.350689402998882 2.0554163635420024
0.69088554689186 3.375495473473482 3.2954708988841657
0.69088554689186 3.320636356686642 2.158065203399309
0.69088554689186 1.008186071079479 1.0018400605957263
0.69088554689186 4.203579341287089 2.5356288302953773
0.69088554689186 3.0380588315912544 2.0276022182936773
