2.6947629134531224 7.754885577567126 5.763670139983196
2.6947629134531224 7.5101202309843575 6.830811857313079
2.6947629134531224 7.607866237540074 6.935547758171665
2.6947629134531224 7.760286987894073 7.547414128620337
2.6947629134531224 7.623347308263391 7.057880409789063
2.6947629134531224 6.650648952892293 6.571531232103511
2.6947629134531224 6.650648952892293 6.571531232103511
2.6947629134531224 6.650648952892293 6.571531232103511
2.6947629134531224 6.650648952892293 6.497941450293188
2.6947629134531224 6.969631385929336 6.726507471632273
2.6947629134531224 6.969631385929336 6.884134016479817
2.6947629134531224 6.969631385929336 6.884134016479817
2.6947629134531224 6.969631385929336 6.399256720950733
2.6947629134531224 7.40897598233169 6.312605993758265
2.6947629134531224 7.010370742060253 6.310069158328792
2.6947629134531224 7.010370742060253 6.493065296051567
2.6947629134531224 3.689797332265844 3.2740614241600685
2.6947629134531224 3.6597348555423435 3.493074190614644
2.6947629134531224 5.19658412569877 4.419674441910871
2.6947629134531224 8.1521325404741 6.825319250762791
2.6947629134531224 6.651734885027281 5.2578444911841675
2.6947629134531224 3.9126703966697183 3.888312247005386
2.6947629134531224 3.9126703966697183 3.888312247005386
2.6947629134531224 3.9126703966697183 3.888312247005386
2.6947629134531224 3.9126703966697183 3.888312247005386
