1.4297055985338152 7.649413687525199 5.348593700744787
1.4297055985338152 6.3549631042106505 5.918888415843904
1.4297055985338152 7.659118872481548 6.88245272286714
1.4297055985338152 7.41187052214328 6.162626684793064
1.4297055985338152 7.501005997598103 7.12215659446568
1.4297055985338152 6.96470725769991 6.854007224516583
1.4297055985338152 6.96470725769991 6.854007224516583
1.4297055985338152 7.043631282780778 6.381409526185269
1.4297055985338152 9.839566357369488 6.88141056611769
1.4297055985338152 12.193825513404567 8.332455926098032
1.4297055985338152 11.043843899845317 9.388202761343335
1.4297055985338152 13.79548704357909 12.982065175586008
1.4297055985338152 3.0552114793103766 3.0162546256658986
1.4297055985338152 3.0423180072524834 2.852299162267384
1.4297055985338152 4.302490745459149 4.1284312430087535
1.4297055985338152 4.300322225862949 4.23630052542121
1.4297055985338152 4.606294758781278 3.1531829280604016
1.2019307471414717 5.447516323671255 3.3292790324342105
1.2019307471414717 5.379598050393962 3.953230836765061
1.2019307471414717 5.379598050393962 4.444625088129529
1.2019307471414717 7.774184516646203 5.091150222642531
1.2019307471414717 2.6710060794190373 2.641624572773489
1.2019307471414717 2.6710060794190373 2.641624572773489
1.2019307471414717 4.538077839891855 3.5751604530098966
1.2019307471414717 4.628719415412096 4.091203539280698
