2.3748249878963326 7.6795217252640295 5.488931068821611
2.3748249878963326 6.074094636014873 5.597921353014832
2.3748249878963326 6.548421914499144 5.4977420947081415
2.3748249878963326 7.46143820023547 6.90319779312053
2.3748249878963326 7.262959354366195 6.870072694291542
2.3748249878963326 7.262959354366195 7.165196667036799
2.3748249878963326 7.262959354366195 7.165196667036799
2.3748249878963326 7.262959354366195 7.165196667036799
2.3748249878963326 7.262959354366195 7.165196667036799
2.3748249878963326 7.660758009826937 7.356140021657958
2.3748249878963326 7.40385798553819 6.15966062198962
2.3748249878963326 5.11662457834673 5.061788586537717
0.7656394317341548 5.92181248839438 3.3759096711875105
0.7656394317341548 5.220563634719621 4.961601543690266
0.7656394317341548 0.7656394317341548 0.765639431734155
0.7656394317341548 2.701458257963932 1.7335488448490453
0.7656394317341548 3.356096878487087 2.009059006175564
0.5081337051780932 3.003110432697174 1.7607721834687557
0.5081337051780932 5.059816645488013 2.6929415165268558
0.5081337051780932 5.6839182119007035 3.4991200165078915
0.5081337051780932 5.541143038796097 3.460792725315067
0.5081337051780932 4.928608324576697 3.9063688813700845
0.5081337051780932 7.148224962119373 4.950815229567086
0.5081337051780932 6.476588780593829 4.641569381557682
0.13842356685341572 5.67690913293206 2.9150605526592313
