0.3991598355721888 7.778426228182184 5.4910240446929865
0.3991598355721888 5.738342887345603 4.846718236750743
0.3991598355721888 6.355639231740465 6.009193738151412
0.3991598355721888 6.052925085624924 5.410272812907644
0.3991598355721888 4.5931479823859895 4.479132902746998
0.3991598355721888 4.5931479823859895 4.234887910481113
0.3991598355721888 4.172400452090287 3.9237329735539985
0.3991598355721888 5.60062303945713 5.4216427782782475
0.3991598355721888 5.684189698612261 4.995594566533406
0.3991598355721888 4.4698260844079805 4.388412759431262
0.3991598355721888 5.721970131980523 5.383218842380427
0.3991598355721888 4.114243886118874 2.864525322392847
0.3991598355721888 5.785107052627026 3.8781181645768537
0.3991598355721888 5.234970013620767 4.829391340269659
0.3991598355721888 6.345890814756423 5.174843237811243
0.3991598355721888 5.944534932455618 4.849323690408987
0.3991598355721888 4.957903432669063 4.3953800901200735
0.3991598355721888 6.549480950020261 5.91754028888298
0.3991598355721888 6.549480950020261 6.426474527731304
0.3991598355721888 0.3991598355721888 0.39915983557218854
0.3991598355721888 5.413218823920399 2.805908149979332
0.3991598355721888 2.6314182598217717 1.4706438792119894
0.3991598355721888 5.312876569850509 2.7577438680257855
0.3991598355721888 3.0574431706951484 1.7283015031336706
0.3991598355721888 6.424702450016294 4.3624634641398705
