3.3940784024250985 7.639317332899228 5.636748896969514
3.3940784024250985 4.574357668291935 4.333577043643668
3.3940784024250985 4.390619390376255 4.121779279137093
3.3940784024250985 4.381113250860729 4.2462513773775585
3.3940784024250985 4.797758963346027 4.441444603682403
3.3940784024250985 4.365441612491399 3.863690307854114
3.2401313492126893 3.3940784024250985 3.2841644837337394
3.2401313492126893 3.3220397361262894 3.3204015683880193
3.2401313492126893 3.3220397361262894 3.3204015683880193
3.2401313492126893 6.432267883075461 4.813311078923623
3.2401313492126893 6.561592407224541 4.87538685051518
3.2401313492126893 3.3220397361262894 3.3204015683880193
3.2401313492126893 3.3220397361262894 3.3204015683880193
3.2401313492126893 5.340216114764377 4.329489757707065
3.2401313492126893 3.7343297246698985 3.6434929625874
2.0389947652941385 3.2476884867727702 2.6431904832822535
2.0389947652941385 3.7211583989461983 2.956434812156654
2.0389947652941385 5.696296348002399 4.635581341820131
2.0389947652941385 6.400891562134369 5.96135601913158
2.0389947652941385 7.285237271889873 6.978387318495646
2.0389947652941385 6.446024567089104 6.1507366882137005
0.46897106702386226 6.015099022807078 3.162512959765211
0.46897106702386226 3.4070203175639446 2.250312782370803
0.46897106702386226 1.1196316713507355 1.1066184592641992
0.46897106702386226 3.5785962903696142 2.2869214763932604
