0.06127217092269932 7.754524468745622 5.519225431761747
0.06127217092269932 10.598984373174114 8.306813878851312
0.06127217092269932 3.1735679444184695 1.55517414220067
0.06127217092269932 5.672473755554098 5.5368483333834995
0.06127217092269932 0.06610246177180246 0.06368731634725089
0.06125794637678128 0.06889419418242015 0.0649236298144063
0.06125794637678128 0.8940684122483273 0.4648250938979425
0.06125794637678128 2.62094497840792 1.3447668613390573
0.06125794637678128 0.06889419418242015 0.06874146922630738
0.06125794637678128 0.06889419418242015 0.06874146922630738
0.06125794637678128 2.5877409197127546 1.2777878974808683
0.06125794637678128 0.06889419418242015 0.06874146922630738
0.06125794637678128 5.261880865927164 4.968717351290592
0.06125794637678128 5.19732738483647 4.982870831455848
0.06125794637678128 6.829732621477973 4.853425839672914
0.06125794637678128 1.9739648080352805 0.9793572399728617
0.06125794637678128 0.06125794637678128 0.06125794637678128
0.06125794637678128 0.06125794637678128 0.06125794637678128
0.06125794637678128 0.06125794637678128 0.06125794637678128
0.06125794637678128 3.2509561472743305 1.6561070468255574
0.06125794637678128 5.332793934442584 4.152678298230944
0.06125794637678128 6.418786702174117 6.273956478117766
0.06125794637678128 7.683582405195576 6.32071456420709
0.06125794637678128 0.06125794637678128 0.06125794637678128
0.06125794637678128 0.06125794637678128 0.06125794637678128
