2.526139843574985 7.734618815435045 5.236640939020478
2.526139843574985 7.452755180882118 5.3744480484057355
2.526139843574985 9.538136733359693 6.280470535091087
2.526139843574985 3.303284212413868 3.2233644052371617
2.3341003934238747 4.174232628357142 3.258007299893533
2.3341003934238747 6.1645451750264115 4.724869296919533
2.3341003934238747 4.074684684865268 3.367929252412735
2.3341003934238747 3.3720220555660387 2.8974327527448467
2.3341003934238747 2.464360316409341 2.4617551179496315
2.3341003934238747 4.5386682391162125 3.4989090793030693
2.3341003934238747 5.801906171723402 5.465285955841603
2.3341003934238747 5.801906171723402 5.7325500561574145
2.3341003934238747 5.8203457051196 5.741401032187586
0.9269110565020964 4.901893013054963 2.863046182385907
0.9269110565020964 5.271894567643525 3.0994028120728103
0.9269110565020964 6.950998012404902 5.928293507349814
0.9269110565020964 10.696920128854309 9.837538675290485
0.9269110565020964 9.208082435910404 7.557857311744413
0.9269110565020964 7.558406599149897 6.733019393364163
0.9269110565020964 6.115162234706613 5.489887722721675
0.9269110565020964 6.314256491361249 5.794571421951629
0.9269110565020964 6.314256491361249 6.206509582664061
0.9269110565020964 7.591406611617144 6.8195416403868885
0.9269110565020964 5.311330529705007 5.179601481819045
0.9269110565020964 6.922300696192616 5.061198545710086
