2.4237553702229317 7.592730893807188 5.407796696641293
2.4237553702229317 6.6234598894859005 6.478926270485263
1.8988404834911674 6.6234598894859005 4.271648484223171
1.8988404834911674 5.688041112989055 4.373563909687256
1.8988404834911674 5.95188392986627 5.581365520589485
1.8988404834911674 7.42297883361347 6.68687791685857
1.8988404834911674 6.621949106070932 6.075972129875651
1.8988404834911674 6.025103032985051 4.49590432698582
1.8988404834911674 6.56332579141306 6.340617896930794
1.8988404834911674 6.55919445295493 4.788515586723079
1.8988404834911674 3.9039399388548905 3.7592933119954317
1.8988404834911674 5.657903753377045 4.397821193469241
1.5784778517152636 4.583535309496359 3.027312684085707
1.5784778517152636 6.215673759087554 4.937273930568979
1.5784778517152636 7.624138424642634 5.5073366667686825
1.5784778517152636 9.276239439289999 7.379056724111674
1.5784778517152636 7.678967440513958 5.587574641085045
1.5784778517152636 7.718021520850062 6.709960885092769
1.5784778517152636 5.09021007153304 4.631782718106282
1.5784778517152636 4.2814752610530284 4.227415312866276
1.5784778517152636 6.52249710109346 5.347926232886488
1.5784778517152636 6.52249710109346 5.191246599200054
1.5784778517152636 7.129900007390432 5.359254299649985
1.5784778517152636 6.48077324967198 6.297501699680945
1.5784778517152636 6.278230069128821 6.163269031065527
