2.076667383589339 7.381075454894525 5.487507136765402
2.076667383589339 4.079053166048137 3.085677622007499
2.076667383589339 5.516754462915955 5.294055339025711
2.076667383589339 6.651226175580213 6.502624051721999
2.076667383589339 5.6945336008425755 5.584837847820281
2.076667383589339 4.221393349041723 3.780122607808745
1.0255188252667158 3.3914428867002013 2.182185345921242
1.0255188252667158 5.707266518752132 5.112938506040222
1.0255188252667158 7.504735631002786 6.4801858932770005
1.0255188252667158 7.544250526636834 6.692100169063077
1.0255188252667158 7.059750959787534 6.318088703132007
1.0255188252667158 7.528594976188261 5.314837565995032
1.0255188252667158 6.454963232666088 5.740477199953392
1.0255188252667158 7.361223471811643 5.7807453182770345
1.0255188252667158 7.513377637844444 6.07776534875415
1.0255188252667158 7.250797753216208 6.1801093782805285
1.0255188252667158 7.747648798146928 6.906272472253536
1.0255188252667158 6.332068232744515 6.034066124615683
1.0255188252667158 5.648774548329271 4.7954436793707425
1.0255188252667158 7.594052666960554 6.634599327029289
1.0255188252667158 6.325604021238732 5.03881568278121
1.0255188252667158 6.427473581771395 5.9801607666191
1.0255188252667158 6.184782456694897 3.539317071128274
1.0255188252667158 5.466124031622293 4.374262255775131
1.0255188252667158 6.593741006066438 5.941120414717252
