2.225651503759043 7.687783325720316 5.489148993440487
2.225651503759043 6.796812937509433 6.546799479727605
2.225651503759043 6.466416626870217 5.42173061275273
2.225651503759043 6.613558530684109 6.462913979955366
2.225651503759043 7.713720905697571 7.196045460100708
2.225651503759043 7.7417554536875866 7.2788542898299795
2.225651503759043 7.7417554536875866 6.961618880890148
2.225651503759043 6.605971870382543 6.451147866897901
2.225651503759043 5.910277545408221 5.261132258714662
2.225651503759043 6.321217019445005 5.737797533233841
2.225651503759043 5.95900938964542 5.765848237578926
2.225651503759043 5.95900938964542 5.78656664055701
2.225651503759043 6.018273420371077 5.025565396123472
2.225651503759043 8.650972124487984 6.899414372976702
2.225651503759043 7.0650494992069355 5.122815910389214
2.225651503759043 9.70689213133401 7.971333466603005
2.225651503759043 6.501045979171256 5.46377555556975
2.225651503759043 4.518207366476961 4.4723562492226
2.225651503759043 6.145511975361593 5.286008553664915
2.225651503759043 5.928662539024863 5.070987676163725
2.225651503759043 4.539127636472621 4.134649721004331
2.225651503759043 4.539127636472621 4.481754174539515
2.225651503759043 6.185275025852089 5.283008860720493
2.225651503759043 4.020802186568073 3.8556317690212922
1.8746462376837418 6.269440214717367 4.079063331522065
