2.6633052976351093 7.781788256584145 5.205034122726643
2.6633052976351093 6.405554636476836 6.299001654596135
2.6633052976351093 6.405554636476836 5.455282871537454
2.6633052976351093 6.408065054007032 5.456487871951949
2.6633052976351093 6.0313243785590664 5.177895168429757
2.6633052976351093 7.491707048621915 6.085236430945316
2.6633052976351093 8.134603101106649 6.114067718334339
2.6633052976351093 5.150902048350815 4.698661569024538
2.6633052976351093 6.238042577485828 4.899684531970258
2.6633052976351093 5.874700517527355 5.033353304505565
2.6633052976351093 5.967153399081408 5.429171620786395
0.746319751425752 4.417165040534215 2.5466652011220026
0.746319751425752 6.448014380333138 3.4831331733012987
0.746319751425752 2.978258234822523 1.8622889931241386
0.746319751425752 3.3299162224859313 2.038117986955844
0.020668090884328638 3.0601741505747353 1.494144032746553
0.020668090884328638 5.5215682432109965 2.661100164001128
0.020668090884328638 2.9110941252610343 1.4901157448267548
0.020668090884328638 0.18475440576754254 0.18147267946987802
0.020668090884328638 5.415273905830144 2.6921220394999286
0.020668090884328638 4.963553649119209 4.84766008204474
0.020668090884328638 2.837919235471031 1.4292936631776803
0.020668090884328638 6.280037055629464 4.402226025936194
0.020668090884328638 5.1971681162314205 4.777549671880551
0.020668090884328638 5.513949892004 2.658497679848037
