0.7703099238823481 7.780793166532753 5.199211901168557
0.7703099238823481 6.154691743402481 5.237483805888879
0.7703099238823481 6.077042346279303 5.843128715539914
0.7703099238823481 5.512159031545782 5.335702937086927
0.7703099238823481 6.391953555483745 5.9222743702639935
0.7703099238823481 5.355926672339773 4.810552028604434
0.7703099238823481 6.859094969290272 5.07503196761239
0.7703099238823481 6.622872471194462 6.088945511679087
0.7703099238823481 6.991925889080131 6.530202121465388
0.7703099238823481 7.448662409176531 6.584985720229555
0.7703099238823481 5.224744215602939 4.556466234162513
0.7703099238823481 6.2341598679686925 5.967785412824624
0.7703099238823481 6.855371509914285 6.284675132047914
0.7703099238823481 7.783922945986465 6.283592105149131
0.7703099238823481 9.30304473003816 8.308459578836127
0.7703099238823481 9.092936663080085 8.584829086528666
0.7703099238823481 7.495266442439853 6.581587453823545
0.7703099238823481 7.64650436266041 7.1173531393049645
0.7703099238823481 7.113470067304245 6.850835991626879
0.7703099238823481 5.5968558106930395 4.524607406181513
0.7703099238823481 4.688809636662775 4.34246759104177
0.7703099238823481 6.555563373526397 6.160136710684761
0.7703099238823481 4.550900830621771 4.012889777849126
0.7703099238823481 4.3331921115830525 3.9624704934646373
0.7703099238823481 6.708622024687422 5.882446294805938
