1.5218933316619219 7.773943252138956 5.633376043959759
1.5218933316619219 4.452025228399471 3.7718324559661562
1.5218933316619219 5.030192925674399 4.916379614806442
1.5218933316619219 7.788930295704999 7.02700419110214
1.5218933316619219 7.788930295704999 5.559594015656426
1.5218933316619219 6.343081951188623 4.765324491426518
1.5218933316619219 6.580498197500972 6.041056347417132
1.5218933316619219 7.661552172381725 6.521814489614462
1.5218933316619219 6.645449140790571 6.344816223986514
1.5218933316619219 6.5879277708417625 5.880469696351798
1.5218933316619219 6.453423556187687 6.043103537709316
1.5218933316619219 7.446870911530418 6.3860123883355575
1.5218933316619219 6.950674784439617 5.640818859462663
1.5218933316619219 6.840506327092175 5.643766795311654
1.5218933316619219 6.416768857092773 4.9729838069703645
1.5218933316619219 6.209391632359139 4.923130696188102
1.5218933316619219 6.788568910477952 6.07731558038163
1.5218933316619219 6.549140390632399 4.617159040825646
0.9279462613399407 4.599018860017697 2.775361502085257
0.9279462613399407 5.6615478174067455 3.8303621150690623
0.9279462613399407 6.48997790661452 5.003873210057941
0.9279462613399407 7.171317260517162 6.764617444221063
0.9279462613399407 7.740895023470333 7.02627175392556
0.9279462613399407 6.586059235099228 6.471950575507434
0.9279462613399407 4.038667718885328 3.538948503437834
