1.0513173110700333 7.66367933602722 5.128598433894974
1.0513173110700333 6.214872269825005 4.9285118658025215
1.0513173110700333 6.377196969756543 6.186771583466826
1.0513173110700333 6.202389067431582 5.823398756044967
1.0513173110700333 7.667206930765012 7.14966579048638
1.0513173110700333 4.583647853288021 4.230686511168521
1.0513173110700333 5.461212462281075 4.072624079211475
1.0513173110700333 7.270938820163954 6.555949497899068
1.0513173110700333 6.040528628324349 5.043469688240665
1.0513173110700333 7.730706959482095 5.608433479153739
1.0513173110700333 6.601716730997648 5.37324535337858
1.0513173110700333 7.635138750686934 6.116609979114531
1.0513173110700333 6.04198724939662 5.085548694085009
1.0513173110700333 5.362573074061203 4.817897675866439
1.0513173110700333 5.362573074061203 5.276347958801378
1.0513173110700333 5.22728024291402 4.445518329876866
1.0513173110700333 5.919928237526694 5.7202502786339435
1.0513173110700333 8.676252246038477 7.353694280643291
1.0513173110700333 7.537535068353522 6.784335691800814
1.0513173110700333 6.328455650682521 5.771716317444658
1.0513173110700333 5.941266913692637 4.825376354135225
1.0513173110700333 3.957294271255727 3.775013882708133
1.0513173110700333 4.600993265387746 4.435133252881331
1.0513173110700333 3.946155697593739 3.510808956955774
1.0513173110700333 4.049851600250662 3.5626569082842336
