2.711022163166579 7.6957157851308615 5.410292086774925
2.711022163166579 6.061619806169983 5.960573041214564
2.711022163166579 6.012598180064067 5.902733596460068
2.711022163166579 6.245540788903504 5.044029427157818
2.711022163166579 6.245540788903504 5.603389250354695
2.711022163166579 6.58048354345858 5.827962296093585
2.711022163166579 6.58048354345858 6.503094315852736
2.711022163166579 5.699874881360309 5.529490948290994
2.0000038111084 6.086205178643745 3.975600834566531
2.0000038111084 4.354983286114045 3.937501803825681
2.0000038111084 7.694163462845687 6.658797394378075
2.0000038111084 9.184971804917458 8.340709689763228
2.0000038111084 4.2606907127926945 3.3818969464038644
2.0000038111084 5.659045226770946 4.053107113113426
1.7270289958666685 5.660188583056289 3.6990682857663133
1.7270289958666685 4.982963595878303 3.4245018366663436
1.7270289958666685 5.730007683326733 5.33614203766533
1.7270289958666685 7.324212798484989 6.77399695732733
1.7270289958666685 7.755967829695596 7.479412665308672
1.7270289958666685 7.755967829695596 7.1416509051743855
1.7270289958666685 6.103959735044889 5.3793288881960315
1.7270289958666685 4.8297752709143005 4.600119364949542
1.7270289958666685 4.392468812368172 4.2846318642990635
1.7270289958666685 6.270034468201988 5.240391530838377
1.7270289958666685 7.3302859335589154 6.048427912441447
