1.3297291373737115 7.769544730773685 5.694588568191119
1.3297291373737115 8.949165725804223 8.060887300636333
1.3297291373737115 7.556104680090598 6.1627822745148
1.3297291373737115 8.122658234809764 7.790300167437762
1.3297291373737115 7.668699388355144 6.985044350461177
1.3297291373737115 5.770168510265393 5.380150120238676
1.3297291373737115 6.660592838800859 5.3497060069325615
1.3297291373737115 6.896821721891714 5.390930997218525
1.3297291373737115 6.409069231033481 5.836233158678771
1.3297291373737115 6.409069231033481 6.2129305575543015
1.3297291373737115 6.8972363248743775 6.152577368056956
1.3297291373737115 6.3963004675056645 6.042650170964099
1.3297291373737115 7.483591744814186 5.744499899720656
1.3297291373737115 6.431745497804172 5.273026132774967
1.3297291373737115 4.337939075166137 4.061091210609238
1.3297291373737115 4.337939075166137 4.277774876410286
1.3297291373737115 6.231351172258616 5.862534203399325
1.3297291373737115 7.148828246783754 6.6141111723896255
1.3297291373737115 5.841708837750012 5.7420675422096705
1.3297291373737115 7.391711724160464 5.076923678194017
1.3297291373737115 7.330167694999291 6.739249258864393
1.3297291373737115 7.360243140517971 6.819866078350745
1.3297291373737115 9.177824611804363 7.51171504232064
1.3297291373737115 8.569001913281118 6.968943456223783
1.3297291373737115 6.601504827366778 6.318661204530946
