2.752400224564067 7.724747772639677 5.380495953519548
2.752400224564067 7.758766466980697 5.570678860110622
2.752400224564067 7.241548655214935 5.683729899369507
2.752400224564067 7.241548655214935 5.649442032507164
2.752400224564067 6.240242755454702 5.0063411054770715
2.752400224564067 5.4867509804605845 5.185616944226207
2.752400224564067 4.973319686467985 4.92890129722991
2.752400224564067 4.973319686467985 4.76111195478607
2.752400224564067 6.238912044110837 5.231141111373837
1.3125937921045794 6.090901691945703 3.6349777126775105
1.3125937921045794 5.8201141552993505 3.5663539737019683
1.3125937921045794 5.70079366630797 5.345770189474336
1.3125937921045794 5.70079366630797 5.163361015610041
1.3125937921045794 5.261780233554969 3.8941436890251553
1.3125937921045794 2.6844746021533585 2.535892253964777
1.3125937921045794 5.819638761164189 4.616018783814455
1.3125937921045794 5.819638761164189 4.858846864131362
1.3125937921045794 3.8815598615979927 3.779382732024944
1.3125937921045794 4.952479607355375 4.483354360167797
1.3125937921045794 6.1579227332968856 4.754584516963544
1.3125937921045794 6.075669942028771 5.359075841162409
1.3125937921045794 5.404846913599872 5.037080787516533
1.3125937921045794 4.833004786293014 4.348466853330601
1.3125937921045794 5.970239936113227 4.880417003207166
1.3125937921045794 5.401938762434469 3.645277156385989
