1.4616447124769008 7.509604489756319 5.1723179419876875
1.4616447124769008 7.39899192746118 5.326443097234058
1.4616447124769008 6.438378471659409 5.770593958047091
1.4616447124769008 6.220106974312223 4.395494154023343
1.4616447124769008 7.548397420244143 5.286455554203205
5.548726838012303 7.548397420244143 5.163654251678745
5.548726838012303 6.256189513921591 4.0964769987214575
3.8844712980518143 6.345973093633095 5.418763818318941
3.8844712980518143 6.345973093633095 5.092279404685747
3.1155957085501282 6.597307755371702 5.2114190717865325
3.1155957085501282 6.51015701374169 5.077580351206511
3.1155957085501282 6.272989222000884 3.771501311629485
3.1155957085501282 6.272989222000884 5.0346158629373905
3.1155957085501282 6.587595931799164 4.6221944831199115
3.1155957085501282 7.6608098948801135 5.2190224575792135
2.049633769183178 7.6608098948801135 3.515622123790286
2.655112608317396 7.6608098948801135 4.294502112596502
2.655112608317396 4.919202037514044 3.703184971471044
2.655112608317396 6.064440893931703 3.728223631973456
2.655112608317396 6.374797299528332 4.997792143659674
2.655112608317396 6.374797299528332 4.107889732099327
2.655112608317396 4.520592588472894 3.7335839371750574
2.655112608317396 6.244492083613498 4.574319833415905
1.3664280472083274 6.63603510634573 4.240083977695482
1.3664280472083274 6.205681632593247 3.6590674937562833
1.3664280472083274 6.393210601480096 4.938809694000893
1.3664280472083274 10.043378064395664 8.251893489284582
1.3664280472083274 10.043378064395664 7.133898052634511
1.3664280472083274 9.299761432189273 2.8055563130163814
5.442170426431396 3.3803265951779093 2.371017876357164
5.820807532137721 5.442170426431396 2.6847932594610007
3.240980095449061 5.820807532137721 4.389418474204814
2.9829305965910007 7.758795590313413 5.100530224061973
2.9829305965910007 7.758795590313413 4.662728940879439
5.770589740210465 4.354180141085536 4.001234915925236
5.770589740210465 6.1263763594643805 5.043880193358503
5.770589740210465 6.1263763594643805 4.89856680622315
4.992092367617289 4.751915609794121 4.377438873251951
4.992092367617289 6.37785977662514 5.28560374950446
4.992092367617289 6.37785977662514 5.249479238911169
4.992092367617289 6.463642268083756 5.869647893664967
4.992092367617289 7.661561050535855 6.775249545435619
5.286214593140809 10.263662760216064 6.542298992734563
3.406852891369653 7.661561050535855 4.248901438576845
2.834473812625657 5.471680531178887 4.687578430165597
2.834473812625657 5.471680531178887 4.272131514636449
2.834473812625657 6.2650849692183 4.831881062679841
2.834473812625657 5.860739421352719 4.519062303578973
2.834473812625657 5.860739421352719 3.4972136934217417
2.834473812625657 4.91696261595035 4.189927619751396
