3.9644618758817356 7.60295938543622 5.713659911073337
3.9644618758817356 7.345170940527359 5.51613854884332
2.707655067463858 6.611898300491635 3.8354710679129322
2.707655067463858 5.88196349735049 5.006949212477537
3.2705401722789422 5.955815919298452 4.805164872672642
3.2705401722789422 7.451946630264546 4.893796448264992
3.2705401722789422 12.77475996415019 8.905630518308486
3.2705401722789422 12.77475996415019 6.9706908899929525
3.2705401722789422 7.988130764217372 5.526836415809999
3.2705401722789422 6.59988712046362 5.073417047794682
3.2705401722789422 5.010442369169816 4.406843923248422
3.2705401722789422 5.4243187709201415 4.912959793661732
3.2705401722789422 6.2169108042474015 4.013171622393356
3.2705401722789422 4.277483875685991 3.7757970304069035
3.2705401722789422 6.66125409930795 4.583839725157747
3.2705401722789422 6.007834861528174 4.992471762267375
3.2705401722789422 7.592978136680317 5.53325279152568
3.2705401722789422 7.592978136680317 5.364029748155859
3.2705401722789422 6.829908168978621 5.625977833962584
3.2705401722789422 6.89577881988723 5.852742376275602
3.2705401722789422 7.530006233231376 6.709963852778974
3.2705401722789422 7.773467795426267 6.672733109597717
3.587892253163503 7.773467795426267 4.579444648489159
3.587892253163503 5.851399627496143 5.0059537124227615
3.007639216143055 4.579512365585302 4.432147377616843
3.1080294285076566 6.306744974656844 4.331007342102705
1.747137027528567 6.306744974656844 4.212354706110694
3.1080294285076566 5.888326889770045 4.67364391214051
3.1080294285076566 5.809988914207533 4.051992114777578
3.1080294285076566 5.584492048856664 4.768640927391281
3.1080294285076566 5.7456416119994955 4.229147170948692
3.1080294285076566 6.208744607053543 5.036284907005836
3.1080294285076566 6.376116638754066 5.983757167356525
3.1080294285076566 6.376116638754066 5.836313248914834
2.976318097824493 6.376116638754066 4.5328795699231526
2.976318097824493 5.997181553037247 5.554461910968409
2.976318097824493 5.901732844470988 5.262184742206211
3.169451528233744 5.795420208156656 4.236814840397367
5.571463483540388 6.246056708578486 4.203987952246562
2.032503799946959 5.887569412153091 5.3511603241549075
5.571463483540388 5.887569412153091 3.807181139348499
5.571463483540388 6.625241070868338 6.174963658105245
5.571463483540388 6.625241070868338 6.025404342088763
5.571463483540388 6.774181767754854 4.495560135132654
5.828563163113454 8.383200576258474 5.226064281927004
1.8739612174849367 5.828563163113454 3.8121169706788263
1.8739612174849367 5.409180096236007 4.31233857396123
1.8739612174849367 7.005776341224305 5.952034549022236
1.8739612174849367 7.2865887898469754 4.9011553037898645
1.8739612174849367 7.523928636742465 5.685860932969641
