2.3843314796707777 7.592522175019656 5.574046313916212
2.3843314796707777 6.875851519437097 5.371417739832894
2.3843314796707777 6.694615486352745 3.712441770541996
2.3843314796707777 5.4203812055066685 4.134121066918296
2.3843314796707777 6.210070482135233 4.752900039064229
2.3843314796707777 6.885764663851267 4.0558617987307795
2.3843314796707777 6.885764663851267 4.808428205849579
2.3843314796707777 6.885764663851267 4.484416935652179
2.3843314796707777 5.219164574556192 4.3237651702343705
2.3843314796707777 6.131819303890957 4.929317765310931
2.3843314796707777 6.593441498644456 5.9025979647080415
2.3843314796707777 6.593441498644456 4.170520800165729
2.3843314796707777 5.1718035005809 4.292953649300852
2.3843314796707777 6.397756084295963 4.70255875676259
2.3843314796707777 6.621161159900613 5.4821345009108295
2.3843314796707777 5.219364658665672 3.821721259152958
2.3843314796707777 4.939246577313678 3.4961413618593653
2.8145899281468556 5.803828187536677 3.332986540312419
2.5561694228265677 5.785783976497779 3.867431852925873
2.5561694228265677 7.744499081540626 5.462296613570445
2.5561694228265677 4.555944619371015 4.25276296686892
2.5561694228265677 5.966658030150157 4.744486013508033
2.5561694228265677 7.551179283865471 6.910053669539585
2.5561694228265677 6.5928308408515655 6.169123721804092
2.5561694228265677 6.5928308408515655 4.709869933384823
2.5561694228265677 5.147795240465054 3.1539511671985676
2.5561694228265677 4.791362687904893 3.3512963602090697
2.5561694228265677 5.00551790832413 4.004361492740673
5.590819381219422 5.765518081563091 3.386141255523392
4.893189515341401 5.765518081563091 5.366517663940072
3.028028672670772 5.883521969174822 4.527512276410129
3.028028672670772 7.281067883373474 4.923672261264304
3.028028672670772 6.272990579299975 4.988801282584897
6.11857997124347 8.370780173632038 5.742257394030717
6.11857997124347 6.272990579299975 5.583786228621613
6.072749364865569 7.7188256356051905 6.416657202730846
5.981978261975495 6.309652508305959 6.143686118307641
5.981978261975495 7.691733194502701 6.897347918691526
5.981978261975495 7.624610092313816 6.852701771424962
5.981978261975495 7.6826820464438885 6.867164567225958
5.981978261975495 7.6826820464438885 7.3315417409549655
3.462349981919488 6.116394806153657 4.886281174038728
3.462349981919488 8.310769210943647 6.765163839496764
3.462349981919488 8.310769210943647 5.399606478745771
3.462349981919488 5.707447992050007 4.664257243293095
3.462349981919488 8.380667247463427 6.9111250095778
3.4303402616467484 8.380667247463427 4.96080433012267
2.6381967087726363 5.930205533120798 3.9505804091559167
2.6381967087726363 3.688188304367934 3.163192506570287
2.6381967087726363 7.677802203615112 4.286460758755603
