3.000459724599715 7.703959746009383 5.574314322674221
3.000459724599715 6.539009864397421 5.912292676691627
3.000459724599715 6.539009864397421 4.793328849436746
3.000459724599715 6.127751571685227 3.8700912106362204
3.3815141331662706 6.745971274748797 3.796991100955344
0.8783961578117219 5.157173306061534 3.170016869639441
3.0279692684758115 5.157173306061534 2.93343291344754
5.594874352098525 4.014331685649541 3.2405064163088517
5.127012723905477 5.594874352098525 4.036670109563284
5.127012723905477 5.594874352098525 3.534791958090238
3.303314757102257 5.272403259761525 4.231917302979079
3.303314757102257 6.775449590324241 5.173487750478175
2.5139454666079115 6.535591617848709 3.4148983142173885
2.5139454666079115 7.456562759180461 5.46429764878391
2.5139454666079115 7.460861215556774 6.091491542663329
2.5139454666079115 6.21146451152973 5.649038959183313
2.5139454666079115 6.497436946872213 5.733760903344442
2.5139454666079115 4.763327987276451 4.551492942802432
2.5139454666079115 5.489482071362286 4.809454756076321
2.5139454666079115 6.278154478866831 5.077757146273731
2.5139454666079115 8.926958198525115 5.685517376543817
2.5139454666079115 4.593436174269357 3.69009399442415
1.4553736028411284 4.593436174269357 3.1088123319371523
3.47143982197083 5.932432040066569 4.066408200468517
3.47143982197083 6.330649272692483 5.088777415532923
3.47143982197083 6.241023036921941 5.782557076638415
3.47143982197083 5.941975174436266 5.2163689431614415
3.47143982197083 8.266355295741366 7.011791208152995
3.47143982197083 8.18331826035015 6.212249554510641
3.47143982197083 6.507854730828459 4.9927619325790396
3.47143982197083 7.651560960182177 6.478812378454104
3.47143982197083 7.651560960182177 5.112477012819401
3.47143982197083 6.333817567396178 5.876533465298083
3.47143982197083 7.564586697570752 6.368185926755396
3.47143982197083 6.333817567396178 5.188490842869667
3.47143982197083 6.095239143559169 4.0096628287140925
3.47143982197083 6.355714134691812 5.26080774552695
3.2431068176278726 7.681219488277941 4.246577588867504
3.2431068176278726 6.999603175485138 5.573557098583118
3.2431068176278726 7.640959241345628 6.525574460363412
3.2431068176278726 7.640959241345628 5.751305471979356
3.2431068176278726 5.955507965191295 4.872586184971224
3.2431068176278726 4.475264090905771 4.191151311529753
3.2431068176278726 4.475264090905771 3.9998508921483564
3.2431068176278726 4.475264090905771 4.010540191017713
3.2431068176278726 6.480071103794874 4.945757750039595
3.2431068176278726 6.521729111381553 5.349468586672588
3.2431068176278726 6.521729111381553 4.81095094136827
3.2431068176278726 6.189119489787508 5.1577388532513355
3.2431068176278726 6.189119489787508 5.5143478672964665
