2.6631331920425088 7.701470753778732 5.39846209075812
0.9779596405869282 3.3947731176784193 2.1582263819928316
0.9779596405869282 6.990731870471585 5.13651528095032
0.9779596405869282 8.661373434306423 7.24210318800965
0.9779596405869282 9.894986598581546 3.030354968541627
0.9779596405869282 5.26932860683916 3.9420378455639034
5.8668214072835205 5.26932860683916 1.9644963274759808
5.8668214072835205 7.411720050665906 5.155605013570447
2.864976674034683 8.167646714201087 6.606569151358064
2.6285803772797505 5.807325812869163 3.64340136061266
3.1835366288074955 5.996464742288232 5.020763763490877
3.1835366288074955 8.787211970818685 6.376775777864493
3.1835366288074955 10.322528655417436 7.631632045212025
3.1835366288074955 10.329909412073063 7.385564150112529
3.1835366288074955 6.148855182031429 5.093784861582152
3.1835366288074955 7.664941029237566 5.876813154272586
3.1835366288074955 4.5905747912029256 3.8541278275194513
3.1835366288074955 7.49402130142137 6.1121770043792845
3.1835366288074955 7.51004524535019 6.777707653560349
3.1835366288074955 6.658172444981982 6.299069390730417
3.1835366288074955 8.978823567187922 6.411109206444355
3.1835366288074955 8.978823567187922 6.1541199902123385
3.1835366288074955 8.332399371180198 4.468455821129658
3.1835366288074955 7.691197063419612 5.993747540220664
3.1835366288074955 6.631856374784892 5.116360211828137
3.1835366288074955 8.03119328567194 6.053894315858377
3.1835366288074955 6.641134357418029 5.19779213020883
0.7241718124949164 5.4606831066916754 3.6515128320605417
3.138915287690527 5.4606831066916754 3.873789014650008
2.8000189652332 6.6573254690028705 3.4569191733426003
2.8000189652332 5.9673556944623165 4.513869291580061
2.6928882057906596 6.012115100353991 4.395476665851493
2.6928882057906596 3.770664104411328 3.651410421796215
2.6928882057906596 3.770664104411328 3.4918775871255288
2.6928882057906596 6.196431571552804 4.7450394733224535
2.6928882057906596 6.196431571552804 5.034981569034546
2.6928882057906596 6.196431571552804 5.005077784810263
2.6928882057906596 7.234882841385463 5.620407960282337
2.6928882057906596 6.56422601715504 4.5241958052759035
2.6928882057906596 7.33925945781977 6.2039384708366
2.6928882057906596 7.33925945781977 5.709534369147462
2.6928882057906596 7.6852060116661125 6.410316143323284
2.6928882057906596 6.577745014488318 5.5880349696561815
2.6928882057906596 5.802833934096299 4.240918763669173
2.6928882057906596 5.802833934096299 4.722764443182166
2.6928882057906596 5.982995001156247 5.5273356786516
2.6928882057906596 6.19833781666593 5.841679896930708
2.6928882057906596 6.9488327738843605 5.757548639633258
2.6928882057906596 6.543931434177512 5.022544017089003
2.6928882057906596 5.99994667435082 4.660836221923835
