3.567163069438838 7.212303526331244 5.0421525345931855
3.567163069438838 8.339379921497834 5.616918476559127
3.567163069438838 10.80726978479772 7.965645230050755
3.567163069438838 10.80726978479772 6.187501362992339
3.567163069438838 10.80726978479772 5.334566750795611
3.567163069438838 8.199675726675952 5.681097437470086
3.567163069438838 9.241134072276463 7.430693496731151
3.567163069438838 4.615441804074123 4.502038615201043
3.567163069438838 5.794110092789609 5.089424457815535
3.359316198607847 5.794110092789609 4.213452070585609
3.359316198607847 6.237285564482647 5.886442440880959
3.359316198607847 7.5203557655052276 4.728486393667659
3.359316198607847 5.992564829513206 4.6772229802790655
3.359316198607847 6.576084990290937 3.985288134309012
3.359316198607847 6.177944014223737 5.018739976186742
3.359316198607847 6.57891406099866 5.8339659614142265
3.359316198607847 9.241491268057167 7.034208046812728
2.7124668967707994 9.241491268057167 4.214052687329371
2.7124668967707994 5.731191821598049 4.6565694190546845
2.7124668967707994 5.880868576352746 4.634260935174118
2.7124668967707994 5.9012817601833625 4.982499050188587
2.7124668967707994 6.027638407682986 4.95558500481059
2.7124668967707994 7.244610195776165 5.311454902913133
2.7124668967707994 6.489789749160526 5.76260116546112
0.9994799826899485 6.533404075718007 5.736493754198417
3.51817676362753 6.533404075718007 3.3917137903955985
3.51817676362753 6.918716736874956 5.088856552848295
3.51817676362753 6.179407051719366 5.411576220034224
3.51817676362753 7.2588047748882065 5.167996034580731
2.6811078920437343 7.2588047748882065 3.755222202470234
2.6241791037011777 5.872005703349995 3.9443430990878006
2.294005202158836 5.872005703349995 3.1244287867001828
2.294005202158836 4.332389331623588 3.2300576629805096
2.294005202158836 6.058935853326059 4.838265972511337
2.294005202158836 6.058935853326059 4.833665310055098
2.294005202158836 5.945851017773425 4.300611773414405
2.294005202158836 5.945851017773425 3.512913574015412
2.294005202158836 2.7325573832604424 2.6988226000987803
5.716423479438443 4.44153350927369 2.6913641540702873
1.121445288899086 5.716423479438443 3.5072889515192402
1.121445288899086 7.536604704147448 3.2127147817205204
1.121445288899086 5.463226609628176 3.4148289019316205
1.121445288899086 5.653278873204009 4.520115823642568
5.516348058677778 4.0268577774521965 1.7672609902536611
3.9332576659811136 5.516348058677778 3.5792485145997066
3.9332576659811136 5.390036432827699 3.503946287475886
2.884418860597418 5.190604257369056 2.3145985058914933
3.132120923592151 2.884418860597418 1.391334173321576
3.132120923592151 6.643423016574474 5.583244548164601
3.132120923592151 6.643423016574474 3.691269196412141
