2.8460114977125923 7.782881740453931 5.41547190036979
2.8460114977125923 6.4428891976235825 4.564950771836077
1.2685750479489148 6.274077182737379 2.6392545517053474
0.6852180757183466 2.949852490784157 2.439905621914938
0.6852180757183466 2.949852490784157 0.9361467721607865
0.6852180757183466 0.6852180757183466 0.6852180757183463
4.914109851180626 5.272029449503879 3.0661159042798403
4.914109851180626 5.945416859944899 3.2262521519562313
4.820955714574755 7.538507606851024 5.709273115273812
4.820955714574755 7.538507606851024 5.31881103715275
4.820955714574755 7.538507606851024 3.0629091937161785
4.820955714574755 3.765009840886329 3.1628609331222197
4.820955714574755 4.962849896451541 3.4248239919413743
2.6183740085063723 5.383389595561752 4.543004058366536
2.6183740085063723 5.646150686072467 4.20460304668834
2.3397123899249093 5.646150686072467 3.143949891788606
3.7993998753600455 6.420724056676466 3.5875151331336492
2.6713576382785793 7.118133199209021 5.777396240531162
2.6713576382785793 6.588820172930589 5.774061077534876
2.6713576382785793 6.588820172930589 5.7524574255158
2.6713576382785793 5.478565360817999 3.999924271523007
2.6713576382785793 3.7030404154735455 3.0881141292235585
2.6713576382785793 5.804443827312639 4.102749309165781
2.6713576382785793 6.02697635144818 4.801265387130938
2.6713576382785793 6.690877759880937 5.208279533001541
2.6713576382785793 6.690877759880937 5.7683812532397445
2.6713576382785793 7.463003306181967 6.373082237069866
2.6713576382785793 7.463003306181967 4.582773990035921
2.6713576382785793 6.64734436194388 5.6731075785821385
3.597823573285894 6.64734436194388 3.446816095704132
1.6086240850112614 4.459613036794369 3.260116269875138
3.597823573285894 6.117059405830226 4.118271426004766
3.597823573285894 6.117059405830226 4.610879601613111
3.597823573285894 5.445178485391146 4.111247615028264
3.597823573285894 5.445178485391146 3.6560804347798035
3.597823573285894 5.838480792634609 5.225330894395236
3.597823573285894 5.838480792634609 4.9641647250916066
2.7971618625318766 6.421649758577782 4.587480288415084
1.9871769193855653 8.58611136266733 5.442036727732587
3.7553094126804223 8.58611136266733 4.725867921086404
3.7553094126804223 6.603474909612562 4.181080410013273
3.7553094126804223 8.638852326523722 7.1980629231420306
3.7553094126804223 9.092231345233841 7.484670126249218
3.7553094126804223 8.100923355509652 6.1652383407678855
3.7553094126804223 8.100923355509652 5.949194712863768
3.2103595724998297 5.9593341707933725 4.669776168135173
3.2103595724998297 4.499544911702426 3.712275963035761
1.4511394076479935 8.154568004728825 5.5242406059656055
1.4511394076479935 8.154568004728825 3.8414974859649282
1.4511394076479935 6.496681405409756 5.095542599703064
