3.9137019913438498 7.644044140903574 5.925763233683973
3.9137019913438498 7.499634827570013 5.9988066985763036
3.9137019913438498 6.310898886354696 5.529435905925165
3.9137019913438498 6.615300209613615 6.032595923795802
3.9137019913438498 6.309316143359116 5.722036608450187
3.9137019913438498 6.867119549095094 6.409185027543726
3.9137019913438498 7.245691886527135 6.628875724846264
2.7315685915384518 10.696895282344833 6.890247176770449
2.5918678191556137 10.696895282344833 4.034642633267618
2.2857922138137856 6.249469211198566 3.891047758928771
2.2857922138137856 4.338817734060257 3.474832719893029
2.0190065914455073 5.733627830646238 3.5327771746276637
2.0190065914455073 5.560563465891782 3.492513922649474
2.0190065914455073 5.608966841889515 3.719225626502563
2.0190065914455073 5.0906883283460935 3.9450336670205983
5.208081685363574 5.022638974346076 2.3765291316082813
5.208081685363574 6.664297875828225 4.132027427483203
2.4481644217040786 6.669200102681792 4.7878861995806625
2.4481644217040786 6.669200102681792 4.68688390616039
2.4481644217040786 6.669200102681792 3.132024747075945
1.646061733136666 5.682255432541158 3.484555811288071
2.4962085003693315 5.905986735296722 4.570146025244754
2.4962085003693315 5.905986735296722 3.4443789326877834
2.4962085003693315 5.962180442510281 3.2791686588820896
2.4962085003693315 7.618939402263827 6.695551504281125
2.4962085003693315 7.883455479167679 7.025324465242685
2.4962085003693315 8.957357818765503 6.152281490790748
2.4962085003693315 8.957357818765503 3.975737979077776
2.0989500652294244 3.921935408346567 3.0203700308172015
2.0989500652294244 7.2934557834885165 4.723549787458452
2.0989500652294244 7.761351632909674 5.9524919776398155
2.0989500652294244 8.188897539396645 7.3259779109916865
2.0989500652294244 8.188897539396645 7.470703159495328
2.0989500652294244 8.188897539396645 6.787796499006906
2.0989500652294244 6.931515780599591 5.249344225411933
2.0989500652294244 6.643240969507932 4.9931021236089785
2.0989500652294244 6.371526312607841 5.806703968608106
2.0989500652294244 6.371526312607841 4.835468371657718
2.0989500652294244 6.157149912463375 4.8903233725400925
2.0989500652294244 6.773272376884904 5.113777583045559
2.0989500652294244 6.773272376884904 5.372840173140999
2.0989500652294244 7.635696093121124 7.118244881053675
2.0989500652294244 7.690452501133311 6.221248012796574
2.0989500652294244 7.2063175721640285 5.675299876604569
2.0989500652294244 8.526601016465747 6.5045941123447175
2.0989500652294244 6.642273273647909 6.229142249771829
2.0989500652294244 7.569060299604246 5.534933118367386
2.0989500652294244 7.569060299604246 5.95950944199027
2.0989500652294244 7.569060299604246 4.837268325605944
2.0989500652294244 7.998030022383183 5.732882025085841
