3.423544815716515 7.274952530033591 5.687488005174514
3.423544815716515 7.550321099296882 5.786061442037067
3.423544815716515 6.170081686181252 4.522272816092464
3.423544815716515 6.170081686181252 4.523798384322002
3.423544815716515 7.263777996098558 5.636017731804778
3.423544815716515 7.485494993081273 5.91838320598172
3.423544815716515 5.652202228553179 4.866873901132831
3.423544815716515 7.647423659910345 5.282822929411354
3.423544815716515 4.53152562801392 3.871554679435302
3.423544815716515 6.616833680402767 6.281295744599867
3.423544815716515 6.646170525801352 4.918567672804863
3.423544815716515 6.574581580969159 4.999556819793278
3.423544815716515 4.940468789301505 4.251354795558749
3.423544815716515 5.288218076726725 4.745167435503116
3.423544815716515 5.309531737475446 4.419335269984466
3.423544815716515 5.309531737475446 4.2773533996984145
3.423544815716515 6.619241299225745 4.388736083081939
3.423544815716515 6.3728825589863085 5.1460920339403575
3.423544815716515 6.737603510296076 5.772565254140217
3.423544815716515 6.475665501692504 4.7338397073517
3.423544815716515 6.475665501692504 4.626620046394455
3.423544815716515 7.0243278275479355 6.291444351663658
3.423544815716515 6.761764023644464 6.075693352068523
3.423544815716515 8.012766295940688 5.879690907835654
3.423544815716515 5.621073469965914 5.1849938333856604
3.423544815716515 6.603219649266624 5.389173262695108
3.222561196961309 6.453535095539369 4.730328710317919
3.204930174428999 6.453535095539369 4.1713388527692405
3.204930174428999 6.6106881291399375 4.644562353181056
3.204930174428999 5.953426629230396 4.81482252396249
3.204930174428999 6.34715531584812 5.704211438019405
3.204930174428999 6.552176401013039 6.18940776846224
3.204930174428999 6.552176401013039 5.3282038945556796
3.204930174428999 6.348802078882777 4.340412526194451
3.204930174428999 6.336897632700456 5.091087813096544
2.4488726461443844 6.336897632700456 3.7737032356149216
2.4488726461443844 7.497779772286661 5.200276368212988
2.4488726461443844 8.440473587505549 6.149239090889813
2.4488726461443844 5.489270311346683 3.349884626379368
1.7197194975326693 3.4350703116398447 2.5987286004050096
3.6484627786995074 6.126730682082695 4.836685968952188
3.6484627786995074 7.6001497641970825 5.528215482872917
3.7341508205516125 6.219355271403703 4.017718642488025
2.8280115655509452 7.110105756973059 4.731232440433504
2.8280115655509452 7.821856229575891 4.91958229049081
2.8280115655509452 5.9211281377389575 5.186004598094216
2.8280115655509452 6.7669630664587554 5.97344386275304
2.8280115655509452 7.895085289660356 6.8477595459755225
2.8280115655509452 7.895085289660356 6.353027046716347
2.8280115655509452 7.346646715301384 6.9624241616411275
