3.724511679079509 7.673313702592493 5.6865629621351585
3.724511679079509 6.4513032806419375 5.5302378527344365
3.724511679079509 5.823104356177481 5.334600466596296
3.724511679079509 7.565066892013434 6.970654388737186
3.724511679079509 7.565066892013434 4.48745955530054
3.724511679079509 4.63339120851526 4.218704015210243
3.724511679079509 4.539700152235977 4.297972512074741
3.724511679079509 6.657474641156636 6.088666560965228
3.724511679079509 7.256706121476487 6.826456930710683
3.724511679079509 7.661633569601044 7.043493801039089
3.724511679079509 7.466520480572347 7.187763532176084
3.724511679079509 7.466520480572347 6.019529812942118
3.724511679079509 8.528957561327998 7.7459303922163745
3.724511679079509 8.528957561327998 7.435164240329365
3.724511679079509 8.50294023353848 6.494132565636312
3.724511679079509 9.264942165560802 6.649272870680715
3.724511679079509 7.7879401418259935 6.19391669719382
3.724511679079509 6.807513885636032 5.512091897544882
3.724511679079509 7.392027474835697 5.933823904097682
3.724511679079509 7.392027474835697 5.943856798899342
3.0014948111110624 7.392027474835697 5.303857428541116
3.0014948111110624 7.13152419221991 5.451586213443562
3.0014948111110624 6.4563301277880605 5.983386516465183
3.0014948111110624 7.500983516177495 5.546439091466482
3.0014948111110624 7.500983516177495 6.4734175916972125
3.4532323376839718 6.765644193590731 4.48140631357741
3.0014948111110624 6.765644193590731 5.363105427925874
1.8675116336085194 6.430804023127347 3.48939054748378
1.8675116336085194 6.258897612418863 5.462191425597461
1.8675116336085194 7.585422116763279 6.292848956016827
1.8675116336085194 7.585422116763279 4.573351281256196
1.8675116336085194 5.575789312793944 2.914390203805143
1.8675116336085194 3.744700696528501 2.7185050470895837
3.1758679370266205 6.071312378497218 3.150801526433788
3.1758679370266205 5.5137851666773585 4.274343198395796
3.1758679370266205 6.3516561055329 4.9634229121445275
3.1758679370266205 6.3516561055329 4.197437870634423
3.1758679370266205 6.458449386212944 5.065161916913389
3.1758679370266205 6.458449386212944 4.656290994046287
3.1758679370266205 6.284847509827685 5.226963338717583
3.1758679370266205 6.284847509827685 4.45315362821952
3.9705150352141136 6.275741069665912 4.269222461232708
5.35872575328235 6.5516332574389295 5.624695076278547
5.35872575328235 7.71841265840399 6.572275372666981
5.35872575328235 8.01664607964823 5.335941750148232
5.35872575328235 6.49635212005731 3.687775533366142
2.643840625350489 5.810309399477152 4.30775807006379
1.5485794058974496 5.810309399477152 2.668384766256715
1.5485794058974496 5.914470384072338 4.244902359780968
1.5485794058974496 5.7709734713835665 4.160145333323288
