3.055017912532574 7.694751945244166 4.806353524109309
3.055017912532574 7.492804822397872 5.936791349183401
3.055017912532574 7.492804822397872 4.2955531134071885
3.055017912532574 6.662367395186116 6.030789028885566
1.9426868534279014 6.662367395186116 4.490016084591217
1.9426868534279014 5.984874473429176 5.11891149423248
1.9426868534279014 6.876338675360751 6.101586876950598
1.9426868534279014 3.9119631132613297 5.393603293274196
1.9426868534279014 7.336449573449578 4.811627933058748
1.9426868534279014 5.78071840526939 5.537832022542246
1.9426868534279014 5.78071840526939 4.642143279423612
1.9426868534279014 5.78071840526939 3.7307048365801916
1.9426868534279014 5.9441840972208055 4.731491754602788
1.9426868534279014 5.336383189910368 4.478001370302808
1.9426868534279014 6.318288687084237 5.349676896826984
1.9426868534279014 4.52730075763159 3.611017243399842
1.9426868534279014 6.47855958834846 4.630346925713349
1.9426868534279014 6.132317934981824 4.059584626132382
1.9426868534279014 6.157055576292283 4.788595203372602
1.9426868534279014 6.157055576292283 3.889523484086326
1.9426868534279014 5.717306457562053 3.90388336622756
1.1959432331144453 5.717306457562053 3.3789788393684534
1.1959432331144453 1.9426868534279014 1.4236357857617736
5.869520737593632 5.57872486683328 3.0645022956978725
5.869520737593632 8.341439370560515 6.014733471571532
5.869520737593632 9.660326190794887 6.648085822039487
5.869520737593632 7.2926009673771315 4.992717569042086
5.869520737593632 6.786684501347866 5.576568482581272
4.56842832186274 6.786684501347866 2.106993948081416
4.56842832186274 5.5192814901317035 4.235097302942301
4.56842832186274 6.01744013473132 5.405243835005298
4.56842832186274 7.735444955438101 6.031826358782206
5.22724550857647 7.735444955438101 2.6812595054023736
2.1530053343699795 5.22724550857647 3.0934609460118736
2.1530053343699795 5.260107371692577 4.780455730102815
2.1530053343699795 5.8107223401287875 5.140882867103948
5.413984092797023 6.508054964395843 3.9340856897554657
5.796307658128811 5.657965984750199 3.4002922190362885
5.413984092797023 5.796307658128811 4.205322895932219
5.413984092797023 6.236905569749485 5.697899813648617
5.413984092797023 9.179041340436926 6.712754675828431
5.413984092797023 8.3270665249094 6.2688382707011066
5.413984092797023 5.7737225727649495 4.6152329356019886
5.413984092797023 7.214161558698507 5.52339695814866
3.8625662808438794 6.331925124465712 5.378427586989799
3.8625662808438794 5.75457070183338 4.895166671249828
3.49320341920987 5.75457070183338 3.972479406927635
3.49320341920987 5.873159230962774 4.6003428304277865
2.9707569517853405 7.537051641458051 6.072405952791338
2.9707569517853405 7.193602408411717 6.329284496883987
