5.6794708163969325 7.626608583557504 4.92302021006573
5.6794708163969325 6.1186057661760955 3.7232910575928266
5.629641568894652 5.6794708163969325 2.584894495553967
4.661112402190856 5.629641568894652 5.02822303601774
4.661112402190856 6.39925219409648 6.0551174695647205
4.377773222994204 6.465201861305275 5.280186702676371
4.377773222994204 7.672186425357079 6.269217396663133
4.377773222994204 6.74159138416149 5.174011149983871
3.1809169948091065 4.856933120082875 4.147200384892023
5.5438344801284885 7.209040225508122 5.096229705188747
4.049905950305227 7.209040225508122 5.302009012655701
4.049905950305227 7.997625095712635 5.918129108826184
4.049905950305227 11.402274453169962 8.418673555854276
4.049905950305227 6.603084286893466 6.049067640473267
3.6362244733152633 6.603084286893466 4.6374833368613455
6.197536619331846 6.225883424988652 4.644680155078319
2.996374529920726 3.0566505248893425 4.870725294337175
2.996374529920726 6.197536619331846 4.376437741423541
2.036923063320778 6.699978445059607 4.514595880200938
0.9749038955460176 6.5967356891318225 3.53000510204517
5.40792288815809 6.145265507606698 2.411622133293983
0.9749038955460176 5.40792288815809 3.626110197095742
0.9749038955460176 6.627485706564169 6.077756039178776
0.9749038955460176 7.770171896041699 5.4994774901792844
0.9749038955460176 7.770171896041699 3.501911710654118
0.9749038955460176 5.203500310499674 2.9265637793707837
0.9749038955460176 5.213418030180261 2.4409375129562667
3.4052996826581183 5.674536372995011 3.218960885596906
0.9749038955460176 6.269654021722495 3.9557255299816707
0.9749038955460176 5.823208053700945 3.9454458078038184
0.8266808096871725 7.304211492072971 4.054409948464364
0.8266808096871725 5.892621108391797 4.836700459959545
0.8266808096871725 6.981908920066671 3.829915800942499
0.8266808096871725 6.981908920066671 4.491504302459608
0.8266808096871725 6.156551707287942 3.7118304729203686
0.8266808096871725 5.488059296206458 4.270340431396826
0.8266808096871725 5.488059296206458 4.418195926999508
0.8266808096871725 6.5969115476038525 5.535367868108674
0.8266808096871725 8.61352821894623 7.277790194858453
0.8266808096871725 8.209610351999967 4.7359037764472856
0.8266808096871725 7.689648599346553 6.018134725905828
0.8266808096871725 5.993411793165858 4.209507669232485
0.8266808096871725 6.106065674654751 5.539603246310419
0.8266808096871725 7.7334470790947005 6.934199677011804
0.8266808096871725 7.52497150889266 6.541996222387722
0.8266808096871725 8.223234939959404 6.797691873421476
0.8266808096871725 8.223234939959404 6.370530993282443
0.8266808096871725 6.818393668640301 4.482808273989104
0.8266808096871725 3.226249015874789 2.420880837591778
0.8266808096871725 6.407181453207134 4.938551376884002
