5.912381701079937 7.624482530032415 5.501293925996489
2.958682677221152 6.412649809684183 4.745360772478964
6.006884093193456 6.076754295892453 4.377281906307425
5.37761410594819 9.260103302747886 7.9367940910108015
5.37761410594819 9.260103302747886 7.435505731587104
5.37761410594819 8.319571101549352 5.4266837269872115
5.37761410594819 11.921429284871884 8.328703230825049
5.37761410594819 4.547476464034677 5.415841020207387
4.246348977648562 7.319497174929706 5.813563904195195
4.246348977648562 6.651108556045852 4.6378543919107615
2.4919433828521353 4.602917051117981 4.2856449720445475
3.75982012398557 6.287280740839915 3.9576022462682934
3.75982012398557 7.597521794306143 5.767831053622321
3.75982012398557 7.597521794306143 6.03905108648779
3.75982012398557 5.576820075795133 4.931715805509459
3.75982012398557 7.674669019997477 7.389462433723461
3.75982012398557 7.674669019997477 6.74110945106915
3.75982012398557 7.674669019997477 5.41128393594065
3.75982012398557 6.648283692107352 5.743617647021016
1.3485940200109465 7.307526544057792 4.3333781847951185
1.3485940200109465 6.715067480411808 5.070092686681311
0.5694136166498969 6.715067480411808 3.0990297766483677
0.5694136166498969 5.683530738885224 0.796078906095911
0.5694136166498969 5.598783584647027 3.9982855131759276
0.5694136166498969 3.2516838915472133 1.8049133822313184
5.586975835673069 6.187475385576992 1.8292353636653311
0.5694136166498969 6.187475385576992 4.378148581051187
5.586975835673069 6.258109503183199 4.4145974350212045
0.5694136166498969 7.6870224240833664 6.220191014248485
5.586975835673069 7.6870224240833664 4.984226071159245
5.586975835673069 7.145981272683079 4.986828700609739
5.586975835673069 8.549436051367126 7.344148088837605
3.938299011636506 8.549436051367126 5.331044039756903
5.699376046726947 5.330545792104534 3.5050859641020633
5.699376046726947 4.944256316097761 3.738835644596684
5.699376046726947 7.314912777203659 6.324741576821859
5.699376046726947 7.070283006766479 5.03577094631604
5.699376046726947 7.070283006766479 5.184549092475897
5.699376046726947 7.070283006766479 4.740925805708733
5.699376046726947 7.070283006766479 5.369250544080472
5.699376046726947 6.089917324056906 4.611462826640534
5.699376046726947 7.658694774889382 6.768100668595748
5.699376046726947 10.57865161353989 7.807381131382486
5.699376046726947 10.57865161353989 5.752572213174811
5.699376046726947 4.180913988579494 4.046235967825511
3.7553810887526855 5.962186938060579 4.88766774097637
3.7553810887526855 6.451930036577185 5.254505444580271
3.7553810887526855 6.56432921923243 5.491754918363091
3.0816583199153347 6.56432921923243 4.2937966257503595
3.0816583199153347 5.1971644716261345 4.159491517106511
