3.4468985365586815 7.761161362076614 5.6314012220594245
3.4468985365586815 6.650503179125174 4.972971899557027
3.4468985365586815 6.650503179125174 5.513293744466857
3.4468985365586815 6.922691382236168 6.197253983389527
3.4468985365586815 7.36762239276935 6.18999766741421
3.4468985365586815 6.6698040671484335 5.28639287864442
3.4468985365586815 6.6698040671484335 4.2603498417152545
3.4468985365586815 7.648626459879864 5.678453707630273
3.4468985365586815 8.537189548382255 7.038416713804282
3.4468985365586815 8.537189548382255 6.31735095671541
3.4468985365586815 7.432591165929823 6.204319691953051
3.4468985365586815 7.432591165929823 5.9834545289176
3.4468985365586815 7.432591165929823 5.106913610605404
3.4468985365586815 7.432591165929823 4.5308500010445245
3.4468985365586815 7.699366434680503 5.8946793800269655
3.4468985365586815 7.699366434680503 5.193588621332391
3.4468985365586815 6.537899492392405 5.003596834862454
3.4468985365586815 6.368699522122476 4.558464684781045
3.4468985365586815 6.368699522122476 3.7381491555404462
3.4468985365586815 6.226855423327464 5.009876645610683
3.4468985365586815 5.549188405992567 4.915475828499433
3.4468985365586815 5.549188405992567 3.8797862132816516
5.955878865241797 6.322433702728709 4.635222244551818
5.955878865241797 6.322433702728709 4.744948010651652
3.4468985365586815 6.322433702728709 4.279626313881327
3.4468985365586815 6.268614855651265 4.783572579489661
3.4468985365586815 6.268614855651265 4.29424252514113
3.4468985365586815 5.973441422968833 4.638935295246705
3.4468985365586815 5.973441422968833 4.459391066101177
3.4468985365586815 6.287699273145556 5.080605464835881
3.4468985365586815 7.515063297029604 6.194247418983621
3.4468985365586815 7.040196497934772 4.9000494558403975
3.4468985365586815 6.273252268023938 5.462723913141272
3.4468985365586815 6.456045979077672 5.8441545939961035
3.4468985365586815 7.136358190127259 6.470037095982253
3.4468985365586815 7.627037436381249 6.958041113833739
3.4468985365586815 7.627037436381249 5.269351354271859
3.4468985365586815 7.626365490284339 5.707592826863755
3.4468985365586815 7.626365490284339 4.509357555381005
3.4468985365586815 7.626365490284339 4.2434557564365525
3.4468985365586815 5.995201566771723 4.886155510295143
3.4468985365586815 7.568636981039111 5.408530346332314
3.4468985365586815 7.568636981039111 5.0996275067946675
3.9323462722076497 7.568636981039111 3.1911057492497372
3.9323462722076497 7.568636981039111 4.914067160320071
3.029996134998506 7.568636981039111 5.93480662846793
3.029996134998506 6.764243118703359 5.259367044178257
3.029996134998506 6.764243118703359 4.929520907271127
3.029996134998506 6.679397038321426 4.978469338466485
3.029996134998506 7.488937379757388 6.336000313935237
2.6624075530923474 7.730539868481301 4.201443824372871
2.6624075530923474 7.730539868481301 5.862012766624292
4.497927015950388 7.181559900931765 5.105141240401889
4.145224652402145 5.757057643259188 4.588686718878065
4.156136761909149 6.605694666611843 5.290154794595317
4.145224652402145 6.657286707706184 5.289128271445486
6.890348543233209 6.657286707706184 4.73299947989977
4.156136761909149 6.890348543233209 5.088026572100116
4.156136761909149 6.0510145983556995 5.062511937505755
4.156136761909149 6.452837993054398 5.628925238195455
6.103230174535579 6.452837993054398 4.490581288896319
4.270294854977422 6.103230174535579 4.8003686424852035
3.68971892597865 6.626670512640686 4.665489633222239
3.68971892597865 7.632018581492471 5.4766501194652735
6.584851997918591 6.802377783185509 5.783448530015366
6.584851997918591 6.802377783185509 5.106510967961039
6.584851997918591 6.2947810041978975 5.3046820504710706
4.504779755693598 6.584851997918591 4.703760936286306
4.504779755693598 6.273781025961323 5.885929711927978
4.065650859236214 7.73451962236294 4.4239789850058715
4.649484766093508 7.73451962236294 6.061839054672237
4.630196585172261 6.485594449539121 4.436206279239303
4.630196585172261 6.485594449539121 5.812457756689877
3.3258496450805066 6.485594449539121 4.971952838221939
3.3258496450805066 6.663220461595984 6.027307044309577
3.3258496450805066 7.445711342486652 5.787915351383345
6.395251195809475 7.445711342486652 4.88097422216207
6.395251195809475 6.663220461595984 4.333333420842738
4.262477159598522 6.663220461595984 5.5479646213518174
4.264226542577656 6.156839907046724 4.398777831179079
5.795420636260147 6.145680300731065 3.429207014033975
5.795420636260147 5.965363970725473 4.788889545113736
5.795420636260147 6.944447976504064 5.588910969090842
2.958980752042287 6.702190062894367 2.3748939212683844
2.958980752042287 6.316800449298189 3.5361597700751357
2.41803843873527 5.663856405398278 3.90015416861261
2.41803843873527 6.315501306526524 4.94751235449957
2.41803843873527 6.638257925740586 6.313328143954002
2.41803843873527 6.67366897151971 4.84718166951753
2.41803843873527 5.713672319734563 4.003184204295803
2.3352751938075795 5.713672319734563 3.8383229245747588
2.3352751938075795 4.554665486693317 3.92711994188298
2.3352751938075795 5.0813353732869615 4.670577034367188
2.3352751938075795 6.430410498533469 5.657675223556669
2.3352751938075795 6.572279592417999 5.596574397488091
2.3352751938075795 7.682372363890337 3.720232973740264
2.3352751938075795 7.682372363890337 3.757751859765979
2.3352751938075795 6.519659500626094 5.175353072183852
2.3352751938075795 6.519659500626094 4.751361450363432
2.0427367853579956 6.519659500626094 3.7245193972958823
