3.570383957640296 7.767789215691426 5.270197500624207
3.570383957640296 6.605889000552562 4.65421278635875
3.570383957640296 6.663778227407839 6.297159853056364
3.090397868179999 6.663778227407839 4.673644814552544
3.570383957640296 6.663778227407839 5.04473890830753
3.570383957640296 5.707141148552754 5.010637161540149
3.570383957640296 7.749850755274533 5.140010421671632
3.570383957640296 5.742288991539102 5.453292996493118
3.3957543879548244 5.742288991539102 4.5610761906708
3.3957543879548244 6.469255311221691 5.347556976020145
3.3957543879548244 9.220458097807017 7.8684618761162906
3.3957543879548244 11.060706009747824 7.440496245441811
0.47979698480007515 11.060706009747824 2.6094892757125736
5.213695243371557 4.040325412919007 3.0782178011098513
5.213695243371557 4.040325412919007 3.0555375829918408
3.2544019777157733 5.666210050483084 4.4703764299731
3.2544019777157733 7.331074801853461 4.715525078002529
3.2544019777157733 7.406292889529945 5.845554100039459
2.810037561890866 6.8593276864831445 4.962101983496497
2.810037561890866 6.8593276864831445 4.595821082296365
2.810037561890866 7.007122815213666 4.737259844201023
2.810037561890866 7.007122815213666 5.817572873425987
2.7579569476062926 6.402394726266323 4.47156181600444
2.7579569476062926 8.084478421707178 5.1344253582581665
2.0040382852060294 8.084478421707178 5.184600953154246
2.0040382852060294 6.008575436916107 5.056180910088232
2.0040382852060294 5.743275604864106 4.786044575613506
2.0040382852060294 5.098312043408836 4.4995160174462345
2.0040382852060294 6.447223735645 5.305307254418003
2.0040382852060294 6.624396055943379 4.700915769614054
2.0040382852060294 11.855140935471868 8.094627051316056
2.0040382852060294 11.855140935471868 5.412801624554993
2.0040382852060294 11.855140935471868 3.6868734611889784
2.0040382852060294 6.628980491129415 5.049231604784783
2.0040382852060294 6.655834467971516 6.063757291663796
2.0040382852060294 4.5645261807420034 3.663014500199613
2.0040382852060294 6.275608522519505 5.146164859863058
1.8779454665497544 6.414505452808154 4.668312380915521
1.8779454665497544 6.414505452808154 4.671982719673728
1.8779454665497544 5.8729951499317 3.523805259175125
1.8779454665497544 6.438765861466088 5.521472420753259
5.449738890704747 6.438765861466088 2.8511520126196053
3.5795323530240037 5.522598149817888 4.057142861443088
3.4707272904962854 5.522598149817888 4.1903914079566205
3.4707272904962854 4.944832416222905 4.075917972344319
4.797498255971185 6.918838181165777 4.895892356576349
4.797498255971185 7.160857863700347 6.10382092610044
4.199666168868319 7.160857863700347 5.286476906883606
4.199666168868319 7.160857863700347 5.743432886046735
4.111975074441343 6.285956602125594 4.402564273807671
4.111975074441343 6.285956602125594 5.030270623868654
4.111975074441343 6.522659085586341 6.058704864912625
4.111975074441343 6.522659085586341 5.476048562624779
4.111975074441343 7.533045942186165 4.862518753082769
1.701408448636443 7.533045942186165 4.5861768765049185
5.480181066312426 7.533045942186165 4.311094213839126
3.108870599953463 7.613652015763382 6.389648416683834
3.108870599953463 7.697321689992606 7.322844838191004
3.108870599953463 8.852524547235753 7.094238376256651
3.108870599953463 8.852524547235753 6.070951691156388
3.108870599953463 6.631989943815988 4.981216477431867
3.108870599953463 6.631989943815988 5.244672731930859
3.108870599953463 6.37533567754901 5.806425567551288
3.108870599953463 6.37533567754901 5.434770883566674
3.108870599953463 6.37533567754901 5.467912088327813
3.1003405661842547 6.37533567754901 4.700900108439718
3.1003405661842547 6.613176153242865 4.7909107268726565
3.1003405661842547 6.613176153242865 3.504967420730452
2.0084849761920904 7.440414660191507 5.270902058892765
5.607301122095777 7.440414660191507 5.5425884772093665
5.607301122095777 6.48619082921963 5.338475320590808
5.607301122095777 6.802397446733613 5.200697119894127
5.607301122095777 6.5785582399675455 6.123771046198779
5.607301122095777 7.627922735863002 5.711478184656799
5.607301122095777 7.741347079897835 5.078187754310009
5.607301122095777 7.741347079897835 5.3598136768131
5.607301122095777 5.8156915202483574 6.991837180388112
5.607301122095777 6.2961362160391126 4.8445212522646806
3.0501821718518447 6.2961362160391126 3.788712932716994
2.9894487863069235 6.492037128067892 4.587959578206341
2.9894487863069235 6.492037128067892 4.971060938169082
2.9894487863069235 7.401872662151302 5.313018411373026
2.718046406570789 7.401872662151302 3.345208054607164
2.718046406570789 6.397236764323377 4.091197315687399
2.718046406570789 6.02223864630848 5.522895031460314
2.718046406570789 6.02223864630848 4.919619592898181
2.718046406570789 6.903813330737529 6.392292339264486
2.718046406570789 7.637322378914034 6.491919653855513
2.718046406570789 7.637322378914034 6.104850043210491
2.718046406570789 7.637322378914034 5.255708630311371
2.718046406570789 6.303760028980431 4.173421944900628
2.718046406570789 9.23713428940532 6.2330507510706745
2.718046406570789 9.23713428940532 7.2851776420702326
2.718046406570789 7.645566445737979 6.682415144851292
2.718046406570789 7.6625545628485074 6.623302048323369
2.718046406570789 8.04936478655454 6.5042142994508625
2.718046406570789 8.04936478655454 5.981784088673301
2.718046406570789 8.04936478655454 5.803091029696401
2.718046406570789 7.74413108729612 5.886152817298465
2.718046406570789 7.74413108729612 6.573768363184075
