1.5846488927550912 7.711173555777238 5.548174714285826
1.5846488927550912 7.267751320296695 5.1220835038429655
1.5846488927550912 7.413025367247821 5.658181369775491
1.5846488927550912 8.223579958721462 6.307192004655641
1.5846488927550912 8.223579958721462 5.9607412292495585
1.5846488927550912 8.126387151405662 5.644280789649997
1.5846488927550912 9.074928456490007 6.40384924103273
1.5846488927550912 9.074928456490007 6.133640758170494
0.3604976533817319 7.518105824803666 3.683541830598656
5.028787667065387 5.70633469199548 4.235680381276025
5.028787667065387 6.847766698007675 4.4361890088683165
3.6894625274951065 6.847766698007675 4.3251202864934735
3.6894625274951065 6.105813865640311 5.131382058296413
3.6894625274951065 6.235374149796055 5.583125699065125
3.6894625274951065 7.385412187035897 6.339732419522819
3.6894625274951065 7.385412187035897 5.257104988333342
3.6894625274951065 7.440831900356049 6.369179525661616
3.6894625274951065 7.440831900356049 6.656578521045754
3.4654694140902333 7.440831900356049 5.702624385753406
2.9695363356007722 8.307895121358957 5.512942191279003
3.652708397405761 8.307895121358957 4.234574940233681
5.587751168347946 6.282325757527783 5.8592006441979505
5.757227347099086 7.639012201929223 5.823000158249039
3.9659611901422704 8.167571669881475 6.039026513874634
3.9659611901422704 6.158178812871622 7.36361946199361
3.2497084589822554 10.810174957183817 7.539200210633598
3.2497084589822554 10.810174957183817 5.384943226534748
3.1515881201827622 7.581876899019347 6.179990004534147
3.1515881201827622 7.529242782437503 6.350396474285441
3.1515881201827622 7.529242782437503 5.75673788666906
3.1515881201827622 7.529242782437503 6.587581384309147
3.1515881201827622 7.354156482198269 6.354672400147297
3.1515881201827622 7.354156482198269 4.989046910841232
3.1515881201827622 7.532194582512162 5.622658200231111
3.1515881201827622 7.532194582512162 5.396942870644076
3.1515881201827622 7.532194582512162 5.988476764390104
3.1515881201827622 7.532194582512162 5.839462270907097
3.1515881201827622 6.540587490752614 4.879108705949692
3.1515881201827622 6.0917605145108205 5.603866804445508
3.1515881201827622 6.0917605145108205 4.562379816715352
1.9547038277963762 7.137639943237856 4.444529297251024
1.8791923835236877 7.137639943237856 3.952802225078297
1.8791923835236877 7.76345631002088 5.331837899103342
1.8791923835236877 6.356444814423256 5.149976942709179
1.8791923835236877 5.949151269295218 4.803657745611065
1.8791923835236877 6.051901936915261 4.932869202991199
1.8791923835236877 6.568467635038296 5.595387524557928
1.8791923835236877 6.568467635038296 6.036790004512728
1.8791923835236877 6.568467635038296 3.7656350104543868
2.8775412807578467 6.0968924162010545 4.663082895345159
2.8775412807578467 6.536889470045612 4.94123870267766
2.8775412807578467 6.276390851302889 3.5476282909183317
2.8775412807578467 5.727481601072565 4.21351459778521
2.8775412807578467 6.339953953327047 4.84918435208104
2.8775412807578467 6.98204155811519 5.873786006315321
2.8775412807578467 6.98204155811519 4.5714982875599315
2.8775412807578467 5.6052292498157 5.24401834285658
2.8775412807578467 6.4827976300695305 5.56935265464212
2.8775412807578467 6.0737718919405275 4.8606604712867885
2.8775412807578467 6.349557194433135 5.943181214894579
2.8775412807578467 6.741059316521969 5.535818790499571
2.8775412807578467 6.741059316521969 6.123510448880504
2.8775412807578467 8.94958857026307 6.964164876167724
2.8775412807578467 8.94958857026307 5.283822456956934
2.8775412807578467 8.94958857026307 4.705192233421525
2.8775412807578467 6.665257056163519 5.475336218853877
2.8775412807578467 6.665257056163519 4.564401289980264
6.324798954213076 6.665257056163519 3.855222262356398
3.2360293116795984 6.324798954213076 4.427198025996899
3.9900392153349498 6.324798954213076 4.35381141105643
2.644414944871411 6.324798954213076 4.0886999745777945
3.037147625512802 9.362184440640508 7.191493073899868
3.037147625512802 9.362184440640508 4.8163584795800425
3.037147625512802 9.362184440640508 5.128645276053597
3.663796744287897 6.174982759404553 5.539090927906959
6.1443267146679155 6.37649066984806 4.224925951684731
1.782703333159127 6.37649066984806 2.01389866556714
1.782703333159127 6.570426841894847 5.706266930342915
3.4175730091099976 7.691942964195798 5.295880424707451
3.4175730091099976 6.658260592797088 4.52347906254096
3.4175730091099976 5.706577538937761 5.583579377211997
3.4175730091099976 6.421564089722992 5.92467092924334
3.4175730091099976 6.421564089722992 6.112957048488211
3.4175730091099976 6.421564089722992 4.37161611437527
3.4175730091099976 6.421564089722992 5.065018931713693
3.335083928772644 6.251537250165491 5.211165744950036
3.335083928772644 6.527791139568997 5.888039032239541
3.335083928772644 6.527791139568997 5.126940780095425
3.335083928772644 6.527791139568997 4.61980815297244
3.335083928772644 7.57582668908595 6.366231464443647
3.335083928772644 6.38261705325165 4.539428268104977
3.335083928772644 7.540605239328817 5.665506005294959
3.335083928772644 4.69896669111224 5.45862624917037
3.335083928772644 6.273732023374624 5.752395165755572
3.335083928772644 6.359970277774821 5.753791029030033
3.335083928772644 6.273732023374624 5.802520433996323
3.335083928772644 7.5123719896820695 6.4501204907304075
3.335083928772644 6.8283434200576245 5.01509783787074
3.335083928772644 6.8283434200576245 6.345847737430757
3.335083928772644 6.8283434200576245 5.996318452762849
