1.616887451501324 7.760997424560898 5.453297368023871
1.616887451501324 6.852947096506213 4.054420074130521
1.616887451501324 5.569383939175907 4.457058256800586
1.2367261292855258 6.390333605964869 3.9664166555023592
3.538175009950376 4.686148573130971 4.371760884139469
3.538175009950376 6.330025062530527 5.42556247514961
3.538175009950376 6.314047859857563 4.847258728784022
3.538175009950376 5.991979553569976 4.490963996473982
3.538175009950376 5.713108592409846 4.745990087282173
3.538175009950376 5.713108592409846 3.8845777869817435
3.538175009950376 6.324588153633719 5.062273795367006
3.538175009950376 6.2627455831815055 5.179920361810442
3.538175009950376 5.8714334795837715 4.3208752895994245
3.538175009950376 5.879139311952375 3.8482888296811755
3.538175009950376 6.149004865432303 5.265472922823242
3.538175009950376 6.149004865432303 5.272528926048414
3.538175009950376 6.521465785142372 4.440028298636746
3.538175009950376 6.24818260448944 5.159303387657546
3.538175009950376 6.24818260448944 4.765241184347964
3.538175009950376 6.333079831649144 5.662937183612899
3.538175009950376 6.333079831649144 5.442022191628811
3.538175009950376 7.080667931936366 6.076514158858388
3.538175009950376 7.080667931936366 4.910770777359228
1.9601441839376368 8.979771729567828 5.447748745787847
3.6725502274780735 8.979771729567828 3.61109332110331
3.6725502274780735 8.979771729567828 5.620685368326537
3.6725502274780735 7.364591171406653 4.971495580827119
3.6725502274780735 6.4528495063999785 5.559534383279977
3.6725502274780735 6.791516180318089 5.07634754644556
3.6725502274780735 6.45206552694556 6.144750809269304
3.6725502274780735 6.613780390948573 5.416429944307224
3.6725502274780735 7.12211609579456 5.067090246132057
3.3590270428193176 7.12211609579456 4.622322029756001
5.760872626270054 6.072878724427014 5.536584882876035
5.760872626270054 6.597026142947854 6.215583148164194
5.760872626270054 7.2874815735997664 5.923216336221012
5.760872626270054 7.489297917415755 6.009091384394813
2.982140720777409 7.489297917415755 5.26806300135576
3.7145598085527394 7.000783190497145 5.356182245519012
3.7145598085527394 8.64016484849273 6.741714108918609
3.7145598085527394 7.718603060551564 5.638679847164427
2.805667790261556 7.5560106036591606 5.189868850006709
2.805667790261556 7.5560106036591606 5.264050172253414
2.805667790261556 7.60909341791394 5.833338038545454
2.805667790261556 6.272402306384947 5.092968571964445
2.805667790261556 6.582278365647429 5.505984027239593
2.805667790261556 6.950023297243067 6.421169341204054
2.805667790261556 6.950023297243067 5.746978851070981
2.805667790261556 7.307473537443077 5.528168809117325
2.805667790261556 7.307473537443077 5.898149774226128
2.805667790261556 7.749627484827432 6.399474069560134
2.805667790261556 7.735995997787166 6.137936804182527
2.805667790261556 7.735995997787166 4.124359303089906
2.6618065332102536 6.519322436002252 4.232815509372671
4.926661040955953 7.086014119850606 5.637262541559574
6.239642047169124 7.086014119850606 4.1941850872593305
3.508134746153861 7.1918761560767965 5.809782588490131
3.508134746153861 6.3860911700453045 4.520673509569866
3.508134746153861 6.3860911700453045 4.1626347119559455
3.6188933661579417 6.542460353583742 4.727434663203073
3.4273273361133794 6.647943458951499 5.635453807676539
1.874538019894406 7.434634543156818 4.822301364319262
1.874538019894406 7.434634543156818 4.334895311759592
3.3329579392471023 6.5885364101065065 4.337792087027323
3.3329579392471023 7.378750632532524 6.051153420413345
5.556968801676156 7.378750632532524 4.834003185562153
3.346836743481895 6.723785849556945 6.388953773787572
3.1013019088779363 6.654719152915039 4.111696921805259
2.8583675370438297 6.382114548352465 3.5702673355645884
2.8583675370438297 7.663761341081422 5.53596259815913
2.653729904320294 7.663761341081422 3.3490361088901945
2.091437825519535 4.778328661886789 3.0135319385932133
4.972174891708175 6.653169833793822 5.825042932044665
4.972174891708175 6.699895713461725 5.733381039032366
4.972174891708175 6.699895713461725 4.304685844278261
4.972174891708175 6.8410810130187 4.987864117679257
4.972174891708175 7.899051083699632 5.7910855403505686
4.972174891708175 8.211471562540023 4.50404075978933
4.972174891708175 8.211471562540023 5.1166631314848985
3.043342496340412 8.211471562540023 5.561474273222309
3.876949334765634 7.686973982663833 4.464857680015881
2.8079683562687703 5.320527788310635 4.044738492367447
3.8895237886887526 6.696118611401282 4.9741237008743155
2.8079683562687703 6.696118611401282 4.857652378693434
3.8895237886887526 6.349498563931135 5.875758733366613
3.8895237886887526 6.349498563931135 4.967794557252737
3.8895237886887526 5.717700369593381 4.216474561068396
3.8895237886887526 5.405045757346567 4.659549841553564
3.8895237886887526 6.471608692142539 4.608768609308939
3.8895237886887526 9.28297788709687 6.032534213206916
3.8895237886887526 8.168582757648695 4.898630951090708
3.8895237886887526 6.513308713488435 5.599862620514695
3.8895237886887526 7.429515093679035 5.348051996981166
3.8895237886887526 7.429515093679035 5.293956570373271
3.8895237886887526 7.429515093679035 4.323907754369171
3.8895237886887526 7.7828095545268035 6.3337377430492054
5.2963712014593405 7.7828095545268035 5.322215894400211
3.3708888001770565 7.7828095545268035 5.52188612493676
3.3708888001770565 6.480059646949648 5.381103676970428
2.904453074382602 7.736557406769487 5.483242876107741
