3.241304231334699 7.779838677925943 5.536239132738916
3.241304231334699 9.061869868697062 6.904189556068499
3.241304231334699 9.061869868697062 7.3869826847151385
3.241304231334699 8.002861131732736 5.272476300074394
3.241304231334699 8.002861131732736 4.730790772380261
3.241304231334699 6.307661152537662 4.982920757714265
3.241304231334699 6.307661152537662 4.879022474804066
3.241304231334699 6.074388051780854 5.7980381704579225
3.241304231334699 6.15078396052089 5.145660822546177
3.241304231334699 6.484137769855476 5.298167329953267
3.241304231334699 8.23409380225063 7.182359304233936
3.241304231334699 8.23409380225063 7.241171811512791
3.241304231334699 7.95365553344914 5.388509519738426
3.241304231334699 7.664196530364688 6.083313484743102
3.241304231334699 4.199548030477832 4.896047896393563
3.241304231334699 6.799198377272537 5.247593747495927
3.241304231334699 7.231758279051 5.835762111437605
3.241304231334699 7.231758279051 5.342162033011366
3.241304231334699 7.231758279051 6.22736103249037
3.241304231334699 7.210993650415299 4.259088931592372
3.241304231334699 7.1215911164468135 5.285525898197993
3.241304231334699 7.67504506785694 6.501962474501827
3.241304231334699 7.67504506785694 5.690433175869047
3.241304231334699 7.67504506785694 5.003913483288843
3.241304231334699 6.530031849087617 4.399926593875155
3.241304231334699 6.26887136136936 5.870759430383613
3.241304231334699 6.384916609071784 5.229789929925315
3.241304231334699 6.384916609071784 4.341999752049204
3.241304231334699 6.755275032120876 5.933205581536968
6.010860374692321 6.755275032120876 4.477242614302662
6.010860374692321 6.755275032120876 4.775356998113686
6.010860374692321 6.648895053682949 4.981648194800729
6.010860374692321 6.648895053682949 6.034795309070695
6.010860374692321 6.648895053682949 5.393101300357796
6.010860374692321 10.084628686626447 6.452358289462076
6.010860374692321 10.084628686626447 5.259940117125358
6.010860374692321 7.391442554941072 6.402816255778569
6.010860374692321 7.391442554941072 6.097631544257201
6.010860374692321 6.353743403770892 5.485943450627144
6.010860374692321 6.103951793809117 5.77757309260496
6.010860374692321 6.00087035258624 4.734328702472356
6.010860374692321 6.00087035258624 3.330780688015805
6.010860374692321 6.012222194314081 4.680644953370478
6.010860374692321 6.012222194314081 4.317989562736926
6.010860374692321 4.959198171276778 3.8353203333233012
6.010860374692321 4.175828854426822 3.953806047056076
6.010860374692321 6.596991452783403 5.652174177568408
6.010860374692321 7.661540908784135 6.277589468339198
6.010860374692321 7.661540908784135 5.158719820570202
6.010860374692321 6.020428521799467 5.205611694516655
6.010860374692321 7.353026282485606 4.742137170364413
3.8489173944909933 7.353026282485606 5.234681927953046
3.8489173944909933 6.010860374692321 4.9922947149707415
3.8489173944909933 6.608359381355736 6.060872068704079
3.8489173944909933 9.218149670442488 6.547269738995708
3.8489173944909933 9.218149670442488 5.707008084619824
3.8489173944909933 10.120601399328654 6.931930390088647
3.8489173944909933 13.8336821038183 10.804913714527215
3.8489173944909933 11.502239723151916 10.312281254645798
3.8489173944909933 11.502239723151916 8.591571171430877
3.8489173944909933 11.502239723151916 6.343815510109783
3.8489173944909933 11.382437061345628 6.11518772398553
3.8489173944909933 4.151466735593079 5.887974136372381
3.8489173944909933 6.4104336671392055 4.753595847288519
3.3274036730651173 6.4104336671392055 4.497313833906545
0.8893893608100147 5.5153491903484415 2.443254733817714
3.334485306620071 4.983307627625514 3.839308362705725
3.24092225010093 5.181229744593082 4.9227544283067
3.24092225010093 5.778810611087529 5.2693223086800165
3.24092225010093 5.778810611087529 5.146577197863349
3.24092225010093 6.390990010112219 5.574041715290064
2.5441017355662905 6.390990010112219 3.5882363087185727
2.1069105711331884 5.09593058907938 2.4113561474187923
2.1069105711331884 6.715147568560575 6.183659439098575
2.1069105711331884 6.715147568560575 5.710377255574351
2.1069105711331884 10.248303512999831 6.8815829115429015
2.1069105711331884 10.248303512999831 6.386458270289619
2.1069105711331884 7.742938171866088 6.8377765607069145
2.1069105711331884 7.5508905441176495 4.852482782940094
2.1069105711331884 8.950434528747136 7.883302019971919
2.1069105711331884 8.950434528747136 6.410423076432493
2.1069105711331884 10.189246588580756 6.71157029652926
6.322076091055468 9.596029001602252 4.129445476788034
2.1069105711331884 9.008772258032886 6.506798995144685
2.1069105711331884 9.008772258032886 7.479091829615417
2.1069105711331884 9.205174474413631 4.484548959920421
2.1069105711331884 9.205174474413631 4.994821646038402
2.1069105711331884 6.039130841506829 5.47363890383651
2.1069105711331884 6.039130841506829 4.66150234217355
2.1069105711331884 7.694780976125774 6.477265279829574
2.1069105711331884 7.694780976125774 6.178437248824172
2.1069105711331884 7.694780976125774 5.290650775223329
2.1069105711331884 7.631013270165678 5.451409389208924
2.1069105711331884 7.762924586865573 7.076745991230961
2.1069105711331884 7.635120458267458 5.871652786055826
2.1069105711331884 7.635120458267458 5.966459334036139
2.1069105711331884 6.055038235501762 5.6565523697644515
5.8012637197088885 5.719098606029352 2.3379932283334632
2.1069105711331884 6.678730378778493 5.595873453632642
2.1069105711331884 7.739071961614709 5.87058749356422
