4.968313273519502 7.704009188547911 5.46342324776703
4.968313273519502 7.659918373947212 6.3519683550100305
2.686495903304451 7.659918373947212 4.488484272333747
5.024138789504477 6.464889458384292 4.352184691141718
6.412838123944237 6.2354410889878835 4.854473279787881
2.5931416406959795 6.9765694567553584 4.712563698950574
2.5931416406959795 6.289157552208678 4.715174972399196
2.5931416406959795 7.767244932122036 6.596397790334962
2.5931416406959795 6.8467313995504036 4.963074656706877
2.5931416406959795 7.664949691705068 5.7727712480088496
5.497604337312584 7.377726174349004 3.757323901105318
5.987639471126144 8.647048846277773 5.344531127611007
4.375468102799825 8.647048846277773 3.7885557786606507
4.375468102799825 6.082023225474114 5.79579508128834
4.375468102799825 6.592394614140577 6.674828998363929
4.375468102799825 7.739753766532926 6.6435258166557265
4.375468102799825 7.785694116625534 6.287493786668172
3.3919005938096416 7.739753766532926 4.404353285586574
3.3919005938096416 5.449012482298695 4.9562144156331245
6.138153482359282 7.419541513842274 5.471250136080939
6.138153482359282 8.759717751149442 7.5777777518939695
6.138153482359282 8.759717751149442 6.623310027323023
6.138153482359282 8.759717751149442 6.7297266622156595
6.138153482359282 8.860815066937771 7.536611314986257
6.138153482359282 8.164265793702162 5.794829660649274
6.138153482359282 8.164265793702162 4.429570723487273
6.138153482359282 6.513713594759416 5.822528055700495
6.138153482359282 6.692874650375494 5.130143236428173
5.680967173029405 6.40683420904147 3.7593745822498255
5.680967173029405 6.138153482359282 4.613799896173629
3.959349061480378 6.612370643232069 6.250892842592313
3.668924660773446 6.612370643232069 5.190624874197349
4.420465411995629 8.339497594350236 7.362043005949873
4.420465411995629 8.339497594350236 7.0384044361677
4.062019922697605 8.339497594350236 4.275067512603563
5.67529271832754 6.6691010587654596 4.468867683842864
3.228475865946994 6.6691010587654596 4.347609830242748
3.228475865946994 6.121911539136818 5.193652822937554
3.228475865946994 7.637356975376903 5.7706453227970576
3.228475865946994 7.637356975376903 5.669789825083325
3.228475865946994 7.031623922951869 6.509188019330947
3.228475865946994 7.550904515366982 6.790094961248327
2.9793040276220464 7.031623922951869 4.4866608429471775
2.9793040276220464 6.14294859671698 5.297907196493752
2.9273007766769763 5.832247106155926 5.167880088442687
2.9793040276220464 5.832247106155926 4.787007979289445
2.9273007766769763 6.510706489912248 5.393298236536744
2.9273007766769763 6.510706489912248 4.526150008766315
2.9273007766769763 4.584602159083545 4.055379582785296
2.9273007766769763 7.5646820830341515 6.27758779919681
2.9273007766769763 7.5646820830341515 5.256537072690464
2.9273007766769763 6.390275038629223 6.170996101790931
2.089242619127035 6.413269855287325 4.465762345965318
2.089242619127035 6.413269855287325 3.48900552911187
2.089242619127035 6.187922970885104 4.476923348180224
2.089242619127035 6.470825460602825 4.820916987267453
2.089242619127035 7.071519313479207 4.1108953001959465
1.2718870560434934 6.507996603876585 5.402260646308831
2.9606084563112316 7.506727849935281 6.574487195088259
2.9606084563112316 7.506727849935281 5.031765759628244
5.569876292299117 6.352076483089082 4.0476190184483105
2.9606084563112316 6.4146311838449535 5.292852156495635
2.9606084563112316 6.478317751015531 5.2315567330980945
2.9606084563112316 6.478317751015531 5.684580768562553
2.9606084563112316 6.139932368914227 4.730692421237341
2.9606084563112316 6.139932368914227 4.569901999642803
2.9606084563112316 6.139932368914227 3.8334188586022764
2.9606084563112316 6.185575208364973 6.907231967358975
5.32292382359439 7.405639582096434 4.122032762749097
4.363610791682408 6.113057961757619 4.63374767820812
5.57868222526654 6.4351703712690735 4.770036264658543
4.363610791682408 5.935538940787282 6.581207649938507
5.921310180616306 6.290392588020637 4.840499242862398
5.965963864684884 6.290392588020637 5.2289404256327305
2.59839207774418 5.965963864684884 4.4294011592506335
3.8242352932285795 5.689799827104373 4.3134455815908375
3.148602707730142 5.689799827104373 4.897052372173959
2.6427885622553586 7.64991876516968 6.0219107312958045
2.6427885622553586 7.64991876516968 4.648535448271425
2.6427885622553586 6.037131684150079 3.8657238952387143
2.6427885622553586 6.676275267455882 5.559126250947388
2.6427885622553586 6.676275267455882 5.282535327846902
3.0497906809996675 6.599803829326035 5.948337347140306
1.7188160705245008 6.2271538474883315 5.355274277528907
1.7188160705245008 6.2271538474883315 4.10582994647751
3.0497906809996675 6.728507706856112 5.35398886825089
3.0497906809996675 8.640087732893182 7.052627309044442
3.0497906809996675 8.640087732893182 6.423160170393016
3.0497906809996675 6.617387235976064 5.333358093257666
3.0497906809996675 6.649049038458511 5.166611681630968
2.6602941185626645 7.582405709579948 5.234699430378463
2.6602941185626645 7.582405709579948 3.510311047312377
2.6602941185626645 6.073929215116781 3.8553707046257437
2.6602941185626645 4.076345649632906 3.6132696752297533
2.6602941185626645 5.865652459384531 4.422127532151938
5.627172709379277 7.671923249291591 4.90870695190681
3.304353037227824 7.671923249291591 6.104991639857571
2.7739006979394927 7.671923249291591 4.753712050529237
2.7739006979394927 7.345289301270613 6.4639112951555004
2.7739006979394927 7.345289301270613 5.381037331973894
