4.321219273004505 7.581572567719141 5.485918063861434
4.321219273004505 6.588035796082114 4.604015261827378
4.321219273004505 6.641763332242018 5.306289798318914
4.321219273004505 7.659887674150749 5.847061850518597
4.321219273004505 7.659887674150749 6.63734376311642
4.321219273004505 8.33404071589336 7.755783533131758
4.321219273004505 8.33404071589336 5.921240315342463
4.321219273004505 7.69672101406119 6.340600663689734
4.321219273004505 6.264083960537029 5.961032170173574
4.321219273004505 6.264083960537029 5.588012674451664
4.321219273004505 6.265639180958015 5.666272665376658
4.321219273004505 5.853525591072518 5.200601532610767
4.321219273004505 5.837999004630099 3.9287743696454593
4.321219273004505 5.837999004630099 5.021724248769007
4.321219273004505 7.5191080295141735 5.350846213235639
4.321219273004505 7.5191080295141735 4.941953993997328
4.321219273004505 7.5191080295141735 4.493542410172875
4.321219273004505 6.002688518111686 5.07138802128579
4.321219273004505 5.940397399733442 5.1513931525696
4.321219273004505 7.3525391586327995 5.027119726747601
4.321219273004505 7.3525391586327995 5.667086323990417
4.14102415803433 6.673246882482044 5.352798584628995
4.14102415803433 7.595788856297469 6.051295217189972
4.14102415803433 7.595788856297469 6.171245199912114
4.14102415803433 6.350572692422155 6.1165684347335825
4.14102415803433 7.524286829325076 6.77911308978536
4.14102415803433 7.524286829325076 5.356549592683437
4.14102415803433 6.6582564281785395 6.229919423271363
6.422134700776919 6.657026565210206 4.658877829551639
2.5462925457307084 6.422134700776919 3.936539631016261
1.6990363605908034 6.422134700776919 2.81203751488235
1.6990363605908034 6.372798443732645 4.963062947770872
1.6990363605908034 6.372798443732645 4.175195820552277
1.6990363605908034 8.419526819709251 6.424006615497944
3.8506776197980916 8.419526819709251 4.72538736517802
1.6990363605908034 8.419526819709251 5.636649392829689
4.123112029560879 5.890753849755534 2.759698028668372
3.8506776197980916 7.332716793299468 5.620215943603265
3.8506776197980916 7.332716793299468 6.723605917692812
3.8506776197980916 7.332716793299468 4.9442289380914755
3.8506776197980916 6.958411258052497 5.178437347433712
3.8506776197980916 6.958411258052497 4.470110544770028
3.8506776197980916 7.574658721049998 6.054328019896489
3.8506776197980916 7.388892645422752 4.655154859523714
3.8506776197980916 7.388892645422752 5.839406585014076
3.8506776197980916 7.053009904202023 6.116946366887
3.8506776197980916 7.053009904202023 5.771616484055712
3.8506776197980916 7.640677501814697 5.488457522729001
3.8506776197980916 7.4265259847187295 6.274107684899727
3.8506776197980916 7.4265259847187295 5.587188533118313
3.8506776197980916 7.4265259847187295 3.850123544645376
3.8506776197980916 7.4265259847187295 4.629133997112332
3.8506776197980916 7.4265259847187295 4.3916997863977985
3.8506776197980916 5.234265213040356 3.450947629823684
3.8506776197980916 6.118107540611362 4.856127785288114
3.8506776197980916 6.118107540611362 4.660768866264837
3.8506776197980916 6.453302114344705 4.382007931800632
3.8506776197980916 6.453302114344705 5.355962088630052
3.8506776197980916 7.415051794727594 5.834024371876638
3.8506776197980916 5.7984452076004835 5.025504194480962
3.8506776197980916 6.96784328411672 5.176463709419241
3.8506776197980916 6.919603491153996 5.1238307986570195
2.9245997058306696 6.919603491153996 4.3245263463529
2.7766912331539015 6.919603491153996 4.27936041447779
2.6354474942236377 6.919603491153996 4.690694633748593
2.6354474942236377 6.330789924491235 4.419582979823173
2.6354474942236377 6.330789924491235 5.056087631059826
2.6354474942236377 6.258451742720446 4.384704951785636
2.6354474942236377 9.052431966721189 6.7048582151468565
2.6354474942236377 9.057003358612418 7.5023584519131274
2.6354474942236377 9.057003358612418 4.584106453181266
2.6354474942236377 6.602046374556391 5.614738573581182
2.6354474942236377 4.181953633876628 3.0688132707034153
2.6354474942236377 6.117665478101532 4.1461912461714805
2.6354474942236377 6.385428561428398 5.929312549127616
2.6354474942236377 6.385428561428398 6.017879150508096
2.6354474942236377 7.578401144691499 6.718964313963443
2.6354474942236377 6.149078301472382 5.461309151293685
2.6354474942236377 6.23345217108464 3.81566591172301
2.6354474942236377 6.149078301472382 4.382048036136835
2.6354474942236377 7.712438201745243 6.7887628124334904
2.6354474942236377 6.424995903220516 6.144494522231636
2.6354474942236377 6.590058776028108 5.946868408447779
2.6354474942236377 6.590058776028108 5.872699728494016
2.6354474942236377 6.258827031646302 6.189625371170438
2.6354474942236377 8.088805976940757 6.8769237272067585
2.6354474942236377 8.088805976940757 6.385858238756178
2.6354474942236377 7.302295414012608 6.585652130943763
2.6354474942236377 7.302295414012608 4.529638623825318
2.6354474942236377 7.307127750606734 5.371111604577457
2.6354474942236377 8.98465763278601 7.130173356878322
2.6354474942236377 9.690407900118448 6.814173759491058
2.6354474942236377 9.690407900118448 6.133892699931087
2.6354474942236377 9.690407900118448 5.73360946515655
2.6354474942236377 6.786702130139103 5.037315111614704
2.6354474942236377 4.4464904608348235 5.768170420122499
2.6354474942236377 7.092762713350341 5.049863121211121
2.6354474942236377 7.092762713350341 5.6754829820760495
2.6354474942236377 6.998838844772372 5.564719920133196
2.6354474942236377 5.906271649058667 4.730178645815741
