5.600521674080113 7.770470101828028 5.265070492764149
5.600521674080113 7.770470101828028 5.791772587633705
5.600521674080113 7.261587697692351 5.0243024914685614
5.600521674080113 7.261587697692351 4.080902257268975
5.600521674080113 4.957040721577865 3.7369759069812782
5.600521674080113 5.995866890876201 4.788651005672551
5.600521674080113 5.995866890876201 4.681832548826426
5.864458960129205 7.906919315939369 5.705846465320652
5.864458960129205 7.906919315939369 5.706278170543611
4.957040721577865 6.409087062725465 6.158302459108232
3.9341850677385115 6.409087062725465 4.428996068148366
5.151710475822227 7.153324503459281 4.978560063849758
5.151710475822227 7.153324503459281 4.886147158003332
3.6170917699768244 6.103487288425011 4.7366285900501035
6.335549175577473 5.809537240371409 4.369722615326875
6.335549175577473 6.535124245407555 5.615229860452769
6.335549175577473 6.503591408867514 4.31346116134794
2.9615384942425824 6.335549175577473 4.382033421763269
2.9615384942425824 6.335549175577473 4.9293610442720714
2.9615384942425824 7.526734808605454 5.188518685380655
2.9615384942425824 8.56533706305029 7.640495397022875
2.9615384942425824 8.56533706305029 6.318613722786251
2.9615384942425824 8.56533706305029 6.936972776747679
2.9615384942425824 8.56533706305029 4.7903149264245215
2.9615384942425824 7.739076636515671 5.390877180012763
2.9615384942425824 7.540857219381941 5.7798152893473045
2.9615384942425824 7.540857219381941 5.123326587524057
2.9615384942425824 7.540857219381941 4.421438635354496
2.9615384942425824 7.721781276904473 5.516256492851743
2.8081059452247783 7.721781276904473 3.6495547803368207
1.0205669810725095 6.129421033606864 4.752377686238878
2.8081059452247783 7.574494563559366 5.258631828106681
2.8081059452247783 7.574494563559366 5.52707470836175
2.8081059452247783 6.909226816825022 5.756594243173556
2.8081059452247783 6.613280130435868 4.798997705853156
2.8081059452247783 8.566493834785518 6.793828127464698
2.8081059452247783 11.959188309237037 8.208276688849198
2.8081059452247783 11.959188309237037 6.2258592430440105
2.8081059452247783 11.959188309237037 5.158931525682025
2.603036318398861 6.938263804921386 4.685405742562691
2.603036318398861 6.938263804921386 4.162924800529887
0.9267187399207306 5.748429814249189 2.6761117576941955
1.184524112377741 5.152864285072681 3.6857541521712425
1.184524112377741 5.31991296141431 3.510951132127917
1.184524112377741 6.64613207443977 4.578815459868185
3.0441848269590044 4.524673001809642 3.2197837797993976
3.0441848269590044 4.524673001809642 2.864198594755378
3.0441848269590044 6.133718363329276 5.345533707980832
3.0441848269590044 7.647311202346263 5.203556756887044
3.0441848269590044 7.647311202346263 4.546974063374248
3.0441848269590044 6.614079076770285 5.610805180768266
2.0765348202388023 6.265633917837366 4.816973230719915
2.0765348202388023 5.9887781968076474 5.106151442087083
2.0765348202388023 6.7242095636989365 6.119899262138213
2.0765348202388023 7.0914231726291685 4.9936871850436
2.0765348202388023 7.0914231726291685 4.6060179410053514
2.0765348202388023 4.5550744320945284 3.9402417208811067
1.3170176121532013 4.565769871363123 4.022568415534232
5.329384642457068 6.122251990280411 4.219051635151153
3.0899308077927086 5.800905098519767 5.003543877879525
3.0899308077927086 7.562361104016716 5.893329388607203
3.0899308077927086 7.562361104016716 6.333127881054428
5.642569020226759 7.6160118337833715 4.976664847647286
4.407873300514613 7.6160118337833715 4.862073239672856
3.1130306537399908 6.486545069562922 5.25349832702402
3.1130306537399908 6.486545069562922 4.6928004248845925
3.1130306537399908 6.510743443920493 6.049654717353344
3.1130306537399908 9.746722917927741 7.247457670502278
3.1130306537399908 7.017101429088212 5.821877146670239
3.1130306537399908 7.70952315017351 6.7283762249477785
5.555778464754951 7.175667620341164 5.312032150476979
4.521216746045511 7.175667620341164 5.007713379026395
3.2302787725832514 7.175667620341164 3.694455113503171
4.537982635656316 6.883967595042289 4.848717011326858
2.5675603315027975 7.021432471331572 4.181291484756981
2.5675603315027975 7.021432471331572 5.232298899606845
2.5675603315027975 6.931195930782037 4.854438408137685
5.168486041530386 5.5175609460637105 2.6186530449326053
5.816168366326107 5.5175609460637105 3.393202453069135
3.2208051061316785 6.196420227326033 5.381289444680441
3.2208051061316785 6.196420227326033 5.034407989029599
3.2208051061316785 7.534821801174992 5.973767807256264
3.2208051061316785 7.534821801174992 5.8335696530336225
3.2208051061316785 6.974532792937126 5.0874080651969855
3.2208051061316785 7.6972453131266665 5.9478889226040925
3.2208051061316785 7.6972453131266665 4.633651975128773
3.2208051061316785 6.641885028960207 5.4316387010736085
3.2208051061316785 6.641885028960207 5.58740794590718
4.423401322904944 6.641885028960207 4.689209521550969
4.1530605179130795 7.602168996258126 6.560734662023914
4.1530605179130795 7.714937597009351 5.517889614930271
3.993646454280402 7.714937597009351 5.48889043207982
3.993646454280402 6.4496585007187015 5.089365241988417
1.7299888079070382 6.4496585007187015 3.900555541758143
1.7299888079070382 6.6646462788520715 4.917176279279696
1.7299888079070382 7.282607599438402 5.374962359135224
1.7299888079070382 6.38908251208964 5.247393193963603
1.7299888079070382 6.597694125629431 5.55174665582222
1.7299888079070382 7.015455730779367 6.174100977120205
1.7299888079070382 7.015455730779367 5.220272289102683
