5.595262936317276 7.776972404627989 5.30080774886855
3.748628100623766 7.770136499100547 4.688862026342524
3.748628100623766 6.999785128821394 5.687360196184858
3.748628100623766 6.999785128821394 5.583160526315193
3.748628100623766 6.3446834196954285 4.942021356664579
3.748628100623766 6.198053860764215 5.234244117408017
3.748628100623766 6.198053860764215 5.110126336980119
3.748628100623766 7.624244666590574 5.5751299570803585
3.748628100623766 7.624244666590574 5.054022394406234
3.748628100623766 7.624244666590574 6.188072042247504
2.909070483344053 7.20160631511934 5.9251970553805915
2.909070483344053 7.20160631511934 5.263048051135662
2.909070483344053 6.189467272609207 5.6862122400398585
5.965208627554272 6.263608756851578 4.265355150592394
2.909070483344053 6.73958797835529 5.61784863625028
2.909070483344053 6.73958797835529 6.057743106102039
2.909070483344053 7.630756950028179 6.208037863308146
2.909070483344053 7.630756950028179 5.5018136640664865
2.909070483344053 7.379928953389191 5.306261940970762
2.909070483344053 7.379928953389191 5.6697954246861775
2.909070483344053 7.4790770115213245 5.634720963333959
2.909070483344053 6.712056854197446 6.004202414439136
2.909070483344053 6.666233087385848 6.4511749723255125
2.909070483344053 7.087296556975961 6.363315171613178
2.909070483344053 7.0566075362795395 6.461261531591715
2.909070483344053 7.77173832853442 6.657770539175041
2.909070483344053 7.77173832853442 5.597056719069756
2.909070483344053 7.77173832853442 6.733072538506426
2.909070483344053 7.494496438952012 4.383684338855481
2.909070483344053 6.3165710691216646 3.87411411187122
2.909070483344053 6.623096713104701 4.889162671886428
2.909070483344053 6.643474520845828 5.999946330203021
2.909070483344053 7.483625805628883 5.884519709417979
2.909070483344053 8.431465971416182 7.562432833517279
2.909070483344053 8.431465971416182 7.279456646026794
2.909070483344053 8.431465971416182 6.62113453262784
2.909070483344053 7.24956703766523 6.084891960292417
2.909070483344053 6.427874466379677 6.055807835502265
2.909070483344053 6.36877888954886 4.661957257694009
2.8200872436623468 5.799977231638234 3.7018586435565517
2.8200872436623468 6.27334404430967 5.054709642213974
2.8200872436623468 7.669454556800002 6.2807593161592505
2.8200872436623468 7.669454556800002 5.2276711613505595
2.8200872436623468 7.669454556800002 5.853709672421362
2.8200872436623468 6.374959335309779 4.7216231767343695
2.6801993337040675 6.432677964098474 4.824032533089936
2.6801993337040675 6.740696152556318 5.707974330937969
2.6801993337040675 7.3557732988150715 5.832181815146538
3.854503437145333 7.3557732988150715 3.6578839895772797
7.07537060165275 7.3557732988150715 2.047818241728353
6.392913217647962 7.07537060165275 3.7213595627312896
6.392913217647962 5.570230552691321 3.3746702464277702
6.392913217647962 6.499574557658946 2.867173730035972
2.960403671531808 6.392913217647962 3.8185150251079394
2.1246261465405536 6.392913217647962 3.4070722763066925
2.960403671531808 6.392913217647962 4.756818589014698
2.1246261465405536 7.6989632551959115 6.3631131204472595
2.960403671531808 7.6989632551959115 4.19253370114595
2.960403671531808 6.469582709130663 4.914468005722353
2.960403671531808 6.5060065180362905 4.868018587202118
2.960403671531808 6.637356392437805 4.7652748121332404
2.960403671531808 6.637356392437805 4.0801215866424005
2.960403671531808 6.637356392437805 4.017208187356398
2.960403671531808 6.887350903837618 4.785720744111276
2.960403671531808 6.391596835667656 4.773564165525686
2.960403671531808 6.559484708733823 4.936517125948105
2.960403671531808 6.839010136331689 5.6158543425970615
2.960403671531808 6.564956398380353 6.185173880639538
2.960403671531808 6.564956398380353 5.671349910628681
2.960403671531808 6.564956398380353 5.067686231241572
2.960403671531808 6.376071589065496 4.915674258367745
2.960403671531808 7.2611896698104115 5.0630625369269335
2.960403671531808 7.2611896698104115 5.410276290968032
2.960403671531808 7.452512495921608 6.369949990316477
2.960403671531808 7.452512495921608 5.84983032414797
2.960403671531808 6.1711951202184245 5.075277362630222
2.960403671531808 7.2105197103723615 4.696083699711831
2.960403671531808 6.645433567432221 5.935700496653954
2.960403671531808 7.839243189590901 6.533061157831705
2.960403671531808 7.839243189590901 4.188870195556751
2.960403671531808 4.283260523075747 3.530105250634549
2.960403671531808 7.40392247235887 5.639106152649086
2.960403671531808 5.289642100440812 4.6847371803934355
2.960403671531808 6.055008148565644 5.800199883768888
2.960403671531808 7.197582059445546 6.222814605216959
2.960403671531808 7.197582059445546 6.6811987328308104
2.960403671531808 7.197582059445546 5.449149330149162
2.960403671531808 7.197582059445546 5.013248110484311
2.960403671531808 6.24830416113533 4.573707705556562
2.960403671531808 6.559030937658854 5.947895670444606
2.960403671531808 6.559030937658854 4.577462612879723
2.960403671531808 6.559030937658854 4.835739616338353
2.960403671531808 6.559030937658854 4.449758485283436
2.960403671531808 7.523661080167681 5.841429392789547
2.960403671531808 7.523661080167681 5.006153319127923
2.960403671531808 6.581914437855847 5.679355470092047
2.960403671531808 7.100005191795162 6.380735058132609
2.960403671531808 7.100005191795162 6.124164128129033
5.133501373980113 7.100005191795162 3.449494354891606
3.156888267003389 6.298165309051193 4.099567300925697
