4.4476632415195105 7.777664834387737 5.4308436198084475
4.4476632415195105 6.60808352046698 4.681941177174024
4.4476632415195105 5.629888545607098 3.8617015173736657
4.4476632415195105 6.999065072813925 5.178567167445783
3.2534759578894783 6.999065072813925 2.8310020464239223
3.2534759578894783 5.639952864982053 4.874941131231695
3.2534759578894783 7.502947242326572 5.508809858188644
3.2534759578894783 7.502947242326572 5.12593252103204
3.2534759578894783 7.579804362169938 6.21315656386542
3.2534759578894783 7.608982271913074 6.950716061172332
3.2534759578894783 7.579804362169938 6.039012000069309
3.2534759578894783 8.691621376918738 7.14962653224958
3.2534759578894783 8.691621376918738 6.003696455426
3.2534759578894783 7.425707731368167 6.771706771774509
3.2534759578894783 7.68704195284608 6.470875233546336
2.795736253029553 7.68704195284608 6.04464820659892
5.74589125230138 7.68704195284608 5.460318727178777
5.74589125230138 6.315455209263082 4.4015321424219405
5.74589125230138 5.6500913659611705 4.980137834185858
5.74589125230138 5.6500913659611705 4.0348822427058
4.832724844327554 7.588078777530727 4.836920098912561
3.1923153483053146 7.588078777530727 4.700082847205661
3.591746864075905 7.118941134892983 5.143817926163191
3.1923153483053146 7.118941134892983 6.166549273392248
3.1923153483053146 7.118941134892983 4.517965256283092
3.1923153483053146 6.498665071177982 5.686314619340244
3.1923153483053146 7.358851242098591 6.816370474464538
3.1923153483053146 7.4756350531598645 6.5735342170518445
3.1923153483053146 9.323630879832276 7.965947525136748
3.1923153483053146 9.323630879832276 6.579053125139896
3.1923153483053146 10.398561829210848 7.7820622359126865
2.8582646704135546 6.628403832120288 4.647844540655323
6.330664665288378 7.631374780837424 5.651677127455074
3.5392236406935145 7.631374780837424 5.54459492709108
3.5392236406935145 7.631374780837424 6.000331100240776
3.5392236406935145 6.117140280574844 6.837855337737834
3.5392236406935145 6.969260734424312 6.376460620996927
3.5392236406935145 7.421688650563336 6.232179485642371
4.027871492229899 7.750461571360894 5.732195380291869
4.027871492229899 7.750461571360894 6.275447041001388
4.027871492229899 7.421688650563336 4.626620021534553
4.027871492229899 7.630539112901403 6.169274700978726
4.027871492229899 5.322528321600629 4.679138618573531
1.0449201003097603 5.322528321600629 3.4439004989655575
3.455052035263027 4.936000292829835 4.292014733489845
3.455052035263027 5.959476057455486 5.507361155647849
3.455052035263027 8.602106006312008 6.892465948409604
3.455052035263027 8.309318994436858 6.6867876064086555
3.455052035263027 8.309318994436858 5.392566891858126
3.455052035263027 8.309318994436858 5.014612082398453
3.455052035263027 5.984584119883092 5.491353382765502
3.455052035263027 6.024268009982247 4.981978878887409
3.455052035263027 6.8862972501667326 5.406433292263513
2.5896040455960088 6.61679146545243 4.702783212073771
6.273577257782069 6.61679146545243 3.548243276963332
2.5896040455960088 6.60559257981437 5.555037691102966
2.5896040455960088 6.566499829503066 4.391951537062254
2.5896040455960088 6.566499829503066 4.439601404426107
2.5896040455960088 6.619335039908414 4.762860510062534
2.5896040455960088 6.619335039908414 4.689834382985785
2.5896040455960088 6.619335039908414 5.674709076500408
2.5896040455960088 6.229605761360844 4.718279120971648
2.5896040455960088 6.229605761360844 4.461237727651388
2.5896040455960088 6.215399384774898 5.842208984878023
2.5896040455960088 6.405960215800317 6.103160476440458
2.5896040455960088 7.388101636322613 5.85717143282679
2.5896040455960088 7.695978017377877 6.586986457393896
2.5896040455960088 7.515486132182794 5.469255464075038
2.5896040455960088 7.515486132182794 4.467160400535602
2.5896040455960088 6.378772457095213 5.830503319379165
2.5896040455960088 7.403568790215001 5.693957452260094
2.5896040455960088 7.6906359867223735 6.536099811940704
2.5896040455960088 7.6906359867223735 6.442937967755744
2.5896040455960088 7.6906359867223735 6.4382593918433315
2.5896040455960088 5.758642909818892 7.6155469542795835
5.758642909818892 7.441515500264815 6.478082061890989
5.758642909818892 7.441515500264815 6.67622908805973
5.758642909818892 7.056657189387199 6.019372940619925
5.758642909818892 7.056657189387199 5.412400880078062
3.9925051316628246 6.961380778171394 5.133820909001189
3.229095139062928 6.961380778171394 4.615471134930685
3.667983884883569 6.080461827414883 3.9040432776489524
3.667983884883569 6.0790488064249715 5.80791057690877
4.487425795049155 6.597116195446507 5.853950994290567
4.487425795049155 7.552180248690174 7.147737659148683
4.487425795049155 7.372596589342331 5.756187651392438
4.487425795049155 7.171196579633275 5.9527034395263865
6.488168482008184 7.945086704520225 6.0567504451801755
4.832291342191375 7.945086704520225 4.915318521436332
5.016243155057701 6.488168482008184 4.6515130295357965
1.8531462777770895 6.738127783340559 4.485197435123794
1.1474656725383636 6.738127783340559 3.3380902556539827
1.1474656725383636 6.53058043129915 5.5254910580906005
3.3164689409828836 7.3185909774429625 4.689107439090729
3.3164689409828836 7.687436358669119 5.69059049954998
3.6277111366796686 6.675882147172988 4.228084066850513
3.6277111366796686 5.384361572872667 5.916474587845289
3.6277111366796686 6.580119637386012 6.120946121634244
3.6277111366796686 6.580119637386012 5.266663486930986
3.6277111366796686 6.580119637386012 5.395283377853491
