3.646713127589163 7.781030024717021 5.341096022902938
3.646713127589163 7.553632755992851 5.421506338210677
3.646713127589163 6.760229295679574 4.573981833601091
3.646713127589163 5.318594951606631 4.7968722552207455
3.320219848546817 6.0612432663706635 5.331625976551371
3.320219848546817 6.569524684341637 5.4792566440444626
3.320219848546817 8.869148964378356 7.099319470007456
3.320219848546817 8.924794937141105 6.470111152314523
3.320219848546817 7.627956624733299 4.71288126483572
3.320219848546817 7.627956624733299 6.589779405058554
3.076573049373373 6.659124317994337 4.760983138545732
3.076573049373373 7.582391641916747 5.1527025807817095
6.0108613792276095 7.582391641916747 5.005054455557196
3.076573049373373 10.851959978383324 7.842694706252181
2.179004004645592 10.184149525513325 4.7825550282016795
2.179004004645592 10.184149525513325 5.5929234519487645
2.179004004645592 7.106628112500108 6.081206733516503
2.179004004645592 6.357933967665058 4.7050625671589055
2.179004004645592 6.6766841360774265 5.978700529811618
4.142572253731963 6.6766841360774265 3.7532053182759397
4.142572253731963 7.513067466352947 3.084450986814119
4.142572253731963 7.756753087386043 6.600970645445738
4.142572253731963 7.756753087386043 4.058371281404303
4.142572253731963 7.756753087386043 4.160613829289321
4.142572253731963 5.214950158663488 4.262899082974275
4.142572253731963 5.976421125426665 4.451189208308325
4.142572253731963 6.637774956967526 6.012840574365437
4.142572253731963 6.637774956967526 5.406267723898135
4.142572253731963 6.372441604449168 3.5332245754507827
4.142572253731963 5.442903173867293 4.494715891867359
4.142572253731963 6.946754475629749 5.9134060784359
4.142572253731963 6.946754475629749 4.930669888462756
4.142572253731963 6.629786011761649 5.645333674690643
4.142572253731963 6.489757303136873 5.002606999283579
4.142572253731963 7.600010497152596 6.3515077466507
4.142572253731963 7.600010497152596 4.784650712061515
4.142572253731963 6.092111062475347 4.472827639213304
4.142572253731963 6.205690283191913 4.0741380301693235
4.142572253731963 7.244416969326332 6.115211515508287
4.142572253731963 7.244416969326332 6.080153362669064
4.142572253731963 7.244416969326332 5.720731507572554
4.142572253731963 7.244416969326332 4.405558646438581
4.142572253731963 7.244416969326332 4.5011935529110225
4.142572253731963 6.6288647603729345 5.3481134656966285
4.142572253731963 6.6288647603729345 4.796470037041166
4.142572253731963 7.3381083583577045 5.643862008560521
4.142572253731963 10.13354088676534 8.6829675526854
4.142572253731963 10.002330167804544 8.639943364863447
4.142572253731963 10.002330167804544 7.857675025147903
4.142572253731963 10.002330167804544 7.190916055595027
4.142572253731963 9.555608597353315 6.378878836975682
4.142572253731963 7.4308857883542085 5.939467886336798
3.9549840731966417 7.4039205212395665 5.372767821063544
3.9549840731966417 6.305621329024383 6.031229552392926
3.9549840731966417 6.305621329024383 5.200675145301022
3.6136674318163675 6.192900665190873 5.275698473467989
3.322253874315319 6.436216114886886 4.790678585562046
3.322253874315319 6.683722781678629 6.00306066767378
3.322253874315319 6.683722781678629 4.368452861992467
1.8536394537784138 6.683722781678629 5.754848621501002
2.7223133378670323 6.50701034892267 4.7899929242789865
2.7223133378670323 6.341051146035081 5.282633878084475
2.5166076966884607 6.159423514349072 3.05768048504543
2.5166076966884607 6.021527813686998 3.028515300743209
2.5166076966884607 6.021979027687038 5.111934603823867
2.5166076966884607 5.634142525825684 5.450233115708554
2.5166076966884607 6.983901357070696 6.309293416524246
2.3871756921461764 7.115641228980101 3.9144957226361288
6.1414637435067405 7.115641228980101 5.8258368533859075
6.1414637435067405 7.312709254221648 6.193370371967168
3.2367621958909933 7.254853896849973 6.292113310401832
3.2367621958909933 7.3411276500658555 5.994828180386816
3.2367621958909933 8.167487366677943 6.8011442260030694
3.2367621958909933 8.167487366677943 6.484688130843432
6.187381429167072 8.167487366677943 4.508687148819033
5.778389808240657 6.668863766812766 6.395960409064545
5.5148854943323045 6.668863766812766 6.359424497980903
5.5148854943323045 6.668863766812766 6.058444181689277
5.819946942831791 6.538649518009425 4.542843721781572
2.8488194506613103 6.543781800508281 4.821158081413684
2.8488194506613103 6.526251888426337 5.771012637290207
2.8488194506613103 6.603032486728946 5.844995455825847
2.5868132479546415 6.603032486728946 3.6615499804371154
2.317168746499356 6.603032486728946 3.429802486635678
2.317168746499356 6.526251888426337 4.335128245092118
2.317168746499356 6.525288677822367 5.203691264246995
2.317168746499356 6.525288677822367 5.221088148536179
2.317168746499356 7.673192225410711 6.364929477031154
2.317168746499356 6.579515209465271 5.002756729020693
2.317168746499356 6.579515209465271 4.327227766726044
2.317168746499356 5.93466422389875 4.822282063006135
2.317168746499356 6.003465809723913 4.19259770659475
2.317168746499356 6.003465809723913 4.6291838765551345
2.317168746499356 5.564296885961525 3.7923558140700435
2.317168746499356 7.62068289412443 5.159863766204739
2.317168746499356 7.62068289412443 5.922090772491937
2.317168746499356 7.62068289412443 6.373546890682597
2.317168746499356 7.707132084292613 6.722217800930536
2.317168746499356 7.707132084292613 6.0936963116651315
2.317168746499356 7.707132084292613 5.240836155027622
