2.641837504605921 7.732513125372789 5.673107588775301
2.641837504605921 7.307623904785316 6.194166874037305
2.641837504605921 7.271135912545251 6.479401063021157
2.641837504605921 7.271135912545251 4.339653065892857
2.641837504605921 6.476735863158282 3.656244965233371
2.641837504605921 5.429086515854873 4.195605328895122
2.641837504605921 6.436033073561045 3.9635812432235076
2.241266500517462 6.436033073561045 2.9711592986257345
6.301198787627403 6.599811508375101 5.104832263168991
6.301198787627403 7.49099084905575 5.3779403237040695
6.301198787627403 7.49099084905575 4.875014864020775
3.615578785024781 7.49099084905575 3.615453887184253
2.664196312648454 6.677716333392858 4.976200702264141
3.615578785024781 7.430844171257657 5.869291227243592
3.615578785024781 6.566460543721853 5.511440988207998
3.615578785024781 6.566460543721853 5.586708594613282
3.615578785024781 6.685751342917719 5.67119176387212
3.615578785024781 6.685751342917719 4.645841638944949
3.615578785024781 5.879731439505726 4.995155632874256
3.615578785024781 5.879731439505726 3.803813431248723
3.615578785024781 6.202061880058327 5.6719290064799655
3.615578785024781 6.274744325357208 5.845090397364238
3.615578785024781 6.274744325357208 4.191878932181978
3.615578785024781 6.3711689923579655 4.83170694134437
3.615578785024781 7.2152874243739795 5.734566286763219
3.615578785024781 7.2152874243739795 5.611894639864741
3.615578785024781 7.150089187862751 4.768562153165368
3.615578785024781 6.208858491997383 4.479019098744279
3.615578785024781 6.543104768304612 4.587587600871703
3.615578785024781 6.543104768304612 4.560406314575424
3.615578785024781 6.543104768304612 5.0830844546858875
3.615578785024781 7.609174995813902 6.480075611066096
3.615578785024781 7.609174995813902 6.40390188076625
3.615578785024781 7.2998311150042845 5.991048294129593
3.615578785024781 6.326093586699653 5.348524649056827
3.615578785024781 7.682649104260451 6.591243693681531
3.615578785024781 7.682649104260451 5.283796848732189
3.615578785024781 6.0456651547132445 6.186477311906401
3.615578785024781 6.9403082410209365 5.226718742294028
3.615578785024781 7.028339511659247 5.108636681712504
3.615578785024781 7.028339511659247 5.123041388215804
3.615578785024781 6.488387676612561 4.515154028515926
3.615578785024781 8.37951129402408 5.863338830899591
3.0048142155100064 8.37951129402408 4.747779769896603
2.4668491461140545 5.789188305232823 4.919695777530439
2.4668491461140545 6.47442047057929 5.135445381460841
2.4668491461140545 6.47442047057929 5.154084952120835
2.4668491461140545 6.11010455301119 4.17660076579242
2.4668491461140545 6.5058806195214345 4.7778021900118075
2.4668491461140545 6.5058806195214345 3.733081516133985
2.4668491461140545 6.5058806195214345 4.817750621138579
2.4668491461140545 6.470757761686954 5.089619307714888
2.4668491461140545 6.470757761686954 5.314514982471828
2.4668491461140545 5.516632957082038 4.183899153608451
2.4668491461140545 5.425838090211187 5.0195294113955145
2.4668491461140545 6.98965887428561 5.314774938588295
2.4668491461140545 8.764703430784786 7.128399330037175
2.4668491461140545 7.764874009503657 6.278937995934008
2.4668491461140545 8.07695034509376 5.681521344380246
2.1821632182482564 8.07695034509376 4.25910669199613
2.1821632182482564 6.929175220516303 5.767693213356122
6.229699634831032 6.929175220516303 3.439492709227374
5.5840365053007766 6.229699634831032 5.7955090035638515
5.5840365053007766 7.611615266690761 6.4245985380288495
5.5840365053007766 7.611615266690761 6.274773722435023
5.5840365053007766 7.611615266690761 5.850274114827467
5.5840365053007766 8.243325837591964 7.160328379580454
5.5840365053007766 8.243325837591964 4.612598939120046
5.5840365053007766 3.058915313895423 3.9202642296595376
5.5840365053007766 5.522324930520082 4.321316497074983
5.5840365053007766 6.2344905581454775 4.71682573783107
5.5840365053007766 6.345079307924518 5.428926219440873
3.667217433667194 8.908959535630112 7.016793927953193
3.667217433667194 8.908959535630112 6.478319829696797
6.222065056239849 6.5680549075855446 4.4177187976359935
6.137939567615124 6.959861922066654 6.567478029267214
5.558714617736104 7.582904682804681 4.13707172959442
6.2662870225415865 6.222065056239849 4.423216126149597
6.128497842734799 8.836015090520743 7.193898838034563
6.634695158500321 8.840531819346895 7.077134028081751
5.352318497546889 8.836015090520743 3.5047672477098923
5.352318497546889 6.330789803591486 4.758333400333138
4.4514423242744385 6.330789803591486 5.211276166939851
3.2571580950836396 6.330789803591486 4.590943040077608
3.2571580950836396 5.901479002363839 4.660954725536291
3.2571580950836396 6.6336104024712625 5.915424286620169
3.2571580950836396 6.6336104024712625 5.458351541193748
3.2571580950836396 6.6336104024712625 4.327897646507517
3.2571580950836396 5.6757974830960976 4.7210962521288975
3.1909516490354197 6.313622990163751 5.763681040073833
2.93432431028505 6.313622990163751 3.8290054075330153
2.93432431028505 5.819077823891025 4.516534675960441
2.93432431028505 6.478300115857518 5.7025788954422705
2.93432431028505 6.939073461656767 6.182783315352952
2.93432431028505 7.5614665041253435 5.685757214314828
2.93432431028505 9.675795101186901 7.686313711803656
2.93432431028505 7.695938305258471 6.696157607920538
2.93432431028505 8.828160148207225 7.418138116382488
2.93432431028505 8.828160148207225 5.973858733303866
2.93432431028505 8.828160148207225 5.368878624402444
