3.441077939709427 7.752644001596131 5.493813555978521
3.441077939709427 7.735567112128114 5.834228375257564
3.441077939709427 7.623463982789531 5.966674169773724
3.441077939709427 8.297065531858838 4.473751277984033
3.441077939709427 5.746883004616954 4.746649975420996
3.042021633468871 7.724708654595828 5.452279166845427
3.042021633468871 7.724708654595828 6.246177127192477
3.042021633468871 6.577103545681297 6.184711828703305
3.042021633468871 6.867415782210289 6.17277426309509
3.042021633468871 7.718677037369773 6.75234722148023
3.042021633468871 7.718677037369773 6.177004578409847
3.159883348882485 7.718677037369773 5.0201961541422016
3.159883348882485 7.099510316039769 5.1678918276392345
3.159883348882485 6.017171849109591 4.47159714892326
2.9669517942464165 6.155411387354992 3.4372502394545865
2.9669517942464165 5.672162323072683 4.002102078707173
5.169528100668977 4.361512490253066 1.914681587647331
5.169528100668977 4.603603024798385 3.5966085182076357
5.169528100668977 5.655850300557201 3.1638807941253986
0.762343999120525 5.169528100668977 2.3603030612522953
3.5188229287280746 7.417725059682418 5.44734517108204
3.5188229287280746 7.682046662874159 5.242681709308183
3.4855897460096945 7.682046662874159 4.941720190891206
3.4855897460096945 5.9640657761031335 5.466880099250349
3.4855897460096945 6.644702365238917 5.888598225398908
3.4855897460096945 6.340982621511337 6.117686026420302
3.4855897460096945 6.340982621511337 5.410327263412775
3.4855897460096945 7.626003906109974 5.785735008849679
4.600315315003272 7.626003906109974 3.8017387842198196
3.8208806223327128 7.626003906109974 6.287014645919543
3.8208806223327128 7.103380931680203 5.521382489921194
3.8208806223327128 7.103380931680203 5.033932562983658
3.262053530816751 5.854856455228941 4.55463642743901
3.262053530816751 6.3217014202006325 5.8948871298314405
5.433648121158804 7.2405907115595 6.448374498540123
5.433648121158804 7.2405907115595 5.435848578334725
4.150859262728513 7.2405907115595 6.497258063792476
4.150859262728513 6.874725343857486 6.496001255244206
3.968194081617956 6.874725343857486 4.9384221441411045
3.968194081617956 6.727841005824759 5.285003897300978
2.692388583242462 6.283373250714188 3.8177652748513844
2.692388583242462 7.629859772241048 5.730856070186313
2.692388583242462 7.629859772241048 5.306478376586334
2.692388583242462 8.33039407407384 6.827874860864972
0.6246794753433247 8.33039407407384 3.6142129484876806
4.6981540884358886 6.583178105278133 2.8320604320202425
2.8319560847887364 5.997372559218441 5.360602946300165
2.8319560847887364 5.997372559218441 4.611935204510692
2.8319560847887364 6.651762691585244 5.106370125864043
5.631384480662355 6.651762691585244 3.5762831100629753
2.8319560847887364 6.651762691585244 4.614446339606158
5.587112445729495 7.348562709990551 4.240192296123952
3.960016371617272 7.329564192566217 6.579581747544742
3.283888691640098 7.329564192566217 5.0181758066643605
3.283888691640098 7.329564192566217 5.096521302836328
3.0746748369007055 6.617019303248295 4.958143475829148
3.0746748369007055 10.301404246453247 6.539751886025998
6.5878133247386295 10.301404246453247 4.629532443358178
6.5878133247386295 10.301404246453247 4.375203673226225
6.5878133247386295 7.379211931146342 6.281658427498965
6.5878133247386295 7.753042652408743 5.582643014892686
6.5878133247386295 7.753042652408743 4.602000316255236
4.357172495549726 6.5878133247386295 5.735780777573174
4.357172495549726 6.455159744206714 5.58384562573916
5.460411401006919 6.4799921247474686 4.813218180362309
2.5941930617366293 4.405842126465018 4.06161371176579
5.460411401006919 5.685587255858991 4.735764578422299
5.460411401006919 6.008521215847228 4.84878289759921
5.460411401006919 6.882251992719734 4.456780300622947
2.9811710123884443 8.711685582744765 6.843271963212988
2.9811710123884443 8.711685582744765 5.379248914522402
2.9811710123884443 7.617397335856614 5.947908095817143
2.9811710123884443 9.466441906142839 7.219496366052405
2.9811710123884443 9.466441906142839 6.877956601621585
2.9811710123884443 7.741423575939823 5.456119120428826
2.9811710123884443 7.741423575939823 6.323391569545796
2.9811710123884443 7.741423575939823 5.1806094796307995
2.9811710123884443 8.777721834668311 7.052584261734263
2.9811710123884443 8.777721834668311 5.506076716059099
2.9811710123884443 8.777721834668311 5.121990903745857
2.9811710123884443 6.103325991975865 5.755239052403811
2.9811710123884443 6.103325991975865 4.911516618064335
2.9811710123884443 5.955861807259556 4.863305755643024
2.627696587970768 7.505085164481541 4.6687405658012695
4.933194839955675 7.505085164481541 3.792624792155544
1.2517501957835724 6.112182849022009 3.898434872290865
1.2517501957835724 6.112182849022009 4.609317426960612
4.933194839955675 6.112182849022009 3.0339871992264706
4.933194839955675 6.09538490286209 4.238220048014538
4.933194839955675 8.387864729931419 5.770422052210299
4.933194839955675 8.387864729931419 4.426327282655787
3.238091251630355 6.239683719269021 5.984713267140313
3.238091251630355 7.723847797523158 6.679061507313835
3.238091251630355 7.603299401986961 5.885099826488394
3.238091251630355 7.603299401986961 4.906571529625583
3.238091251630355 6.578188801383963 5.062813390571958
3.238091251630355 6.694451311848962 4.870175052925105
3.238091251630355 7.679439944007564 4.821850605521471
3.238091251630355 7.679439944007564 5.715791640521927
3.238091251630355 7.260326185702821 5.447496421615369
