1.11467555619349 7.755793616662164 5.480982872661147
1.11467555619349 7.611120288720633 3.764228900095784
2.955782821245752 6.860676748713544 2.8117207732786538
5.211710640483769 4.584930961149816 1.9570806530760736
2.8132107606417702 5.735671493865212 4.337627126778296
2.8132107606417702 7.158947164371845 5.569388308639686
2.8132107606417702 7.158947164371845 4.110947245222201
2.4148967950041826 7.158947164371845 3.0135144152183404
2.4148967950041826 7.775511042755049 5.30180393896529
4.963510438837876 7.666321024195382 3.834421014692101
2.4148967950041826 5.8369443752282315 4.4762355398119125
2.4148967950041826 6.55822778000773 5.536722684197324
2.4148967950041826 6.557709596291243 5.038029577483658
2.4148967950041826 7.3716722577012845 6.582272718809759
2.4148967950041826 7.3716722577012845 5.727368365325767
2.4148967950041826 6.2573933539779745 4.56375520483163
2.4148967950041826 7.542885714066012 6.44164815074302
2.4148967950041826 7.542885714066012 5.4798880908750345
2.4148967950041826 7.542885714066012 5.296896684114586
2.4148967950041826 6.399594471195151 4.642007498163427
2.4148967950041826 6.399594471195151 4.8296680374666225
2.4148967950041826 6.787639395006602 5.649116885283703
2.4148967950041826 6.787639395006602 4.920944834960048
2.4148967950041826 6.787639395006602 5.721332194904503
2.4148967950041826 6.4238243250122125 4.80136286432637
2.4148967950041826 6.4238243250122125 5.303967117366847
2.4148967950041826 6.256965915499382 5.854145330106949
2.4148967950041826 6.132883539806684 4.1272619377189566
2.4148967950041826 6.8904851426624845 5.616202169265343
3.767410378498838 7.642935002964432 3.8715044714159097
4.592399080971418 6.502999468208817 2.5502640708138617
4.612567399451859 4.592399080971418 5.283085029288479
3.408972370542028 7.378912822977735 5.415821140558329
3.408972370542028 9.787428232439163 6.333664037635298
3.336893007246314 8.297290857990049 4.111056891572003
3.336893007246314 6.491817700569889 5.080707077161283
2.998141204838824 8.417809086201098 6.0536859646817005
3.500094889437222 8.417809086201098 4.8186906099994475
2.6137826736101855 8.417809086201098 4.140776858470513
3.6916981334995858 6.088263421545896 5.3575512478465335
3.6916981334995858 7.27507679693754 6.376095323778457
3.6916981334995858 8.958780844537513 7.748138009685017
3.6916981334995858 11.641147283851247 9.835888246256511
2.987008212514834 11.641147283851247 7.488708204727953
2.987008212514834 11.641147283851247 5.884286552775739
2.987008212514834 11.822187764754613 8.295583978126324
2.987008212514834 11.822187764754613 6.894667105180049
2.987008212514834 7.142891960233035 5.45257449670028
2.599108488623209 7.142891960233035 4.04433317690087
5.529320783337333 6.529397261548215 4.762365576334342
3.938116539618012 6.5666991048342815 6.211431283187263
5.182492208320593 7.725692735336995 4.511177573809378
3.938116539618012 7.725692735336995 5.665044395385264
3.6342760711279642 7.3709449878104 5.393847376018036
3.6342760711279642 7.3709449878104 6.293909762770335
3.6342760711279642 7.650322203513493 6.836443674034347
3.2709744878938776 7.650322203513493 5.205025217102694
3.2709744878938776 7.650322203513493 4.789861020516849
3.2709744878938776 7.650322203513493 5.212027128421219
3.2709744878938776 8.487650127921023 6.601016509339405
2.6165582269396563 7.771700495301085 6.301170689337011
2.6165582269396563 8.508186994113034 7.4322161514322795
2.6165582269396563 7.7750307337545514 3.730122151935894
2.6165582269396563 6.2272119373302175 3.062449437293767
2.9556117607774657 7.657154244405536 4.449016316472322
2.9556117607774657 7.657154244405536 5.744776096025098
2.9556117607774657 6.150127854170641 4.243357008868361
2.9556117607774657 6.215504203478677 4.345394327582476
1.4856210323853785 5.449832462155076 4.674033603194402
1.4856210323853785 7.4834706276053 6.552797920473037
1.4856210323853785 7.4834706276053 5.866570749949115
3.0409681479046715 7.4834706276053 5.564894772342618
1.4856210323853785 7.4834706276053 5.281485948133711
3.0409681479046715 6.427503530462911 4.662414235064568
3.0409681479046715 6.437178660044662 3.763462569988274
3.0409681479046715 6.532612518205056 5.468626116900835
3.0409681479046715 7.3346322511893245 6.233285238931262
3.0409681479046715 7.3141357353618055 4.769931857591049
3.0409681479046715 7.3141357353618055 4.444476171349583
3.0409681479046715 6.531031981830807 4.291886185424737
3.0409681479046715 6.531031981830807 4.083164050449228
3.0409681479046715 6.531031981830807 5.23951611920155
3.0409681479046715 6.665798918638366 6.215909443331947
3.0409681479046715 6.665447184876751 5.648449942385031
3.0409681479046715 6.490612820784101 3.8459030120788857
3.0409681479046715 5.868167001378168 3.9362714686779134
3.0409681479046715 5.868167001378168 4.360629937268942
3.0409681479046715 5.781713420102733 4.634152866868566
3.0409681479046715 7.719266151389869 5.143954617106333
2.0593517324011548 4.577832432125774 3.1041578436433293
5.800500278026227 5.580708803022301 4.417482959920555
3.249617423624269 5.945271976660013 4.789170394789438
2.808090511200924 6.010158961117668 3.8390840938544692
2.808090511200924 4.544881494520972 3.8799815422767745
2.808090511200924 6.309099833902373 5.696467601692811
2.808090511200924 5.785262690925006 4.267976368925599
2.808090511200924 7.56678257364039 5.341835820963271
2.808090511200924 7.037568214380165 5.257782305307699
2.808090511200924 7.488803412440472 6.599476087359066
2.808090511200924 7.5038212998958205 5.231641848159802
