3.717323089708693 7.62416102858773 5.494074746552868
3.371664242595401 5.883714488619621 4.544366619495551
2.7597272078948376 6.743547707328119 4.621949632044837
2.7597272078948376 7.5786785035265645 5.098242317424437
2.7597272078948376 11.268947123339709 8.241397322225165
2.7597272078948376 7.593674044405519 7.309796839148364
2.7597272078948376 6.97321690542549 6.778548644726219
2.7597272078948376 7.72893064385959 6.265327944581561
2.7597272078948376 4.971891748420923 4.886808496862224
2.7597272078948376 4.971891748420923 4.886808496862224
2.7597272078948376 4.971891748420923 4.886808496862224
2.7597272078948376 6.637799736062004 5.655689106542727
2.7597272078948376 8.321767586888292 7.904706793442774
2.7597272078948376 8.12774453241945 6.198131082686411
2.7597272078948376 8.243949707356162 6.68015766548056
2.7597272078948376 5.53822889279429 4.403535807411216
2.7597272078948376 3.482573620866557 3.405932389081932
2.7597272078948376 4.821493962866626 4.0727350705215235
2.7597272078948376 6.618587956749842 5.77097096218598
2.7597272078948376 5.1036561975993955 4.795549697731908
2.7597272078948376 4.491986383242619 3.7554281943586076
2.7597272078948376 3.152120711270577 3.1370286534484344
2.7597272078948376 3.152120711270577 3.1370286534484344
2.7597272078948376 4.977382398529038 3.979457124490802
2.7597272078948376 4.666624655128938 3.836030473690755
2.7597272078948376 4.324704826401774 3.7152306700428777
2.7597272078948376 4.418859503962107 4.3091922009924835
2.7597272078948376 6.4397242560552925 5.29215080761687
2.7597272078948376 4.907607315919758 4.603479652966969
2.7597272078948376 6.4652894441966 5.303950125220548
2.7597272078948376 4.427654055190789 4.363503022602481
2.7597272078948376 6.5920258070309075 4.996767084013446
2.7597272078948376 8.014312896530736 6.7135880809418405
2.7597272078948376 6.67538135631899 6.513934885764503
2.7597272078948376 6.653692580473415 6.503924681528084
2.7597272078948376 6.653692580473415 6.503924681528084
2.7597272078948376 8.513375642174495 6.339812535291437
2.7597272078948376 4.60883776950682 4.537718132521745
2.7597272078948376 4.60883776950682 4.537718132521745
2.7597272078948376 4.60883776950682 4.537718132521745
2.7597272078948376 4.60883776950682 4.537718132521745
2.7597272078948376 6.57349354847787 5.520046022007269
2.7597272078948376 5.1708393732244 4.486926605653111
2.7597272078948376 4.495974235831774 4.044152767981352
2.7597272078948376 4.476060575296973 4.380700905398081
2.7597272078948376 4.444289178328685 4.378007577555416
2.7597272078948376 4.089276353268058 3.7658670851078444
2.7597272078948376 4.315985895997802 3.8625382307312077
2.7597272078948376 5.8705030726764065 5.262759134088723
2.7597272078948376 5.945107249535464 5.679118558644668
