0.7213120236766213 7.744430345116985 5.644168975357616
0.7213120236766213 6.391765074366781 5.667162683529488
0.7213120236766213 7.5813090400718615 6.737516881982686
0.7213120236766213 7.5813090400718615 7.317463000979735
0.7213120236766213 7.673918745856961 6.793985680459594
0.7213120236766213 6.448868516768407 6.228577882418727
0.7213120236766213 6.448868516768407 6.228577882418727
0.7213120236766213 2.801449934670743 1.7613809791736823
0.7213120236766213 5.836459614341631 5.4517668779973345
0.7213120236766213 5.429220984817739 5.248147563235386
0.7213120236766213 5.429220984817739 5.248147563235386
0.7213120236766213 5.429220984817739 5.248147563235386
0.7213120236766213 5.429220984817739 5.248147563235386
0.7213120236766213 5.429220984817739 5.248147563235386
0.7213120236766213 5.429220984817739 5.248147563235386
0.7213120236766213 3.3359983188949305 3.031168798552562
0.7213120236766213 5.1577751873602935 2.9742468093769627
0.7213120236766213 5.789751405732378 3.264232920451619
0.7213120236766213 2.386705649840977 1.5627100425059195
0.7213120236766213 0.7401646361287146 0.7394395356497877
0.7213120236766213 5.100666220168296 2.751978728283442
0.7213120236766213 0.7401646361287146 0.7394395356497877
0.7213120236766213 4.503412077211554 2.6210632561912086
0.7213120236766213 5.033132476573762 4.096944625862857
0.7213120236766213 6.610586024659668 5.279755304358206
0.7213120236766213 4.577428949485441 3.6312728727078274
0.7213120236766213 2.9817411748385827 2.894801592101585
0.7213120236766213 2.9817411748385827 2.894801592101585
0.7213120236766213 2.9817411748385827 2.894801592101585
0.7213120236766213 2.9817411748385827 2.894801592101585
0.7213120236766213 2.9817411748385827 2.894801592101585
0.7213120236766213 2.9817411748385827 2.894801592101585
0.7213120236766213 3.0487709673679615 2.439343764488229
0.7213120236766213 1.9223002731028171 1.8761084173556566
0.7213120236766213 5.811767415070705 4.5885868878917835
0.7213120236766213 7.523336879631339 4.552324703089421
0.7213120236766213 2.1045452077747844 2.020929541022029
0.7213120236766213 2.1045452077747844 2.0513439314633164
0.7213120236766213 2.1045452077747844 2.0513439314633164
0.7213120236766213 2.1045452077747844 2.0513439314633164
0.7213120236766213 3.465804547675003 2.731973601413427
0.7213120236766213 2.1045452077747844 2.0513439314633164
0.7213120236766213 3.7390946337469164 2.8686186444493824
0.7213120236766213 5.551207622357413 3.6421111997322226
0.7213120236766213 5.755759084872658 3.730334618454689
0.7213120236766213 2.9533066942713018 1.9273574816136159
0.7213120236766213 3.288312161668348 2.3902118257940184
0.7213120236766213 5.140162608802033 2.9307373162393273
0.7213120236766213 0.7213120236766213 0.721312023676621
0.7213120236766213 5.215546873355336 2.795574261989874
