3.390591420549406 7.747840361779851 5.921342201357809
3.390591420549406 5.140152714446295 4.423820974672042
3.390591420549406 4.557814662380004 4.426008830151293
3.390591420549406 4.562132236176684 4.445575609916632
3.390591420549406 5.580840077116115 5.298345306826188
3.390591420549406 6.087030961068322 5.186460856602044
3.390591420549406 6.087030961068322 5.9833217479714405
3.390591420549406 6.087030961068322 5.9833217479714405
3.390591420549406 6.087030961068322 5.461686186556212
3.390591420549406 4.956820578001988 4.896580995023039
3.390591420549406 4.956820578001988 4.896580995023039
3.390591420549406 6.474996797202056 5.655669104623078
3.390591420549406 6.474996797202056 5.373939306556867
3.390591420549406 4.346406015525197 4.19047648250464
3.390591420549406 4.088209910228642 4.061378429856363
3.390591420549406 4.088209910228642 4.061378429856363
3.390591420549406 4.088209910228642 4.061378429856363
3.390591420549406 4.088209910228642 3.8976135228385727
3.390591420549406 5.82754376233893 4.949985247421444
3.390591420549406 6.393123543766418 4.979545462431854
3.390591420549406 6.598230143449747 5.181952306627014
3.390591420549406 3.796931390575516 3.781302930189899
3.390591420549406 5.814362201349439 4.712424842854786
3.390591420549406 3.796931390575516 3.781302930189899
3.390591420549406 3.796931390575516 3.781302930189899
3.390591420549406 4.218120178412832 3.9756977553455823
3.390591420549406 3.796931390575516 3.781302930189899
3.390591420549406 3.796931390575516 3.781302930189899
3.390591420549406 6.457779903475991 5.328470992810082
3.390591420549406 4.2665429706103986 4.232852526377286
3.390591420549406 4.2665429706103986 4.232852526377286
3.390591420549406 4.2665429706103986 4.232852526377286
3.390591420549406 4.2665429706103986 4.232852526377286
3.390591420549406 4.409300665257941 4.28312278670986
3.390591420549406 6.36400087681141 5.230202419149648
3.390591420549406 7.344705482160764 6.152886534666875
3.390591420549406 5.09194060105828 4.819215812051258
3.390591420549406 5.181985767642669 4.834272882507653
3.390591420549406 4.577890712107909 4.532225354740277
2.1642668379184795 3.8173473635583375 2.9743934106226817
2.1642668379184795 6.131595124563038 4.147930981240758
2.1642668379184795 3.296000866147477 2.686605620178018
2.1642668379184795 2.1642668379184795 2.164266837918481
2.1642668379184795 4.2809337532891405 3.7407452981630835
2.1642668379184795 5.578086694739984 4.460965340511382
2.1642668379184795 3.9614200188849513 3.6467182410575796
2.1642668379184795 3.5385230138496664 3.31324811201901
2.0572113343590677 3.3813218211690637 2.672456770715967
2.0572113343590677 2.0572113343590677 2.0572113343590677
2.0572113343590677 3.9337737180693613 2.9954925262142145
