2.955368010020092 7.730747702499242 5.584364144865217
2.789134867730333 4.559758741940765 3.612739468992447
2.789134867730333 5.040566039815001 3.828256947154028
0.9699450111027343 6.336819719986284 3.7233512061840326
0.9699450111027343 3.3140217821008773 2.141983396601807
0.9699450111027343 0.9699450111027343 0.969945011102734
0.9699450111027343 5.656719429706136 3.3133322204044355
0.9699450111027343 0.9699450111027343 0.969945011102734
0.9699450111027343 2.079434140212751 1.4820169168458195
0.9699450111027343 3.498278587999583 2.7398356541265443
0.9699450111027343 2.1758799184763373 2.129497806654277
0.9699450111027343 2.1758799184763373 2.129497806654277
0.9699450111027343 5.669700156443771 3.914789887959809
0.9699450111027343 7.145032847292985 5.794859055037204
0.9699450111027343 8.664328231253192 7.900260044801477
0.9699450111027343 8.275086916444337 7.7206102071973906
0.9699450111027343 8.639286222106076 7.990929887646782
0.9699450111027343 9.083086380407094 8.27092045091036
0.9699450111027343 7.999488647272875 7.729121584343251
0.9699450111027343 5.89628430123317 4.277890050255696
0.9699450111027343 7.577702657286697 7.295985238681029
0.9699450111027343 8.065502229836754 6.727320294050639
0.9699450111027343 8.054737354564622 6.757977119802622
0.630405155958869 0.9699450111027343 0.7361404469498893
0.630405155958869 0.630405155958869 0.6304051559588687
0.630405155958869 5.224121307406779 2.750581841242519
0.630405155958869 0.630405155958869 0.6304051559588687
0.630405155958869 0.630405155958869 0.6304051559588687
0.630405155958869 0.630405155958869 0.6304051559588687
0.630405155958869 2.8836933911192664 1.6703843414175137
0.630405155958869 2.8349965464107076 2.329019853242664
0.630405155958869 2.8311599440040998 2.3109574517723064
0.630405155958869 2.7013849777605263 2.550203325404425
0.630405155958869 0.630405155958869 0.6304051559588687
0.630405155958869 5.132725855786692 2.8815655058727794
0.630405155958869 5.228432549105019 2.9294188525319447
0.630405155958869 0.630405155958869 0.6304051559588687
0.630405155958869 0.630405155958869 0.6304051559588687
0.630405155958869 3.2951010165693124 1.9627530862640905
0.630405155958869 0.630405155958869 0.6304051559588687
0.630405155958869 4.823728218758596 2.727066687358732
0.630405155958869 0.630405155958869 0.6304051559588687
0.630405155958869 0.630405155958869 0.6304051559588687
0.630405155958869 2.7581098925459355 1.6124227266913613
0.630405155958869 3.2428669928949643 1.9366360744269169
0.630405155958869 3.3030404006618252 3.1862766370734374
0.630405155958869 4.489025066191115 3.7917976223961345
0.630405155958869 4.576589226948634 3.7855323389142423
0.3925876459079807 3.0419466196379763 1.7264139600826278
0.3925876459079807 5.648826394388276 4.2434880849465895
