2.981966672857038 7.698988113898743 5.275480914220656
2.981966672857038 6.530503425758074 5.045981717032158
2.981966672857038 3.8344243739140187 3.8016375392579813
2.981966672857038 3.8344243739140187 3.8016375392579813
2.981966672857038 3.8344243739140187 3.8016375392579813
2.981966672857038 6.138156359309029 4.864898455594141
2.981966672857038 6.1587177482985 4.890588186534709
2.981966672857038 9.32039609252114 7.1763778812692145
2.981966672857038 6.799826822012008 6.647394126100374
2.981966672857038 6.804205216165801 6.652225311918188
2.981966672857038 6.805886648262122 6.656254864740185
2.981966672857038 6.800344448581686 6.653483764899966
2.981966672857038 5.948794218408654 5.396662351462082
2.981966672857038 5.948794218408654 5.834685466656667
2.981966672857038 8.367862956003863 7.9760205345821245
2.981966672857038 10.684690644223343 8.740304775346754
2.981966672857038 11.951172903881735 11.53136851299185
2.981966672857038 14.530971367173041 14.00812045774496
2.981966672857038 14.360544787938538 10.860707117093463
2.981966672857038 3.0945240663609153 3.038245369608978
2.981966672857038 2.981966672857038 2.9819666728570393
2.981966672857038 2.981966672857038 2.9819666728570393
2.981966672857038 2.981966672857038 2.9819666728570393
2.981966672857038 3.787984978702451 3.3849758257797466
2.981966672857038 2.981966672857038 2.9819666728570393
2.981966672857038 5.748061014802122 4.36501384382958
2.666923414996081 2.981966672857038 2.824445043926561
2.640188625379889 3.4026484215473976 2.9931214078270547
2.640188625379889 2.640188625379889 2.6401886253798903
2.640188625379889 2.640188625379889 2.6401886253798903
2.640188625379889 2.640188625379889 2.6401886253798903
2.640188625379889 4.487416193444588 3.492755195255905
2.640188625379889 3.9780033998361195 3.5775087094275815
2.640188625379889 3.279922847823365 3.2553176854216943
2.640188625379889 3.279922847823365 3.2553176854216943
2.640188625379889 3.279922847823365 3.2553176854216943
2.640188625379889 3.279922847823365 3.2553176854216943
2.640188625379889 3.279922847823365 3.2553176854216943
1.562386733758029 3.279922847823365 2.3965496283890255
1.562386733758029 4.567341349184488 3.8635773407188805
1.562386733758029 3.893977726997275 3.5325066245484575
1.562386733758029 3.893977726997275 3.8043011503342288
1.562386733758029 3.893977726997275 3.8043011503342288
1.562386733758029 4.555795592289677 4.135210082980428
1.562386733758029 6.504275275095171 5.0395610195989
1.562386733758029 3.4941900992285437 2.9844660313982234
1.562386733758029 2.5507715660520565 2.5127567648099784
1.562386733758029 2.5507715660520565 2.5127567648099784
1.562386733758029 2.5507715660520565 2.5127567648099784
1.562386733758029 2.5507715660520565 2.5127567648099784
