2.5614785032327636 6.882983231288128 5.244969384849522
2.5614785032327636 5.9500553960678175 5.744502155348673
2.5614785032327636 7.258832789936346 6.924652119081632
2.5614785032327636 7.487670972950459 5.938312912015697
2.5614785032327636 5.84428445443557 5.116619652758252
2.5614785032327636 8.118332308871446 5.657992222136389
2.5614785032327636 3.250666604748709 2.961511585276704
2.5614785032327636 3.250666604748709 3.2241593700750206
2.5614785032327636 3.250666604748709 3.2241593700750206
2.5614785032327636 3.250666604748709 3.2241593700750206
2.5614785032327636 3.250666604748709 3.2241593700750206
2.5614785032327636 3.250666604748709 3.2241593700750206
2.5614785032327636 3.250666604748709 3.2241593700750206
2.5614785032327636 3.250666604748709 3.2241593700750206
2.5614785032327636 3.250666604748709 3.2241593700750206
2.5614785032327636 4.141284229526356 3.669468182463842
2.5614785032327636 3.1738359724997953 3.1429395782203478
2.5614785032327636 3.1738359724997953 3.150283762143372
2.5614785032327636 4.8254622966424705 3.9125728348246067
2.5614785032327636 3.9666075960002947 3.809486765451604
2.5614785032327636 4.388487858576262 4.134887875849909
2.5614785032327636 4.504363578427778 4.383771022266853
2.5614785032327636 6.253122467349215 4.844168090341359
2.5614785032327636 6.477394618469571 6.243641825605977
2.5614785032327636 6.477394618469571 5.863920579293969
2.5614785032327636 10.542873479768204 7.906397501245076
2.5614785032327636 15.393320013930419 14.095664910792156
2.5614785032327636 7.995278921753499 6.910944173218436
2.5614785032327636 5.676581526918884 5.521342207855751
2.5614785032327636 7.384489347190247 7.14702309523827
2.5614785032327636 7.280557677436871 7.099054632275173
2.5614785032327636 7.280557677436871 7.099054632275173
2.5614785032327636 7.280557677436871 7.099054632275173
2.5614785032327636 7.280557677436871 7.099054632275173
2.5614785032327636 7.280557677436871 7.099054632275173
2.5614785032327636 7.280557677436871 7.099054632275173
2.5614785032327636 7.280557677436871 6.706265408927488
2.5614785032327636 7.720441532434169 6.937022883403852
2.5614785032327636 6.452948045301937 6.3032761398377355
2.011948168467946 2.9163067767634563 2.48526325472204
2.011948168467946 2.011948168467946 2.011948168467946
2.011948168467946 2.011948168467946 2.011948168467946
2.011948168467946 2.011948168467946 2.011948168467946
2.011948168467946 5.950873261218003 3.9814107148429767
2.011948168467946 2.011948168467946 2.011948168467946
2.011948168467946 2.011948168467946 2.011948168467946
2.011948168467946 5.28812580864772 3.5240301562432275
2.011948168467946 2.011948168467946 2.011948168467946
2.011948168467946 3.3314201733661695 2.620935247651742
2.011948168467946 3.125128499187071 2.9230111765389397
