2.5863074342095165 7.6413046756399154 5.614212866372919
2.5863074342095165 8.172470413535374 7.174018019143462
2.5863074342095165 6.6430886890361265 5.262853432651186
2.5863074342095165 4.194678272791368 4.132817855922832
2.5863074342095165 6.411934629548245 5.1561669436567765
2.5863074342095165 6.411934629548245 6.264795122035218
2.5863074342095165 6.411934629548245 6.131669614931149
2.5863074342095165 5.995093935778474 5.521068987606406
2.5863074342095165 7.435003454491952 6.535909422572108
2.5863074342095165 6.009792007597067 5.878119524005241
2.5863074342095165 6.548612850788814 6.1475299456011125
2.5863074342095165 6.450393274865391 5.9098348230403985
2.5477522424902053 4.444043906496809 3.497380966482712
2.5477522424902053 2.5477522424902053 2.5477522424902053
1.338220408976206 2.5477522424902053 1.9429863257332054
1.338220408976206 2.2317759578751475 1.8805152691981972
1.338220408976206 1.5979896227442407 1.587998499137778
1.338220408976206 1.5979896227442407 1.587998499137778
1.338220408976206 1.5979896227442407 1.587998499137778
1.338220408976206 4.657074071983274 2.999883629555794
1.338220408976206 3.6022515748251576 3.3584661584716247
1.338220408976206 3.262719103213247 3.1886999226656694
1.338220408976206 3.262719103213247 3.1886999226656694
1.338220408976206 5.127525657767755 4.049379870921596
1.338220408976206 3.62231710007578 3.4505131634986146
1.338220408976206 3.5159305941651025 3.1520520249947688
1.338220408976206 6.083588731927534 4.58898457165609
1.338220408976206 4.324811079597694 3.800086986715446
1.338220408976206 3.436791434237947 3.3560771640355727
1.338220408976206 5.552796438254898 4.221496616795044
1.338220408976206 5.552796438254898 5.39069736020572
1.338220408976206 7.017674964417532 6.279085191250937
1.338220408976206 4.289416522348059 3.762556319093837
1.338220408976206 4.289416522348059 4.175908979526067
1.338220408976206 4.289416522348059 4.175908979526067
1.338220408976206 5.173101785338325 4.583763716290805
1.338220408976206 5.4012930170130815 4.917309635215482
1.338220408976206 4.75456062838893 4.551919738203946
1.338220408976206 6.703339830612151 5.520459781283749
1.338220408976206 3.518072845244284 3.4255444784492672
1.338220408976206 5.0481893271759155 3.511477612638445
1.338220408976206 2.0278113555280375 2.0012886268145054
1.338220408976206 1.6995642684480505 1.5650563787241731
0.9984400012722046 3.4825984646480888 2.1580431538958447
0.7081561479492717 0.9984400012722046 0.7274653755058278
0.7081561479492717 0.7203791271119226 0.7166900944015031
0.7081561479492717 0.7203791271119226 0.7199090125287435
0.7081561479492717 0.7203791271119226 0.7199090125287435
0.7081561479492717 0.7203791271119226 0.7199090125287435
0.7081561479492717 4.890089340203463 2.644390649340224
