2.8905106164248413 7.514471180347062 5.154878335468817
2.8905106164248413 6.333546630061392 5.02047512025077
2.8905106164248413 6.4499355423007 6.2252211541510105
2.8905106164248413 6.335350562084464 5.968213325104805
2.8905106164248413 5.826956544100163 5.714016316112654
2.8905106164248413 5.826956544100163 5.714016316112654
2.8905106164248413 6.259807330741179 5.930441709433162
2.8905106164248413 6.124308466190801 5.079199801468177
0.7323587071862758 3.5169910419153827 2.1005794735704244
0.7323587071862758 0.7323587071862758 0.7323587071862755
0.7323587071862758 0.7323587071862758 0.7323587071862755
0.7323587071862758 4.930006075762538 2.8311823914744068
0.7323587071862758 0.7323587071862758 0.7323587071862755
0.7323587071862758 0.7323587071862758 0.7323587071862755
0.7323587071862758 0.7323587071862758 0.7323587071862755
0.7323587071862758 0.7323587071862758 0.7323587071862755
0.7323587071862758 3.0047412080821343 1.781150630676673
0.7323587071862758 3.1927158065208485 2.3698133016121004
0.7323587071862758 3.420773271388399 3.2619276649135283
0.7323587071862758 6.65673290065407 4.934792531005018
0.7323587071862758 3.941874603850398 3.5572743574244536
0.7323587071862758 3.0606546599474105 2.958893426215685
0.7323587071862758 3.0341966495920976 1.9675467087810716
0.7323587071862758 3.31492429004927 2.015603502714251
0.7323587071862758 5.300735149671812 3.1019717402100655
0.7323587071862758 5.756265313951445 4.874777848856821
0.7323587071862758 2.1675413268341726 1.3947506854853051
0.7323587071862758 3.2450723621950712 2.492854846456813
0.7323587071862758 5.125491928685868 3.9551835807712594
0.7323587071862758 5.716776812440333 4.363318509087963
0.7323587071862758 5.950027892656564 5.4002369163780575
0.7323587071862758 5.251805108212647 5.077980246634711
0.7323587071862758 5.699306839444297 5.295398247946494
0.7323587071862758 6.799523025248227 5.8527071540039595
0.7323587071862758 5.372596230302925 3.9354194269038847
0.7323587071862758 7.936784712152994 5.2481567895338435
0.7323587071862758 3.6819185269121495 3.0834111784511102
0.7323587071862758 4.005844076117398 3.6478958253702776
0.10485008777476823 4.4891986691629775 2.1525305337774623
0.10485008777476823 0.10485008777476823 0.10485008777476823
0.10485008777476823 0.10485008777476823 0.10485008777476823
0.10485008777476823 0.10485008777476823 0.10485008777476823
0.10485008777476823 3.1488376793755184 1.6268438835751435
0.10485008777476823 3.2033693521170155 1.654109719945892
0.10485008777476823 5.557764905505593 5.1420040506251565
0.10485008777476823 5.506603721546259 2.5979671495154575
0.10485008777476823 0.10485008777476823 0.10485008777476823
0.10485008777476823 5.537458018866445 4.168775746168755
0.10485008777476823 4.838102663953631 3.7366813675495574
0.10485008777476823 4.9782525747339825 3.0948250462205986
