0.9957900990440014 6.4659622733992315 4.573448963982962
0.9957900990440014 9.718130534563828 6.145196949198974
0.9957900990440014 3.407826118714635 2.5994422146365816
0.6587619200602401 4.060824949955229 2.2419074792034577
0.6587619200602401 1.7157241158248948 1.1872430179425673
0.6587619200602401 0.6587619200602401 0.6587619200602398
0.6587619200602401 5.254745690744208 2.956753805402226
0.6587619200602401 0.6587619200602401 0.6587619200602398
0.6587619200602401 0.6587619200602401 0.6587619200602398
0.6587619200602401 0.6587619200602401 0.6587619200602398
0.6587619200602401 6.668554206745558 3.663658063402899
0.6587619200602401 5.751037640440572 4.292480525353481
0.6587619200602401 5.371588311911079 3.987481443962534
0.6587619200602401 6.932328791183803 3.8202774425377393
0.6587619200602401 3.3285692095570707 1.9177737632174707
0.6587619200602401 3.0407070662980016 1.7849143124825155
0.6587619200602401 0.712348108377626 0.7102871011346493
0.6587619200602401 0.712348108377626 0.7102871011346493
0.6587619200602401 0.712348108377626 0.7102871011346493
0.6587619200602401 0.712348108377626 0.7102871011346493
0.6587619200602401 0.712348108377626 0.7102871011346493
0.6587619200602401 0.712348108377626 0.7102871011346493
0.6587619200602401 0.712348108377626 0.7102871011346493
0.6587619200602401 0.7083667224856751 0.6928483541800539
0.6587619200602401 2.621686710138271 1.6692800382040258
0.6587619200602401 2.621686710138271 2.5461896028275772
0.6587619200602401 3.2837265603471555 2.874475234265859
0.6587619200602401 5.551309938232215 5.281805588409217
0.6587619200602401 5.385521654157017 4.310788108098181
0.6587619200602401 6.663820092835657 4.769354727466587
0.6587619200602401 3.059566648933956 2.9672280055157367
0.6587619200602401 3.059566648933956 2.9672280055157367
0.6587619200602401 3.059566648933956 2.9672280055157367
0.6587619200602401 4.495958357269654 3.471769086707814
0.6587619200602401 6.447467927206109 4.492297980809662
0.6587619200602401 2.982413111885976 2.893041912200371
0.6587619200602401 2.982413111885976 2.893041912200371
0.6587619200602401 2.982413111885976 2.893041912200371
0.6587619200602401 6.273367238224463 4.580562144011866
0.6587619200602401 3.2430792708584595 3.0896413585685485
0.6587619200602401 3.184026968906107 3.0283246363743763
0.6587619200602401 4.475763560040999 3.68308750908968
0.6587619200602401 4.467424970460776 4.190456291074477
0.6587619200602401 4.382263916160582 4.230061596916605
0.6587619200602401 4.364176539497429 4.219359776312792
0.6587619200602401 4.36550005227004 4.222483689808387
0.6587619200602401 4.36460102982441 4.222068756371945
0.6587619200602401 4.26315168162164 2.594571163232262
0.6587619200602401 0.9482597052414374 0.9371251750421603
0.6587619200602401 5.723716516623565 4.427699398187911
