2.1663097511078786 7.7160776712942365 5.4720176529594085
2.1663097511078786 6.0873266659078205 5.608052537250879
2.1663097511078786 6.236413689585152 6.005327718574285
2.1663097511078786 7.079597730055982 6.47041189587801
2.1663097511078786 7.705958158019973 6.994334300309822
2.1663097511078786 6.625743833557323 6.454227138078498
2.1663097511078786 4.7246860324039766 4.022863251401952
2.1663097511078786 5.162346659712107 5.0228975411546966
2.1663097511078786 5.162346659712107 5.04711447091964
2.1663097511078786 5.162346659712107 4.428905979696872
2.1663097511078786 4.779415896371837 4.38584049877382
2.1663097511078786 5.256467479194097 4.937068808917441
2.1663097511078786 5.256467479194097 5.137615258883091
2.1663097511078786 6.039936381639553 5.613226889028558
2.1663097511078786 2.1663097511078786 2.16630975110788
2.1663097511078786 2.1663097511078786 2.16630975110788
2.1663097511078786 2.883784291902128 2.497451846859072
2.1663097511078786 5.226781343604191 4.480822653106123
2.1663097511078786 5.226781343604191 4.9508356676115
2.1663097511078786 4.910310883349297 4.804772378263088
2.1663097511078786 4.910310883349297 4.804772378263088
2.1663097511078786 4.910310883349297 4.804772378263088
2.1663097511078786 4.910310883349297 4.804772378263088
2.1663097511078786 4.910310883349297 4.804772378263088
2.1663097511078786 6.664494097722784 5.888265301645133
2.1663097511078786 8.893543477196094 7.425307626996243
2.1663097511078786 6.474551294187798 6.308849696377028
2.1663097511078786 6.474551294187798 6.308849696377028
2.1663097511078786 6.474551294187798 6.308849696377028
2.1663097511078786 6.974830927998482 6.719095735940844
2.1663097511078786 6.833246788259409 6.653749209907423
2.1663097511078786 6.833246788259409 6.653749209907423
2.1663097511078786 6.833246788259409 6.653749209907423
2.1663097511078786 8.631211696052777 6.853718763103599
2.1663097511078786 5.573525979765563 5.442479201740269
2.1663097511078786 5.573525979765563 5.442479201740269
2.1663097511078786 5.573525979765563 5.442479201740269
2.1663097511078786 6.602024337861302 5.917170751630607
2.1663097511078786 5.573525979765563 4.239261669827185
2.1663097511078786 5.936651080527337 5.610075402091856
2.1663097511078786 6.018358963068007 5.832491893743079
2.1663097511078786 6.018358963068007 5.870203224146466
2.1663097511078786 6.018358963068007 5.870203224146466
2.1663097511078786 6.018358963068007 5.767736808317973
2.1663097511078786 6.132597582410835 4.512302314535503
2.1663097511078786 3.197106110606548 3.157460096779677
2.1663097511078786 3.197106110606548 3.157460096779677
2.1663097511078786 3.197106110606548 3.157460096779677
2.1663097511078786 3.197106110606548 3.157460096779677
2.1663097511078786 3.197106110606548 3.157460096779677
