1.6736881329416602 7.635662456747623 5.058790041889734
1.6736881329416602 4.502247743570699 4.336991095889248
1.6736881329416602 4.6384240544090005 4.2727486530785335
1.6736881329416602 4.135255082940979 4.040521636318264
1.2789984500585097 1.7796546250679701 1.5445069099818225
1.2789984500585097 2.1444821831104375 1.9395596516010098
1.2789984500585097 1.8012127918648067 1.7811276248722565
1.2789984500585097 1.8012127918648067 1.7811276248722565
1.2789984500585097 3.8830857221100676 2.7419920542162237
1.2789984500585097 1.8012127918648067 1.7811276248722565
1.2789984500585097 1.8012127918648067 1.7811276248722565
1.2789984500585097 5.371677851581445 3.5663601547305777
1.2789984500585097 1.8012127918648067 1.7811276248722565
1.2789984500585097 1.8012127918648067 1.7811276248722565
1.2789984500585097 1.8012127918648067 1.7811276248722565
1.2789984500585097 1.8012127918648067 1.7811276248722565
0.9990999401728904 1.4741775253913834 1.2291318452693338
0.9990999401728904 5.601245032191905 3.300172486182399
0.20844944557767464 5.67880278137919 2.9740357478859414
0.20844944557767464 0.20844944557767464 0.20844944557767453
0.20844944557767464 0.20844944557767464 0.20844944557767453
0.20844944557767464 0.20844944557767464 0.20844944557767453
0.20844944557767464 0.6225828174953247 0.39958792492428213
0.20844944557767464 0.20844944557767464 0.20844944557767453
0.20844944557767464 0.3931306577568603 0.293686928121914
0.19372654880282925 0.23537239600380078 0.21351397431000235
0.19372654880282925 5.320932274040125 5.113054465964326
0.19372654880282925 5.604669854299676 3.9973480270593784
0.19372654880282925 5.645497461799799 2.709928508647584
0.19372654880282925 0.19372654880282925 0.19372654880282913
0.19372654880282925 3.0540368449929507 1.513869762429039
0.19372654880282925 2.647757912029896 2.192903985990865
0.19372654880282925 1.8387520262168064 1.0162392875098176
0.19372654880282925 2.6554787456923 1.4431304845925501
0.19372654880282925 2.9931994227739342 1.6119908231333673
0.19372654880282925 2.375808442265314 1.3894205679995972
0.19372654880282925 0.4204748724781351 0.4117537831060077
0.19372654880282925 0.4204748724781351 0.4117537831060077
0.19372654880282925 0.8970846457372628 0.823188855090296
0.19372654880282925 0.8970846457372628 0.8700324112397843
0.19372654880282925 0.8970846457372628 0.8700324112397843
0.19372654880282925 0.8970846457372628 0.8700324112397843
0.19372654880282925 0.8970846457372628 0.8700324112397843
0.19372654880282925 0.8970846457372628 0.8700324112397843
0.16694132888580926 0.3905878124531452 0.2797947714355163
0.16694132888580926 5.452198494903332 2.736764081152292
0.16694132888580926 5.068609322675492 2.6947893209185216
0.16694132888580926 0.3338049850178604 0.3273871520897043
0.16694132888580926 0.3338049850178604 0.3273871520897043
0.16694132888580926 0.3338049850178604 0.3273871520897043
