2.6410939815845684 7.768646808731106 5.74738400650051
2.215582677500024 5.102891704755244 3.5645526633133775
2.215582677500024 2.215582677500024 2.215582677500024
2.215582677500024 5.981715648832012 3.953797895037863
2.215582677500024 6.959349742869264 5.1715534185493945
2.215582677500024 6.346655942874914 5.7078885843808305
2.215582677500024 6.126394994530905 5.759844910893875
2.215582677500024 6.138797000533522 4.460647987446761
1.8386398952451732 5.958863595471648 3.754779402359503
1.8386398952451732 7.381931753703565 5.867235549145003
1.8386398952451732 7.788552728249657 6.762448373085268
1.8386398952451732 10.202392415237817 8.921259714003234
1.8386398952451732 10.202392415237817 6.9429744963584925
1.8386398952451732 4.680908885827041 3.259774390536108
1.8386398952451732 1.8386398952451732 1.838639895245173
1.8386398952451732 2.658538886386325 2.217054814233397
1.8386398952451732 3.2660116944854782 2.7383523437336477
0.6712424969526656 1.8386398952451732 0.7556435288115604
0.22273739079944876 3.442250356867064 1.8497440702237649
0.22273739079944876 2.8203689112641226 1.4216442463985293
0.22273739079944876 5.6591901790049555 3.306890666348648
0.22273739079944876 5.484469410046767 3.849947695269491
0.22273739079944876 0.22273739079944876 0.22273739079944865
0.22273739079944876 0.22273739079944876 0.22273739079944865
0.22273739079944876 3.2338289062352357 1.728283148517343
0.22273739079944876 0.22273739079944876 0.22273739079944865
0.22273739079944876 3.2222067474079457 1.7224720691036974
0.22273739079944876 0.22273739079944876 0.22273739079944865
0.22273739079944876 2.8299248671203654 1.5263311289599075
0.22273739079944876 0.22273739079944876 0.22273739079944865
0.22273739079944876 0.22273739079944876 0.22273739079944865
0.22273739079944876 3.156199913345166 1.5766431704359343
0.22273739079944876 0.22273739079944876 0.22273739079944865
0.22273739079944876 1.2509189649703285 0.6972827327244698
0.22273739079944876 3.0345852783297826 1.6286613345646166
0.22273739079944876 2.9742219885025674 1.4926533589701192
0.22273739079944876 0.22273739079944876 0.22273739079944865
0.22273739079944876 0.22273739079944876 0.22273739079944865
0.22273739079944876 3.0761901039996897 2.2203873725424335
0.22273739079944876 1.5840810036390391 1.53172163391444
0.22273739079944876 1.5840810036390391 1.53172163391444
0.22273739079944876 0.22273739079944876 0.22273739079944865
0.22273739079944876 0.22273739079944876 0.22273739079944865
0.22273739079944876 0.22273739079944876 0.22273739079944865
0.22273739079944876 0.22273739079944876 0.22273739079944865
0.22273739079944876 3.2542116225594317 1.7384745066794405
0.22273739079944876 0.22273739079944876 0.22273739079944865
0.22273739079944876 0.22273739079944876 0.22273739079944865
0.22273739079944876 0.22273739079944876 0.22273739079944865
0.22273739079944876 6.182368459314649 3.202552925057049
