2.7870449618425295 7.640461878116447 5.23041652643148
2.7870449618425295 6.935024501635244 5.593310601422242
2.7870449618425295 4.5706720504240685 4.5020710085555455
2.7870449618425295 4.5706720504240685 4.5020710085555455
2.7870449618425295 4.5706720504240685 4.5020710085555455
2.7870449618425295 6.666936005854925 5.550202986270974
2.7870449618425295 7.204582362969223 6.012289332163734
2.7870449618425295 8.207312551049144 7.312405494195785
2.7870449618425295 8.320321920885501 8.050998891388748
2.7870449618425295 8.207312551049144 7.998840720695043
2.7870449618425295 8.207312551049144 7.998840720695043
2.7870449618425295 9.189492370861716 8.452154483685463
2.7870449618425295 8.207312551049144 5.632108870718823
2.7870449618425295 3.4738488510967014 3.4474333168946196
2.7870449618425295 4.769393764240661 4.095205773466598
2.7870449618425295 5.433121786337761 4.118355194132887
2.7870449618425295 5.092425460929128 3.9643950940979544
2.7870449618425295 4.5596821645061105 3.8669946136751325
2.7870449618425295 5.834293446133511 4.93400515579501
2.7870449618425295 4.382803338880652 4.308674884353971
2.7870449618425295 6.476142806021336 4.721103895723369
2.7870449618425295 8.494652006703678 6.012557202066277
2.7870449618425295 6.538317106536198 5.034389751982537
2.7870449618425295 6.538317106536198 6.3940374086633645
2.7870449618425295 6.538317106536198 6.3940374086633645
2.7870449618425295 6.538317106536198 6.3940374086633645
2.7870449618425295 6.538317106536198 6.3940374086633645
2.7870449618425295 8.432002945618864 6.630418153200059
2.7870449618425295 8.432002945618864 8.214889177012086
2.7870449618425295 8.432002945618864 8.214889177012086
2.7870449618425295 8.432002945618864 8.214889177012086
1.6456758529578548 6.750927241154274 4.045844536313305
1.6456758529578548 5.127591222655841 4.147678374118805
1.6456758529578548 5.670888442358429 4.614936325333784
1.6456758529578548 6.485882885891407 6.203107398561755
1.6456758529578548 6.292655529150064 6.113925541604212
1.6456758529578548 4.7594150445008445 4.374687839139875
1.6456758529578548 5.771904273430604 5.144722574692166
1.6456758529578548 4.730028606917006 3.8370024717773275
1.6456758529578548 3.882835820759237 3.5472383735914836
1.6456758529578548 4.579184830348257 3.0281209347382303
1.6456758529578548 3.1090588876081893 2.4999069536815375
1.6456758529578548 3.3648275326951205 3.2378174077403425
1.6456758529578548 3.238655315904023 3.113227637394021
1.6456758529578548 4.189256255833875 3.616125770373718
1.6456758529578548 5.133447962236378 4.0962263178328095
1.6456758529578548 5.696982801217455 4.474225025287648
1.6456758529578548 4.5820332773147285 3.9466809771871048
1.6456758529578548 4.540617978993566 3.9104102678842407
1.6456758529578548 5.1285419366173315 4.138521138188777
