1.214197822928878 7.735553382648742 5.244951164615546
1.214197822928878 7.287529059144239 5.072675344066905
1.214197822928878 7.339136497663205 5.954080158544941
1.214197822928878 7.339136497663205 7.138701201401452
1.214197822928878 7.339136497663205 6.56410526251929
1.214197822928878 7.339136497663205 6.847271265929268
1.214197822928878 8.647928533902133 6.026759180627563
1.214197822928878 8.647928533902133 3.568790095967359
0.5580994570144537 8.647928533902133 2.2684692081025775
0.5580994570144537 3.2842586543882963 1.348840858745635
0.5580994570144537 5.2046729228770445 1.837552752676867
0.5580994570144537 3.220944355828483 0.7178701509432956
0.5580994570144537 5.7456304577633865 2.4256106172840686
0.5580994570144537 0.5580994570144537 0.5580994570144534
0.5580994570144537 0.5580994570144537 0.5580994570144534
0.5580994570144537 0.5580994570144537 0.5580994570144534
0.5580994570144537 3.1068105040593896 1.52660965489153
0.5580994570144537 3.3008160199298016 2.185539357717039
0.5580994570144537 5.0540762505785075 2.4675022201772268
0.5580994570144537 5.0540762505785075 0.6706617997561223
0.5580994570144537 0.5580994570144537 0.5580994570144534
4.876082039461107 5.401233510846112 2.7859411217770162
0.5580994570144537 4.876082039461107 1.59441527680165
0.5580994570144537 0.5580994570144537 0.5580994570144534
0.5580994570144537 2.805374591757062 1.4570095109114976
0.5580994570144537 2.805374591757062 0.6479904624041578
0.5580994570144537 0.5580994570144537 0.5580994570144534
2.8750535892940055 5.629884891726036 2.1810707961221585
0.5580994570144537 2.9570328804075037 1.5656514948395348
0.5580994570144537 3.0813282963045983 1.9990881690065614
2.8750535892940055 4.9678678641664575 3.0299960677014672
2.8750535892940055 6.663526483548207 3.9290736547498066
0.5580994570144537 3.032291368724913 0.746600543185436
0.5580994570144537 5.128244267029132 2.386157381020324
0.5580994570144537 0.5580994570144537 0.5580994570144534
0.5580994570144537 5.259240931170009 2.4906853471659067
0.5580994570144537 5.259240931170009 0.6521222864975645
0.5580994570144537 6.197781191754547 2.475591246826084
0.5580994570144537 5.658262580426097 2.4961614439108772
0.5580994570144537 5.658262580426097 0.6601027194826864
0.5580994570144537 5.703122451141226 3.027710494195304
0.5580994570144537 5.736082264809568 0.9703604928179633
0.5580994570144537 0.5580994570144537 0.5580994570144534
0.5580994570144537 0.5580994570144537 0.5580994570144534
0.5580994570144537 5.7260168873754544 2.4185497319444127
1.50219181761959 5.7260168873754544 0.6614578056216734
0.5580994570144537 3.2638377733973525 0.8500859111734969
0.5580994570144537 1.50219181761959 0.5769813042265561
0.5580994570144537 5.476834644288065 2.7835234475859165
0.5580994570144537 5.4901215590886565 1.4685435146332422
0.5580994570144537 3.2040284771171454 1.6959781658100423
0.4058384756772182 3.2040284771171454 0.6509012845660627
3.252302096264185 0.6820678916953757 0.4208984263756054
0.15760472904477085 3.252302096264185 0.7356287816502893
0.15760472904477085 5.456689833467781 3.2930017179303004
0.15760472904477085 5.456689833467781 0.2635864311332307
0.15760472904477085 3.2449760708909747 2.359332142277764
0.15760472904477085 0.15760472904477085 0.15760472904477066
0.15760472904477085 0.15760472904477085 0.15760472904477066
0.15760472904477085 0.15760472904477085 0.15760472904477066
3.1399155187473444 2.141243129648839 0.9510600892863983
0.15760472904477085 3.1399155187473444 0.9725656904493344
0.15760472904477085 3.1399155187473444 0.21725094483882199
0.15760472904477085 0.15760472904477085 0.15760472904477066
0.15760472904477085 0.15760472904477085 0.15760472904477066
0.15760472904477085 2.4503034886057624 1.0746842328691673
0.15760472904477085 0.2806206098778721 0.21419203422799715
0.15760472904477085 0.2806206098778721 0.2633983865612376
0.15760472904477085 0.2806206098778721 0.2732396570278857
0.0876853659544321 2.7394832189913427 0.33625549188264114
0.0876853659544321 7.760235437080851 3.175316861890029
0.0876853659544321 0.11688289242391336 0.11558407817554578
0.0876853659544321 4.249225080108417 1.768520118145112
0.0876853659544321 5.585787631306022 2.4130961931113935
0.0876853659544321 5.585787631306022 1.4085133441006434
0.0876853659544321 3.2383265082194908 2.8060433333161434
0.0876853659544321 3.9743448208978234 1.4400411321197788
3.216039931861268 2.584746578483362 0.9526909013541291
0.08162358197433095 0.0876853659544321 0.0838984864316788
3.216039931861268 0.0876853659544321 0.084090413901855
0.08162358197433095 1.0342636670622167 0.1796651339378817
3.216039931861268 0.08599414695441654 0.08539230622646414
3.216039931861268 2.307176412400303 0.8396602507503118
3.216039931861268 2.668598865961933 1.118896452599417
3.216039931861268 0.08743199661812584 0.08642197379301493
3.216039931861268 0.08743199661812584 0.08713516804369817
0.08540991498682304 3.216039931861268 1.0595257396165358
0.08540991498682304 5.6633722080188775 1.9247530425771031
0.08540991498682304 0.0884401893090474 0.08732814675625143
0.08540991498682304 4.594903710946156 2.0711764991839714
0.08540991498682304 2.7118471747222235 1.0851209106700062
0.08540991498682304 5.049815283902738 2.0731898120637617
0.08540991498682304 5.232415858065547 3.4001156750497956
0.08540991498682304 4.871890255854979 2.0970626337147773
0.08540991498682304 5.600093602401113 3.442999129001211
0.08477364303789914 3.695266698569729 0.158102468602275
0.08477364303789914 0.08809888459019932 0.08611120092551844
0.08477364303789914 5.355767617297875 0.2961711742524144
0.08477364303789914 4.965432599628233 2.57431834693856
0.08477364303789914 2.63612685992246 0.9365503106411451
