2.7791422652096185 7.752447127730697 5.436442222675051
2.7791422652096185 7.324956359340559 5.172744977625777
2.7791422652096185 7.959085973191236 6.410532149128301
2.7791422652096185 7.959085973191236 6.28861088869911
2.7791422652096185 9.013396344440974 6.974004558886885
2.7791422652096185 9.013396344440974 5.921654008054105
2.7791422652096185 6.157207915757027 6.060326976496332
2.7791422652096185 6.157207915757027 6.060326976496332
2.7791422652096185 6.551393443796545 5.5211418902824425
2.7791422652096185 6.551393443796545 4.5947079126423835
1.4221473128128541 6.551393443796545 2.819833740769269
1.4221473128128541 4.939846352680373 3.6871175932776743
1.4221473128128541 4.939846352680373 3.842043502888921
5.341427051380183 5.262799952657236 3.1730419130159335
1.1409378609112655 5.341427051380183 3.240329560183651
1.1409378609112655 5.341427051380183 1.3088976513046386
1.1409378609112655 3.239688025511143 1.8772474417422353
1.1409378609112655 2.8767743047586944 1.1756545897882138
1.1409378609112655 3.1683581568417556 2.033002791120682
1.1409378609112655 3.1683581568417556 1.181486266829875
1.1409378609112655 2.9935866721251227 1.9561033378453623
1.1409378609112655 2.9935866721251227 2.7342158385551825
3.5477797559648683 5.389775913386089 3.902715382938498
3.5477797559648683 7.63399980985019 3.3676567283960512
3.5477797559648683 3.298408138255788 3.116682616326188
3.5477797559648683 3.298408138255788 3.1669314994502202
3.5477797559648683 3.9649558136150387 3.435213080594261
3.5477797559648683 5.5389215758273025 4.746185018414483
2.791601236202031 5.747055357662514 4.157158083403653
2.791601236202031 5.747055357662514 2.8658338890264976
2.791601236202031 3.2632027184242998 2.99910588837983
2.791601236202031 3.2632027184242998 2.8859215326464844
2.791601236202031 3.2632027184242998 2.8010332658464763
0.9895408434422284 2.791601236202031 1.9626534555325212
0.12308418413776723 3.2554958458353203 1.6494125632498458
0.12308418413776723 5.590970234236856 3.4171208341469157
3.068464221706041 5.590970234236856 2.1731018447342576
3.068464221706041 6.666732722605804 3.990746118152033
0.12308418413776723 3.068464221706041 0.5943449901486907
0.12308418413776723 0.12308418413776723 0.12308418413776706
0.12308418413776723 0.12308418413776723 0.12308418413776706
0.12308418413776723 2.7969852946027207 1.3530786949516456
0.12308418413776723 5.63783837906707 3.506660965116635
0.12308418413776723 2.719657724106242 1.2136450709245263
0.12308418413776723 2.719657724106242 0.1750156549371364
0.12308418413776723 2.805494993968655 1.1960485080701226
0.12308418413776723 0.12308418413776723 0.12308418413776706
0.12308418413776723 2.541252956761092 1.5353624385301563
0.12308418413776723 1.35651948612658 0.1477528901775433
0.12308418413776723 0.12308418413776723 0.12308418413776706
0.12308418413776723 3.6515473606135562 1.393330927669051
0.12308418413776723 2.5413529989252983 1.0420263337570288
5.601302512192987 2.984892036465489 1.2678073250688557
0.12308418413776723 5.601302512192987 2.1032541369243334
0.12308418413776723 2.588490754374796 0.17239231554250764
0.12308418413776723 0.12308418413776723 0.12308418413776706
0.12308418413776723 0.7448060903149814 0.4348705423848188
4.958552638155577 5.663782529290117 4.281736140633185
4.958552638155577 0.2141049449212855 0.20864369927427415
4.958552638155577 5.387158154685327 2.3849668778065127
4.958552638155577 4.932358838990076 4.322226185485708
4.958552638155577 4.6356482979426445 0.300715396766042
4.958552638155577 0.2141049449212855 0.21228452970561487
4.958552638155577 0.2141049449212855 0.21228452970561487
4.958552638155577 0.2141049449212855 0.21228452970561487
4.958552638155577 5.323057816916133 2.3580447359434524
4.958552638155577 0.2141049449212855 0.2104641144899445
4.958552638155577 3.4121041772729517 1.5536237920776454
0.2141049449212855 4.958552638155577 0.6576207450270618
0.2141049449212855 5.672726175955255 1.8446366413084079
0.2141049449212855 0.2141049449212855 0.21410494492128523
5.668232351479659 4.408070777258462 2.898614719313163
0.2141049449212855 5.92567683902071 4.218179864769463
0.2141049449212855 5.30263457444887 3.8531520410398574
0.2141049449212855 5.30263457444887 2.9981496460704795
0.2141049449212855 5.667074495883192 3.6486390406031823
0.2141049449212855 5.667074495883192 1.6117691962970795
0.2141049449212855 5.538224408920652 2.663199898360995
0.2141049449212855 0.2141049449212855 0.21410494492128523
0.2141049449212855 0.2141049449212855 0.21410494492128523
0.2141049449212855 5.069713901888257 2.156348527708074
0.2141049449212855 1.4654145359424473 0.8147335486114435
5.230630277896221 5.6565437227309125 2.3072578723093686
0.2141049449212855 5.322331391750691 4.391578412199284
0.2141049449212855 5.570209240802978 3.6464986014122114
2.879483217886602 5.578842753705459 3.7849845016529877
0.2141049449212855 5.578842753705459 2.5301964109830424
2.879483217886602 3.8237290834878768 2.7069075994411698
2.879483217886602 3.8237290834878768 1.5361958442107755
2.879483217886602 5.674152944964284 3.1215246284253144
0.2141049449212855 5.674152944964284 0.8447587705078362
0.2141049449212855 5.267686509601699 3.5399299885741358
0.2141049449212855 5.675552751004066 2.499755698648006
0.2141049449212855 0.2141049449212855 0.21410494492128523
0.2141049449212855 4.984230287550712 0.4049099586264624
0.2141049449212855 0.9144456246884904 0.4662275896374789
0.2141049449212855 4.468502722624429 2.171127922664731
0.2141049449212855 4.468502722624429 0.29919290047534813
0.2141049449212855 3.1336895641056057 1.4803504256853848
0.2141049449212855 0.2141049449212855 0.21410494492128523
