1.556528617679842 7.779011019809227 5.300096959459728
1.556528617679842 9.532571665004452 6.565813678245646
1.556528617679842 9.532571665004452 4.89167481902029
1.556528617679842 6.027171352882068 5.649185990914455
1.556528617679842 6.027171352882068 5.711923083192781
1.556528617679842 7.764741664779745 6.702289435413004
1.556528617679842 7.764741664779745 7.536323185123889
1.556528617679842 7.764741664779745 7.39677898857537
1.556528617679842 7.764741664779745 7.506874971929907
1.556528617679842 7.744299374358743 6.474675596870202
1.556528617679842 7.744299374358743 6.2572353506783065
1.556528617679842 7.744299374358743 5.674823433216047
1.556528617679842 7.737283830309481 4.727531524206014
1.556528617679842 9.048009694564275 7.704352982035356
1.556528617679842 9.048009694564275 7.681361626811147
1.556528617679842 9.048009694564275 6.76323734002003
1.556528617679842 8.066573143284948 5.6918099237372894
1.556528617679842 8.208937995663304 7.275240418615004
1.556528617679842 8.519149246771274 6.0151664804447025
1.556528617679842 8.519149246771274 3.8593507035582206
1.556528617679842 8.208937995663304 3.424506429178401
1.556528617679842 6.228875655232695 4.56586879396828
1.556528617679842 6.228875655232695 4.558975155395552
1.556528617679842 6.228875655232695 5.157084902158261
1.556528617679842 6.228875655232695 4.815762157192982
1.556528617679842 6.7276377856893 4.56886177846565
1.556528617679842 2.9996878387627537 2.9419614699194376
1.556528617679842 2.9996878387627537 2.7788025522454745
1.556528617679842 6.7367519972224965 2.8846035565222996
1.556528617679842 3.0761457539377024 2.6111443865027297
1.556528617679842 2.628839023729356 2.5698718318396363
1.556528617679842 4.921140018488973 3.5591030169831925
1.556528617679842 6.50243329935773 4.339105072461432
1.556528617679842 8.249834317481477 5.7105685942017
1.556528617679842 8.249834317481477 6.296991331117087
1.556528617679842 7.402263476669239 6.155195252993057
1.556528617679842 6.413860721990911 5.774358231541458
1.556528617679842 6.868367716304066 6.278012800542168
1.556528617679842 6.868367716304066 5.184331750531556
1.556528617679842 6.675250881478668 5.996490660141974
1.556528617679842 7.0073905923742466 5.495956227000612
1.556528617679842 8.847230065474466 6.622007831265338
1.556528617679842 8.847230065474466 5.710563044949567
1.556528617679842 6.482144734499247 4.623752836989819
1.556528617679842 6.482144734499247 3.580757861781629
1.556528617679842 6.482144734499247 3.3026361223713905
1.5155346325744827 3.7049618767696093 2.522019280639567
1.0848247218570681 3.7049618767696093 2.011317359733789
1.0848247218570681 3.7049618767696093 1.2918504138778792
1.0848247218570681 3.7049618767696093 1.1458416631696668
1.0848247218570681 5.662388440198377 4.405003298785947
1.0848247218570681 5.662388440198377 1.6007071366873902
2.7915141721149124 5.671238514577652 3.102846790654128
1.0848247218570681 5.892483639847121 3.4585934034421304
1.0848247218570681 5.892483639847121 1.3949112378004138
2.7915141721149124 5.51631987732906 2.7263222467396555
2.7915141721149124 2.062084032474378 1.7850526191811371
2.6606706272117724 5.328378994733367 3.1709067156043744
2.6606706272117724 5.328378994733367 2.3811205294903406
2.6606706272117724 2.1567729272378604 1.563148029466366
2.6606706272117724 3.2369574556441525 2.96669150646128
2.6606706272117724 3.2369574556441525 3.143718836923291
2.6606706272117724 3.659220236930143 3.323571051099655
2.6606706272117724 4.489845417387777 3.9383714534107512
2.6606706272117724 7.13367734782871 4.5268031337987225
2.6606706272117724 3.75092851228488 2.9797953417316894
2.6606706272117724 5.4874797707565435 4.245806255487721
2.6606706272117724 7.571497332807496 5.8330309100360385
2.6606706272117724 7.571497332807496 5.197206825707395
2.6606706272117724 6.559438606473883 4.0776495586468675
2.6606706272117724 6.089310456482664 4.322881814261958
2.6606706272117724 6.089310456482664 3.8512747380195553
2.6606706272117724 6.207183602552973 4.330317760213231
1.160674157959598 3.5235357269616405 1.4956327137759808
1.160674157959598 5.327934720251683 2.7742331010156365
1.160674157959598 5.327934720251683 4.227571039140073
1.160674157959598 4.971245284636137 3.668192475086454
1.160674157959598 7.49456713912179 5.0847788647099
1.160674157959598 7.820052737095622 5.137042670330659
1.160674157959598 7.820052737095622 3.4554322133189963
1.160674157959598 6.05288755994696 4.1326816329619
1.160674157959598 6.05288755994696 3.4277611337160785
1.160674157959598 4.8517288388757756 4.053037726998197
1.160674157959598 6.594223598575272 4.7557237232172636
1.160674157959598 6.594223598575272 3.656652817317298
0.5314263261454575 3.692200025603182 2.111051061952605
0.5314263261454575 1.160674157959598 0.5440112827817399
0.5314263261454575 0.5314263261454575 0.5314263261454572
0.5314263261454575 4.961382786792193 2.3920080396170893
0.5314263261454575 4.961382786792193 2.1176468214862663
0.5314263261454575 4.275479741465137 0.6063073944518507
0.5314263261454575 0.5314263261454575 0.5314263261454572
3.2894455552181907 0.5314263261454575 0.5314263261454572
0.5314263261454575 3.290346100619239 1.1934049738469763
0.5314263261454575 1.0779434214226673 0.7172421385397085
0.5314263261454575 5.649685589075585 2.4177210284224824
0.5314263261454575 3.8837121094428295 2.006432070796302
0.5314263261454575 5.646339011741176 2.270496639248004
0.5314263261454575 0.5314263261454575 0.5314263261454572
0.5314263261454575 2.933502934928367 1.5883400340099387
