3.4296008842991808 7.71350066733339 5.663996432312408
3.4296008842991808 7.71350066733339 5.83795751106699
3.191247716832948 7.499759075187631 5.267807314256544
3.191247716832948 6.839779932178326 3.2642183611398554
3.191247716832948 4.3660811768086205 3.6846777700227302
3.191247716832948 6.123846771748138 4.779404146143263
3.191247716832948 6.123846771748138 4.5806777456484165
3.191247716832948 5.526087608510494 4.971377473118908
3.191247716832948 6.634983873859348 5.698476989596181
3.191247716832948 6.999136957235006 5.931299800200442
3.191247716832948 6.999136957235006 6.441881826241954
3.191247716832948 7.742564016247979 5.645660951100646
3.0112015205434273 7.742564016247979 4.651402762869792
3.0112015205434273 6.600406921945606 5.954349949693207
3.0112015205434273 6.948374531387957 6.359028071436928
3.0112015205434273 7.710456734802078 6.658426337964945
3.0112015205434273 7.710456734802078 6.00047708715411
3.0112015205434273 6.160811871910489 4.476762434213586
3.0112015205434273 5.54217818201257 3.3291743549579667
3.0112015205434273 3.893922132305612 3.7554463691175193
3.0112015205434273 4.042840249028959 3.8455128056191934
3.0112015205434273 4.042840249028959 3.7435739433617674
3.0112015205434273 4.343593975128872 3.7802954592427698
3.0112015205434273 6.112915062452572 4.788456932719327
6.050623748757335 6.112915062452572 3.962126556562004
1.869480713679096 6.050623748757335 4.363743705886526
1.869480713679096 5.949528738866057 2.114283595190314
1.869480713679096 3.110415843655201 2.3162173604704943
1.869480713679096 3.110415843655201 1.894299416278618
1.869480713679096 1.869480713679096 1.8694807136790959
1.869480713679096 1.869480713679096 1.8694807136790959
1.869480713679096 1.869480713679096 1.8694807136790959
1.869480713679096 2.9491313949199847 2.301340986175452
1.869480713679096 5.727189038813407 4.123615973986748
4.641551280881632 6.44918024376263 4.5904345588695925
4.641551280881632 8.048178952236617 6.875463383363715
4.641551280881632 8.048178952236617 5.830594502434037
4.641551280881632 6.720115389105693 4.551656348358505
4.641551280881632 6.720115389105693 3.447771992656442
4.641551280881632 6.720115389105693 3.8625565931926893
4.641551280881632 5.572382489478439 4.373969469154328
4.641551280881632 6.437808277758297 4.824497604793732
4.641551280881632 6.652650555142408 4.73601930790117
4.641551280881632 6.652650555142408 3.6346374295397106
4.641551280881632 3.8630762468065467 3.549694052524095
4.641551280881632 6.398420648922329 4.797227253016381
4.641551280881632 6.31854612638983 4.883563174218711
2.7429982996748703 6.631244793996618 4.662156084755191
2.7429982996748703 6.631244793996618 4.525420760630333
2.7429982996748703 6.631244793996618 5.355248318475549
2.7429982996748703 6.5778812825398205 5.058826526733361
2.7429982996748703 6.542020210202423 5.12097955392278
2.7429982996748703 6.542020210202423 4.222803617035789
2.7429982996748703 6.542020210202423 4.172953924703432
2.7429982996748703 4.049535593584558 4.0234048477063595
2.7429982996748703 4.049535593584558 4.0234048477063595
2.7429982996748703 4.049535593584558 4.0234048477063595
2.7429982996748703 4.049535593584558 3.868574827038472
2.7429982996748703 6.541128960322961 4.372227919049737
2.3409964307233975 6.541128960322961 3.3792856838582632
2.3409964307233975 4.024451388731212 2.408334629043709
2.3409964307233975 2.3409964307233975 2.3409964307233966
2.3409964307233975 4.111292619058375 3.01370898229069
2.3409964307233975 4.111292619058375 3.5837331722880608
2.3409964307233975 6.107558986158992 4.833180861615468
2.3409964307233975 6.95982273122392 4.921396746889756
2.3409964307233975 6.95982273122392 3.709530298628404
2.3409964307233975 6.348277025733157 5.561292655490467
2.3409964307233975 6.9403528484549035 5.687049228568927
2.3409964307233975 6.9403528484549035 3.9463857458171736
2.3409964307233975 8.469673851666535 7.534894044802427
2.3409964307233975 8.469673851666535 4.329911268334579
2.3409964307233975 6.01756104105996 4.7778731252201565
2.3409964307233975 7.256106838020676 5.777648285628658
2.3409964307233975 7.256608491918582 6.401716846401411
2.3409964307233975 8.09586025160063 6.416651350620578
2.3409964307233975 10.27043481860011 9.127912202295347
2.3409964307233975 10.27043481860011 8.905269113025302
2.3409964307233975 8.834033702150974 7.96606033322167
2.3409964307233975 8.834033702150974 8.59358170616384
2.3409964307233975 8.834033702150974 6.933445018688113
2.3409964307233975 8.834033702150974 6.7985275354951105
2.3409964307233975 7.968704994291906 7.164889926690785
2.3409964307233975 7.804054127745195 7.4829995206996065
2.3409964307233975 7.804054127745195 6.312417175990277
2.3409964307233975 7.643438240994666 4.962238255765165
2.3409964307233975 7.643438240994666 4.134247188711355
2.3409964307233975 5.595487596023627 3.8625058600262507
2.3409964307233975 5.58140361340762 4.931333749098205
2.3409964307233975 6.741269312702386 5.803821366598329
2.3409964307233975 7.6104124505159305 6.7780288596414735
2.3409964307233975 7.6104124505159305 6.296825795839696
2.3409964307233975 4.1677328121777535 6.331599992617089
2.3409964307233975 7.680011029666609 5.565315524041082
2.3409964307233975 7.680011029666609 5.819610080760433
2.3409964307233975 7.564244744090848 6.518205748960807
2.3409964307233975 7.564244744090848 5.968585597423729
2.3409964307233975 7.564244744090848 5.777036798028529
2.3409964307233975 5.875750857496186 4.843052677633668
2.3409964307233975 5.8322394869950465 3.799309172634299
