2.8243227941557802 7.620599529182474 5.51599977584382
2.8243227941557802 9.879043395122661 8.132410284356292
2.8243227941557802 9.879043395122661 7.456271770326605
2.8243227941557802 7.56695623360843 7.051509787588433
2.8243227941557802 8.201175190302068 6.7411855897782065
2.8243227941557802 8.713123639416454 7.4771672437356935
2.8243227941557802 8.725021714780908 8.046766718331419
2.8243227941557802 8.725021714780908 4.772228719377074
1.7809127528551731 8.713123639416454 2.777573167434071
2.72056651408996 6.264327755803901 5.18722260525288
1.7809127528551731 7.757253409360965 6.326406626634934
2.72056651408996 7.757253409360965 4.645076027484067
2.72056651408996 6.6976264737061335 6.240240735239333
2.72056651408996 6.6976264737061335 6.50095792487209
2.72056651408996 7.334055757858813 6.3526223690441865
2.72056651408996 6.808888340448803 5.821101078036445
2.72056651408996 10.31271467102559 7.758897867173811
2.72056651408996 11.86817694070228 10.330379523388991
2.72056651408996 11.86817694070228 11.297758671675071
1.7809127528551731 11.86817694070228 2.6883361690622793
1.7809127528551731 3.1268822263706046 2.4269781001425814
1.7809127528551731 2.710995750705948 2.362034595567211
1.7809127528551731 3.241214967028338 2.7478353356967062
1.7809127528551731 3.241214967028338 2.846422395290525
1.7809127528551731 2.7916274869201314 2.7353839792412264
1.7809127528551731 6.5140401079203585 4.139681854914247
1.7809127528551731 6.565127051773931 4.354227748792294
1.7809127528551731 6.645072508144651 4.798683244631739
1.6764755096559232 6.645072508144651 2.735282798902133
1.6764755096559232 3.9974623645955707 3.348415801330793
1.6764755096559232 3.9974623645955707 3.603939988038137
1.6764755096559232 6.206547123385249 4.968474692800477
1.6764755096559232 6.206547123385249 3.8761706752995786
1.6764755096559232 4.488122663935062 3.921051969051727
1.6764755096559232 4.414770355607878 3.604812011559218
1.6764755096559232 5.8279934251718295 3.819847173299512
1.6764755096559232 5.8279934251718295 3.0595145756457334
1.6764755096559232 5.8279934251718295 3.234801560107966
1.6764755096559232 4.446469153935848 3.274654261528754
1.6764755096559232 4.927701587030768 3.112542988177736
1.6764755096559232 3.5065601517145386 2.6842744028924237
1.6764755096559232 5.361711914671922 3.8722493087147076
1.6764755096559232 5.361711914671922 3.11834646527631
1.6764755096559232 3.1264748035290038 3.0855353101505347
1.6764755096559232 3.1264748035290038 3.0787083827159165
1.6764755096559232 3.4218079524586575 2.807992579690784
1.6764755096559232 3.4218079524586575 2.4837455511474213
0.9520191440129584 3.4218079524586575 1.9256811274850614
0.12146538703888199 2.9238068218990674 1.4543105972346138
0.12146538703888199 5.151922198283181 2.1336481115366026
0.12146538703888199 0.8306824855919115 0.419336568431154
0.12146538703888199 6.065057300507963 2.6262478551123776
3.261129748730611 6.065057300507963 1.456975464355988
0.12146538703888199 3.261129748730611 0.7439585895442014
0.12146538703888199 0.12146538703888199 0.12146538703888182
0.12146538703888199 0.12146538703888199 0.12146538703888182
0.12146538703888199 2.7991616635057146 0.28212716362689155
0.12146538703888199 5.603295379912517 2.608857658186933
0.12146538703888199 7.675714321923959 5.163311173310652
0.12146538703888199 5.280769517545384 3.4853085940681194
0.12146538703888199 9.200504695211652 7.2938635311598
0.12146538703888199 6.608448026356484 0.2512050398252337
0.12146538703888199 0.12146538703888199 0.12146538703888182
0.12146538703888199 2.4617963854932765 1.1044044063897278
5.644576082586575 0.12146538703888199 0.12146538703888182
0.12146538703888199 5.644576082586575 2.999085989569729
0.12146538703888199 4.569656422917845 0.21042920775646096
0.12146538703888199 5.055035635319886 2.1935648913169024
0.12146538703888199 0.12146538703888199 0.12146538703888182
0.12146538703888199 3.2570252088346554 1.25026692288536
0.12146538703888199 3.2570252088346554 0.1841765834747973
0.12146538703888199 0.12146538703888199 0.12146538703888182
0.12146538703888199 0.12146538703888199 0.12146538703888182
0.12146538703888199 0.12146538703888199 0.12146538703888182
0.12146538703888199 6.756201201348482 2.3772755639041465
0.12146538703888199 3.1171259399211313 2.217966207960654
0.12146538703888199 3.1171259399211313 0.18137859809652668
0.12146538703888199 2.6065931655702212 1.1155164984514179
0.12146538703888199 6.132316314956817 4.305172581059611
0.12146538703888199 5.008209814959738 3.523196413891873
0.12146538703888199 5.008209814959738 0.2805320195575819
0.12146538703888199 0.12146538703888199 0.12146538703888182
0.12146538703888199 5.589316699126073 2.1992488856320143
0.12146538703888199 2.6590759180933294 0.1722175976599706
0.12146538703888199 0.12146538703888199 0.12146538703888182
0.12146538703888199 0.12146538703888199 0.12146538703888182
2.9382089624668066 2.701131475272693 1.1533318223324067
0.12146538703888199 2.9382089624668066 0.5158094875987911
0.12146538703888199 0.12146538703888199 0.12146538703888182
0.12146538703888199 0.12146538703888199 0.12146538703888182
5.4958774110823185 0.12146538703888199 0.12146538703888182
0.12146538703888199 5.4958774110823185 0.766394829924094
0.12146538703888199 0.12146538703888199 0.12146538703888182
0.12146538703888199 0.12146538703888199 0.12146538703888182
0.12146538703888199 0.12146538703888199 0.12146538703888182
0.12146538703888199 4.829782358427302 2.0989585150220194
3.011117840137168 0.12146538703888199 0.12146538703888182
3.011117840137168 6.951986940852336 5.620626749583253
0.12146538703888199 3.1888537419212892 1.5324640302847898
0.12146538703888199 5.664321557405156 3.538537305991394
