3.198223862560081 7.720895567754813 5.631276945605038
3.198223862560081 7.502327098276156 3.51382285562792
3.198223862560081 5.7378726443017705 4.834438155597859
3.198223862560081 5.7378726443017705 1.7319328359407473
3.198223862560081 1.7405638396814607 0.7792364923529409
3.198223862560081 4.328184643688033 2.940147505007451
3.198223862560081 4.328184643688033 2.0296673827028844
3.198223862560081 3.1711366271049575 2.009584472399806
1.1105752340195676 4.982738923035267 1.3544886533740217
1.1105752340195676 1.1105752340195676 1.1105752340195687
1.1105752340195676 1.1105752340195676 1.1105752340195687
1.1105752340195676 1.1105752340195676 1.1105752340195687
1.1105752340195676 1.1105752340195676 1.1105752340195687
1.1105752340195676 1.1105752340195676 1.1105752340195687
0.6611885346585535 1.1105752340195676 0.9308205542751626
0.6611885346585535 1.1105752340195676 0.6881517366202142
0.6611885346585535 3.852470134334475 2.0015268065224405
0.6611885346585535 3.852470134334475 1.710207948483891
0.6611885346585535 0.6611885346585535 0.6611885346585532
0.6611885346585535 5.431642476668166 3.7628436492305246
0.6611885346585535 7.760101996851244 5.877858227662818
0.6611885346585535 7.760101996851244 6.323756439444904
0.6611885346585535 7.393614919466481 4.370394344802976
0.6611885346585535 7.1403809084542775 2.0467806914563225
0.6611885346585535 3.078706597363951 1.6322687131584308
0.6611885346585535 3.004930209485327 1.042685795976926
0.6611885346585535 3.6041436357386947 2.0782483474520115
0.6611885346585535 5.737159048045648 3.7341968116979944
0.23648405906402248 5.737159048045648 1.9444054196178053
5.676905759213636 5.5336838453313355 2.4613079692962962
0.23648405906402248 5.676905759213636 1.6481292628252777
0.23648405906402248 0.23648405906402248 0.23648405906402217
0.23648405906402248 0.23648405906402248 0.23648405906402217
0.23648405906402248 2.436029354547714 1.072311271347826
0.23648405906402248 2.6719362974731884 1.3645906412357491
0.23648405906402248 3.2305549532676605 1.698699993259175
0.23648405906402248 3.2305549532676605 0.3474921750635654
0.23648405906402248 0.5382022689505885 0.2563089954238208
0.23648405906402248 4.654099481657365 1.7392865570406797
0.23648405906402248 0.23790746383614492 0.23772810863522117
0.23648405906402248 3.155129761438577 2.4165696444013793
0.23648405906402248 3.155129761438577 0.39147138003930787
0.1398489982578366 0.23787986106885883 0.19857437386142987
0.1398489982578366 0.23786797329786724 0.14769051626103885
0.1398489982578366 3.226112849862585 2.7827273801572416
0.1398489982578366 3.134069615520652 1.5211112412003336
0.1398489982578366 0.1398489982578366 0.1398489982578364
0.1398489982578366 3.022520350159365 1.292917539018449
0.1398489982578366 2.8325809876852657 2.231561281224161
0.1398489982578366 3.25309162855557 1.6271729464079216
0.1398489982578366 0.4260021883407643 0.1627412534644706
0.1398489982578366 5.6830782115214475 2.35714068356328
1.3476498741041074 0.1398489982578366 0.1398489982578364
0.1398489982578366 7.5838490480053515 4.216599865487736
0.1398489982578366 1.3476498741041074 0.16400501577476173
0.1398489982578366 0.1398489982578366 0.1398489982578364
0.1398489982578366 0.1398489982578366 0.1398489982578364
0.1398489982578366 3.269606102523039 1.2039664137080068
0.1398489982578366 4.985411648582755 2.1749853113943023
0.1398489982578366 0.1398489982578366 0.1398489982578364
0.1398489982578366 0.1398489982578366 0.1398489982578364
0.1398489982578366 5.033855574253099 1.9995714971360359
0.1398489982578366 0.9532598036616204 0.4001404559870471
2.9898640413236923 0.9532598036616204 0.17238543047398772
2.9898640413236923 5.521441737749072 3.8745429107612743
0.1398489982578366 3.6806333932391344 1.666019473364768
2.9898640413236923 5.65287956160736 2.2302485043789018
2.9898640413236923 3.79774858675415 2.6251919188992527
0.20228563117088116 5.6286930307888525 2.3474390682954818
0.20228563117088116 5.174529982234038 2.3713244811543417
0.20228563117088116 5.685039633119747 3.927957282867033
0.20228563117088116 5.685039633119747 2.617694814697456
0.20228563117088116 5.629294923188777 0.38392427908717053
5.1312486474429235 0.6953833733156505 0.35987730801196455
5.1312486474429235 5.177427312952023 2.632944856367023
0.09462150009737202 5.229473850437266 2.9108766199525298
0.09462150009737202 0.39664326791326987 0.203349336511095
0.09462150009737202 0.09462150009737202 0.09462150009737197
5.285734844244033 0.09462150009737202 0.09462150009737197
0.09462150009737202 5.285734844244033 1.236666435809638
0.09462150009737202 0.4397011611273318 0.23955495772995486
0.09462150009737202 0.4397011611273318 0.10152309331797117
0.09462150009737202 2.8994266577752907 1.1604474600149823
0.09462150009737202 4.890523305413112 2.164996361483542
0.09462150009737202 2.9062787920494952 1.1630512710391805
0.09462150009737202 2.8362539720185294 1.191274488865836
0.09462150009737202 5.563375271944185 2.2821230088360975
0.09462150009737202 1.8259584631854335 0.683276067547313
4.112517779906948 0.09462150009737202 0.09462150009737197
0.09462150009737202 4.112517779906948 0.4160532024821378
0.09462150009737202 4.511946196764018 0.8897399454973683
0.09462150009737202 4.3971628098794575 2.3923242689070805
0.09462150009737202 3.2603390488452324 1.391260427222668
0.2066873315302158 0.09462150009737202 0.09462150009737197
0.09462150009737202 0.2066873315302158 0.10806939986931319
0.09462150009737202 0.4627653733896584 0.24980011333697041
0.09462150009737202 0.4627653733896584 0.10324029709110416
0.09462150009737202 3.207220712933975 0.40710943158607654
0.09462150009737202 0.0960169662394681 0.09598905691662613
0.09462150009737202 0.0960169662394681 0.09598905691662613
