2.6647860571934214 7.77410945133847 5.395376753071202
2.6647860571934214 7.3687645817796295 4.147805049246437
2.6647860571934214 6.75501728497893 4.45303390693112
2.6647860571934214 4.562449563624451 3.8679535200055715
2.6647860571934214 6.088122184806167 4.553585197821215
2.6647860571934214 6.464066175994649 4.402549671381833
2.6647860571934214 6.4886769815714125 4.894117564106869
2.6647860571934214 6.4886769815714125 5.0587266265916835
2.6647860571934214 6.154617218858679 4.702219544173592
2.6647860571934214 6.259597181633655 5.678137950067749
2.6647860571934214 6.259597181633655 4.728838536172186
2.6647860571934214 6.259597181633655 5.584341224716759
2.6647860571934214 5.563914407268783 4.136219744055856
2.6647860571934214 4.285673221760877 4.121836729018326
2.6647860571934214 4.285673221760877 3.8550069483847715
2.6647860571934214 3.9619966589582174 3.8981816403252822
2.159822775883438 3.9619966589582174 3.21518289369301
4.274173744188602 4.625571029123808 3.3942843733575296
4.274173744188602 6.213432223430647 4.4310529387332425
4.274173744188602 6.213432223430647 3.957414813781394
3.8952431072591733 4.274173744188602 3.9315561016028444
3.8952431072591733 4.3219538580680315 4.085711268840654
3.5766716226577633 4.3219538580680315 3.9305945462375416
3.5766716226577633 5.748704600364597 4.670496894358681
3.5766716226577633 6.360205736330379 5.485189872219025
3.5766716226577633 6.360205736330379 4.909359344728801
3.5766716226577633 5.0222253342833945 4.907200019521246
3.17877681704756 6.362274313619981 4.725543565311903
3.17877681704756 6.362274313619981 5.127771903068617
3.17877681704756 5.998037449548534 5.4947158688493065
3.17877681704756 6.472534771091031 5.937386417107669
3.17877681704756 6.472534771091031 6.037183280299254
3.17877681704756 6.9766545510561375 6.3118703346170095
3.17877681704756 6.9766545510561375 6.2007864162847
3.17877681704756 6.3505814742863045 5.99546500454692
3.17877681704756 6.3505814742863045 5.932028911402146
3.17877681704756 5.901991824370789 5.696445041417303
3.17877681704756 6.102489861840834 5.932482255328929
3.17877681704756 8.363298437250323 7.082913987919787
3.17877681704756 8.363298437250323 5.23178666213149
3.17877681704756 6.879479097281358 3.3425542544726743
4.452627362183961 6.614582911049201 4.2091601573693405
2.7927114026926856 6.614582911049201 4.475926445289448
2.7927114026926856 6.289838512931674 3.2502590311960313
2.7927114026926856 3.2482064220112012 3.1969208012442123
2.7927114026926856 5.723672196241527 4.24381370655839
2.7927114026926856 5.723672196241527 3.317869545605617
2.7927114026926856 3.2899327689037077 3.279139184383081
2.7927114026926856 3.2899327689037077 3.2592503297346407
2.7927114026926856 4.505612580384852 3.758257608778735
2.7927114026926856 4.56280421367946 4.340416784958334
2.7927114026926856 4.56280421367946 4.1786450139894615
2.7927114026926856 6.279606504475069 4.538917205954936
2.7927114026926856 6.279606504475069 4.904078859170448
2.7927114026926856 6.089134928764079 5.466733601087402
2.7927114026926856 6.089134928764079 5.410597667641886
2.7927114026926856 7.695068529904374 5.793233072143076
2.7927114026926856 8.751918998664735 7.595282306329197
2.7927114026926856 8.751918998664735 7.455225051381813
2.7927114026926856 8.751918998664735 6.84417916059922
2.6077209484718726 8.751918998664735 4.891722846267997
2.6077209484718726 6.472532355521626 4.471138954411618
2.6077209484718726 5.468636614443703 3.887874015706007
2.6077209484718726 5.468636614443703 2.9670164607081135
2.6077209484718726 4.340782247744141 3.349016468050357
2.6077209484718726 4.340782247744141 4.200765661609072
2.6077209484718726 6.225160895240357 4.903673377673636
2.6077209484718726 6.225160895240357 4.309147368723171
2.6077209484718726 4.340782247744141 4.144024723661033
2.6077209484718726 6.6249873902008005 4.82698542840524
2.6077209484718726 6.6249873902008005 3.765747110871302
2.6077209484718726 4.1198921379184945 3.6278212118218414
2.6077209484718726 3.6388218230146205 3.6181998055237643
2.6077209484718726 4.539687918646319 3.9064769561259065
2.6077209484718726 4.62632431936964 3.4454071037564544
2.6077209484718726 4.539687918646319 2.9256813543840416
1.3732148919943552 5.717865688018275 3.0281030951931984
5.736246710434951 4.01827240491528 2.5820565096880967
1.3732148919943552 6.343157445783838 5.2765274930743145
1.3732148919943552 6.343157445783838 5.290394009030504
4.93731220145548 6.019274793215299 5.162411096339031
4.93731220145548 6.139217101377724 5.523980479725274
4.93731220145548 6.139217101377724 5.627029002329842
4.93731220145548 6.139217101377724 3.3994364088453697
4.93731220145548 5.799446293886721 4.904882775024561
4.93731220145548 9.003591888210732 6.069301489315303
4.93731220145548 9.003591888210732 5.330594429913379
4.93731220145548 6.1217589272453985 5.149622399685901
4.93731220145548 6.1217589272453985 4.8888513511999045
4.93731220145548 7.219083509209515 6.205708489447318
4.93731220145548 8.368383651763569 6.779701756981425
4.93731220145548 9.807014077939161 6.517249450160548
4.598763287687699 9.807014077939161 4.805648689637979
4.598763287687699 4.93731220145548 4.923770244904771
3.622923074906659 4.93731220145548 4.509936702684502
3.622923074906659 4.93731220145548 3.7280742050305657
3.622923074906659 5.2873959719448 3.7560809066697103
3.6234659669812115 3.622923074906659 3.5594540684255778
3.0495724663929527 3.6234659669812115 3.5751924787244986
3.0495724663929527 3.6225453552138913 3.603926429868792
