1.7090259226281117 7.698209212666153 5.725858025120923
1.7090259226281117 7.408430723618675 6.391979424886487
1.7090259226281117 6.721365497261898 5.99379265379254
1.7090259226281117 6.721365497261898 4.21677539532714
1.7090259226281117 6.699346837714913 3.9209101413581187
1.7090259226281117 5.411161899953711 4.387285815128566
1.7090259226281117 5.411161899953711 3.784293792981825
1.7090259226281117 5.782154287070821 3.7733144773051612
1.7090259226281117 5.775675588558531 4.435283776669172
1.7090259226281117 8.064774002953857 6.363627455794086
1.7090259226281117 8.064774002953857 4.7007616459228645
1.7090259226281117 8.064774002953857 6.342710049526732
1.7090259226281117 7.887986529372778 4.656419132493436
1.7090259226281117 7.408415204105292 5.510030653502427
1.7090259226281117 7.408415204105292 3.9461594805048987
1.7090259226281117 9.152173994375314 7.798452935511765
1.7090259226281117 9.152173994375314 8.046855325419926
1.7090259226281117 8.800534392285442 7.332386636164211
1.7090259226281117 7.8988098745384345 7.775014195500223
1.7090259226281117 7.8988098745384345 7.651218516462016
1.7090259226281117 8.279185132197178 5.714782638202895
1.7090259226281117 8.279185132197178 3.2305409323989536
1.7090259226281117 3.0480776687856417 2.8421354024427097
1.7090259226281117 4.438726522004348 3.3536223033591326
1.7090259226281117 4.438726522004348 3.364917850604204
1.7090259226281117 5.504270786940815 3.4351583412569706
1.7090259226281117 4.438726522004348 3.2351434096498632
1.7090259226281117 3.274476427983672 3.2118584077694496
1.7090259226281117 4.523348481236127 3.7177387981124936
1.7090259226281117 4.523348481236127 3.2681448589416093
1.7090259226281117 5.008279906902665 3.9020127398657762
1.7090259226281117 5.008279906902665 2.9063418546898507
1.7090259226281117 3.274476427983672 2.466391276640465
1.7090259226281117 2.4301545353357388 2.415731963081589
1.7090259226281117 4.525308370159475 2.6252473465639627
1.7090259226281117 2.4301545353357388 2.415731963081589
1.7090259226281117 4.7328338052560746 3.428910841846534
1.7090259226281117 4.7328338052560746 3.2022422802202453
1.7090259226281117 4.7328338052560746 2.7773735348519097
1.7090259226281117 3.7229139489473124 2.6945246086976056
1.7090259226281117 5.258388090402256 3.648546624846732
1.7090259226281117 5.494889379039943 3.528214472135955
1.7090259226281117 5.595518727831038 4.073171291826631
1.7090259226281117 5.595518727831038 3.7595628086387176
1.7090259226281117 4.285692308883743 4.1554128277994975
1.7090259226281117 7.708772436509506 4.914439892934754
1.7090259226281117 7.708772436509506 6.034342349031581
1.7090259226281117 7.708772436509506 7.277032998194336
1.7090259226281117 7.708772436509506 6.817572327440331
1.7090259226281117 6.252960923436756 6.033678604027285
1.7090259226281117 6.859047555583979 5.88082726061489
1.7090259226281117 6.859047555583979 5.900447155491528
1.7090259226281117 6.53340659252768 6.0233761892567
1.7090259226281117 7.964847225398092 6.475333843703875
1.7090259226281117 8.163465460576193 7.818235722922222
1.7090259226281117 8.20265641945082 7.762110654057755
1.7090259226281117 8.342729920302078 7.678729746399288
1.7090259226281117 10.164597743708546 8.441867484165236
1.7090259226281117 10.164597743708546 4.301714906870063
1.7090259226281117 7.80611841198693 3.996523059652068
1.7090259226281117 6.200564669715998 2.664857905050646
1.7090259226281117 5.545931302448807 3.7118977373603728
1.7090259226281117 5.998691233396549 4.303162596297892
1.4583406409378914 5.998691233396549 2.6993273213943705
1.4583406409378914 3.5623587232986726 2.2202785925406063
1.4583406409378914 3.7077393589705285 2.478347075696713
1.4583406409378914 3.7077393589705285 2.94225461505482
1.4583406409378914 5.874225523892829 4.116899611819522
1.4583406409378914 5.874225523892829 4.635960598986233
1.4583406409378914 7.292857453395712 6.1614353536287805
1.4583406409378914 7.832512536073139 6.704148803151506
1.4583406409378914 7.832512536073139 5.6874142435584085
1.4583406409378914 7.832512536073139 1.9036748165184971
1.4583406409378914 7.53872120753115 5.7415181556185
1.4583406409378914 8.018325596169205 6.162924789737944
1.4583406409378914 8.018325596169205 5.1373641952239675
1.4583406409378914 7.209639657857538 5.9328525027466466
1.4583406409378914 7.6372256189279675 6.296430138706344
1.4583406409378914 7.6372256189279675 6.358676866032786
1.4583406409378914 9.046651598675716 6.834207756209667
1.4583406409378914 9.046651598675716 5.343660007424437
1.4583406409378914 7.6372256189279675 3.4344450970146845
1.4583406409378914 5.213420999854311 4.21854587297706
1.4583406409378914 3.801142433268375 3.4758392305294192
1.4583406409378914 3.6816189425842762 3.091638473356967
1.4583406409378914 3.6816189425842762 2.9241516419729057
1.4583406409378914 3.9206587291150368 3.3899417178728957
1.1463520052980134 3.9206587291150368 2.3711210712120008
1.1463520052980134 3.3900161387375936 2.282783981738501
0.8879176812017744 3.8506603288659247 2.089421529021733
0.8879176812017744 5.319337112428993 3.5393404053621094
0.8879176812017744 6.973217292709643 4.680899336158785
0.8879176812017744 9.425188778757605 6.990953181085848
0.8879176812017744 9.425188778757605 6.6589403801034175
0.47728612597379483 9.425188778757605 1.279157952257505
0.47728612597379483 1.2243948856954288 0.9478703546498833
0.47728612597379483 5.1149191439962145 3.4573515574617826
0.47728612597379483 6.385983887969555 3.820512593710369
0.47728612597379483 4.468417025670814 3.2621742652370487
0.47728612597379483 4.468417025670814 1.8893977907340433
