3.086045857206909 7.781872594122884 5.651895617781054
3.086045857206909 6.597042757364271 3.658733054726956
3.086045857206909 6.134248080642223 3.616361108542533
3.086045857206909 3.5316079625485455 3.5112111760917513
3.086045857206909 5.391744497485682 4.2206373616109945
3.086045857206909 7.57931960622701 6.506782833702385
3.086045857206909 7.57931960622701 4.914782492917341
3.086045857206909 6.3075371514614105 5.151937824857225
3.086045857206909 5.290682653776372 5.246589917844982
3.086045857206909 5.290682653776372 5.246589917844982
3.086045857206909 5.290682653776372 4.5833700140915585
3.086045857206909 5.290682653776372 5.142204463390555
3.086045857206909 5.322453274757066 5.1844236586247385
3.086045857206909 5.322453274757066 5.249904469984363
3.086045857206909 6.643629135487117 5.850377075574897
3.086045857206909 6.643629135487117 6.300534035184521
3.086045857206909 7.5194513255911275 6.186903934269552
3.086045857206909 7.5194513255911275 5.286652290277783
3.086045857206909 7.5194513255911275 5.529125658150252
3.086045857206909 6.581017831632153 5.63175613358774
3.086045857206909 6.579051963988029 5.272177583843002
3.086045857206909 6.369691689630656 5.4664328213535756
3.086045857206909 6.419915283446038 5.863046256103469
3.086045857206909 6.419915283446038 5.43675162417221
3.086045857206909 8.488951304946667 6.286485311682956
3.086045857206909 8.488951304946667 5.779632608245431
3.086045857206909 7.132261845577201 3.768528080051217
2.8642466570138123 6.608096406487583 4.5625096483877625
2.8642466570138123 6.608096406487583 3.442654233196669
2.8642466570138123 4.582983818453741 3.4648215295983373
2.8642466570138123 3.721239431080662 3.2515314590095903
2.8642466570138123 5.193941262268911 3.3831618713100617
2.8642466570138123 5.193941262268911 3.5340264916944104
0.3699998898573722 4.516093543926726 2.6227237432157477
0.3699998898573722 5.511296429830395 4.6907759827188
0.3699998898573722 5.511296429830395 3.1546031051079884
0.3699998898573722 4.919504403470636 2.267382050060685
0.3699998898573722 3.34697893772443 1.5507679555041687
0.3699998898573722 3.173071101581009 1.257028722039385
0.3699998898573722 2.8140216779383675 0.4188803256189918
0.3699998898573722 0.3699998898573722 0.3699998898573719
0.3699998898573722 6.330988736085491 1.5819511921753795
0.3699998898573722 0.3699998898573722 0.3699998898573719
0.3699998898573722 5.720925034161752 2.7430887896033083
0.3699998898573722 5.720925034161752 0.4770183927434594
0.3699998898573722 5.623142377093817 2.4712568847519494
0.3699998898573722 5.681994416328813 2.494797700445947
0.3699998898573722 5.561502084034686 3.573377845842464
0.3699998898573722 5.4933850868757865 3.968990400449406
0.3699998898573722 6.158874346867609 2.8149277289117856
0.3699998898573722 3.0184516324347475 1.574027426916237
0.3699998898573722 5.498088172016175 2.0109881401481893
0.3699998898573722 5.498088172016175 0.4725616555005479
0.3699998898573722 5.260238560856948 3.2972467507000336
0.3699998898573722 5.680759332688588 2.4562683801681544
4.899141291270524 6.089747832445465 2.9063593847242384
0.3699998898573722 4.899141291270524 1.5475766542247924
0.3699998898573722 0.3699998898573722 0.3699998898573719
0.3699998898573722 6.89958015425878 3.1124236009059647
0.3699998898573722 0.3699998898573722 0.3699998898573719
0.3699998898573722 0.3699998898573722 0.3699998898573719
0.3699998898573722 2.9633407406821815 0.733067608972846
0.3699998898573722 0.3699998898573722 0.3699998898573719
0.3699998898573722 0.3699998898573722 0.3699998898573719
0.3699998898573722 0.3699998898573722 0.3699998898573719
0.3699998898573722 0.3699998898573722 0.3699998898573719
3.1862566949223994 5.306871417841819 1.8510613482527063
0.3699998898573722 3.1862566949223994 0.6516255703638746
0.3699998898573722 5.695019887066003 2.150749450764378
0.3699998898573722 4.981025657559318 0.938620308297051
0.3699998898573722 1.5609996475714714 1.1271950085190376
0.3699998898573722 5.488253562810954 2.073156049458805
0.3699998898573722 7.193832521960722 3.1841935713988674
0.3699998898573722 2.301558425770573 1.1812544749409175
0.3699998898573722 2.810777744065192 2.179736907264524
0.3699998898573722 2.810777744065192 0.45744661765979233
0.3699998898573722 0.3699998898573722 0.3699998898573719
0.3699998898573722 7.776809762091391 1.4069532719701345
0.3699998898573722 3.202025009914682 1.3895289330780045
0.3699998898573722 5.687394628756348 2.709653574972921
0.3699998898573722 3.0349128986152754 1.382666833185376
0.3699998898573722 0.3699998898573722 0.3699998898573719
5.562280974489941 4.916088351581571 2.461200582250502
0.3699998898573722 5.598795819096463 4.24762999091995
0.3699998898573722 6.6381973583706895 5.757174961982517
5.062792713440434 6.6381973583706895 0.8661904401555579
0.3699998898573722 5.062792713440434 2.0279646909939784
0.3699998898573722 6.622827035676046 4.355920979992872
0.3699998898573722 6.622827035676046 0.6682322356861446
5.661761024645525 7.809056047872691 5.420053264036285
0.3699998898573722 7.809056047872691 6.508304344362435
5.661761024645525 7.944356562533947 7.145566022748579
0.3699998898573722 10.172338161664772 6.134044239259161
0.3699998898573722 13.448520259836467 8.232124786768535
0.13821533382522633 13.448520259836467 1.0609362434151912
0.13821533382522633 3.074228231189601 1.4288149415260505
0.13821533382522633 3.074228231189601 0.20613799868701768
0.13821533382522633 0.13821533382522633 0.13821533382522613
0.13821533382522633 0.13821533382522633 0.13821533382522613
0.13821533382522633 0.13821533382522633 0.13821533382522613
