1.9411079722896045 7.728132381415355 5.353023088094626
1.9411079722896045 7.46814704446653 6.396705998618095
1.9411079722896045 7.642117898939878 7.268684116542885
1.9411079722896045 7.642117898939878 5.6943653355501
0.800505176446404 7.642117898939878 2.446831299886812
2.2786781316764935 5.299494015274291 2.666229805486115
0.800505176446404 5.306455942961044 2.808401058767987
0.800505176446404 2.2786781316764935 0.8596320946556081
2.9862010838646964 0.800505176446404 0.8005051764464044
0.800505176446404 2.9862010838646964 1.106502603484966
0.800505176446404 0.800505176446404 0.8005051764464044
0.800505176446404 2.9969054918168188 1.679065302594571
0.800505176446404 0.800505176446404 0.8005051764464044
0.800505176446404 0.800505176446404 0.8005051764464044
0.800505176446404 0.800505176446404 0.8005051764464044
0.800505176446404 4.031454500024918 2.028265919406241
0.800505176446404 5.662797141893325 3.509346392841572
3.2557533759682653 4.933869929767706 2.5834116670917604
5.161805577333471 4.933869929767706 2.1897982664996474
0.800505176446404 5.161805577333471 2.287808001559148
0.800505176446404 5.155918095560317 3.160309841233105
0.800505176446404 5.155918095560317 2.380536959609099
0.800505176446404 2.717442591389546 0.8702549531865842
0.800505176446404 4.950352349335631 2.2944501586865274
0.800505176446404 5.494672491058008 4.007791515368384
0.800505176446404 5.494672491058008 1.1724849381380056
0.800505176446404 5.494672491058008 0.8943885227386363
0.800505176446404 2.10859540697172 1.349903073267038
0.800505176446404 2.4569505434308643 1.874252713819632
0.800505176446404 2.4569505434308643 1.766273579407781
0.800505176446404 3.4215396229146795 2.53171590790854
0.800505176446404 5.835298330743473 4.246126175173856
0.800505176446404 5.835298330743473 5.156437174848195
0.800505176446404 5.835298330743473 5.278046789424508
0.800505176446404 5.835298330743473 1.5632981135845434
0.800505176446404 5.669519099610561 3.9148221279806936
0.800505176446404 3.455156734744215 2.933294497387593
0.800505176446404 4.591569215575706 3.471120640341158
0.800505176446404 4.591569215575706 3.113787783638075
0.800505176446404 5.308296668649653 3.8937386849052356
0.800505176446404 7.4247865590282185 2.765837990419009
0.800505176446404 4.068641040210377 3.054997821305343
0.800505176446404 6.658938125767801 5.173325672175909
0.800505176446404 7.535327725475826 4.8132208287693565
0.800505176446404 3.486681446154798 3.1567393735760345
0.800505176446404 3.298175719033495 3.152923767406561
0.800505176446404 3.4433569116913785 3.238216489872563
0.800505176446404 3.6231252195003205 3.3154255431890527
0.6985044245297947 3.6231252195003205 2.351011926537363
0.6985044245297947 1.5030035823416026 1.0524840539669904
0.6985044245297947 1.5030035823416026 0.7789543403109752
0.6985044245297947 0.6985044245297947 0.6985044245297943
3.131706535848576 1.5334672198270245 0.798699959965462
0.6985044245297947 5.630291218922494 2.9645110470802325
0.6985044245297947 3.131706535848576 1.6957813585415387
0.6985044245297947 5.498773050442438 3.563757891774917
0.6985044245297947 6.600635542907973 4.316721515454189
0.6985044245297947 8.145946008000157 5.366914953414716
0.6419104583882995 8.145946008000157 1.6591974923848036
0.6419104583882995 0.7188907076152309 0.7034241734739947
3.185136999209654 3.1239361194149393 1.4525246564278538
3.185136999209654 5.767657313573185 2.7390327588684635
3.185136999209654 5.767657313573185 2.2159425950207745
3.185136999209654 4.825919158693672 3.4968127638337823
2.933969384169981 4.825919158693672 3.8189049669111803
2.933969384169981 6.688285189375957 5.097513983731492
2.933969384169981 6.688285189375957 4.317950859688871
2.933969384169981 4.745898115881683 3.797713465658453
2.933969384169981 5.022466116294773 4.007913336466318
2.933969384169981 5.944677461477255 6.287678478912884
2.933969384169981 6.365970932735781 4.886521591492024
2.933969384169981 5.618867364351896 3.9578790300374345
2.5149681797212904 5.618867364351896 3.0028249835942056
2.5149681797212904 5.618867364351896 3.0534000506407484
2.5149681797212904 5.618867364351896 2.7825725424129364
2.465222660442873 2.688364203469743 2.578619277960483
2.465222660442873 5.270911500920501 3.4868324481214485
2.465222660442873 5.270911500920501 2.9805679621874477
2.465222660442873 5.28618694346131 3.6144560608689495
2.465222660442873 5.628139776511709 4.115289339492911
2.465222660442873 5.628139776511709 4.015505757369497
2.465222660442873 5.628139776511709 3.4155423980783763
2.465222660442873 4.513982709387612 3.1447954498456596
2.465222660442873 4.613996531471756 3.254458276852972
2.465222660442873 3.117902466473794 3.104848870353176
1.2871826661131078 5.183294454530984 2.487097581984473
1.2871826661131078 3.117902466473794 2.528266516314071
1.2871826661131078 4.127407199086441 3.4336564676501884
1.2871826661131078 7.464152808023629 6.243928947113173
1.2871826661131078 7.464152808023629 3.9325761481974815
1.2871826661131078 5.867687293463867 2.2692863109524293
1.2871826661131078 5.477532612950387 3.8162258785721836
1.2871826661131078 6.634533030395321 4.653543517047578
1.2871826661131078 6.634533030395321 4.345200370698212
1.2871826661131078 6.362054256275979 5.091218180630896
1.2871826661131078 6.362054256275979 5.050878129461202
1.2871826661131078 7.208186976340878 6.364822624129639
1.2871826661131078 7.208186976340878 6.7169434321045545
1.2871826661131078 7.208186976340878 6.9713468039317625
1.2871826661131078 7.208186976340878 6.734506631522652
