2.1513435832315264 7.760570723749122 5.127322613036324
2.1513435832315264 6.717277405884833 4.058822319817277
2.1513435832315264 4.495589735691691 3.9124455337733166
2.1513435832315264 4.796463332448742 4.041481530456538
2.1513435832315264 6.313069094025263 4.74442026628549
2.1513435832315264 6.313069094025263 4.336745784750492
2.1513435832315264 6.48003719483798 5.225571853365923
2.1513435832315264 7.755612798196637 7.460480705363753
2.1513435832315264 7.755612798196637 6.8452876983981135
2.1513435832315264 7.755612798196637 5.554698341759174
2.1513435832315264 7.5673321682788295 4.809061519840597
2.1513435832315264 7.4882565245471415 6.635818971049769
2.1513435832315264 7.60803689051281 6.038325755165947
2.1513435832315264 7.908831452540065 6.697254723151555
2.1513435832315264 9.126728843501327 8.111967880992582
2.1513435832315264 9.126728843501327 5.517839453078836
2.1513435832315264 6.048623995010228 4.804274350914098
2.1513435832315264 6.048623995010228 4.872707962244303
2.1513435832315264 4.912568021143141 4.293576975458828
2.1513435832315264 4.820609400918848 4.206543091897585
2.1513435832315264 5.862128353033022 4.794539961199316
2.1513435832315264 5.938278684582322 4.955454190544014
2.1513435832315264 5.938278684582322 3.8980728753117613
2.1513435832315264 4.160287524695015 2.690302172468604
2.1513435832315264 3.433839822368981 3.1683686726160754
2.1513435832315264 6.430096557916723 3.8276658405629163
2.1513435832315264 6.430096557916723 3.6225822095327316
2.1513435832315264 6.218439214148166 4.737436774932538
2.1513435832315264 6.218439214148166 4.036614539072361
2.1513435832315264 5.6660846748367 4.460500964244699
2.1513435832315264 5.335695724264895 4.404981287757024
2.1513435832315264 5.350506619229687 4.613732132672219
2.1513435832315264 5.350506619229687 4.127743955736127
2.1513435832315264 5.350506619229687 4.0224003736658
2.1513435832315264 4.033711843350595 3.9960644781482184
2.1513435832315264 5.384484184446357 5.00532992991393
2.1513435832315264 8.678367103691928 6.351533000134932
2.1513435832315264 8.051029816866674 5.537468501797675
2.1513435832315264 8.051029816866674 3.701298685101045
2.1513435832315264 3.5682890752655045 3.411421123833764
2.1513435832315264 7.193283385092581 5.410864170115483
2.1513435832315264 7.193283385092581 4.237988191209026
2.1513435832315264 8.14386144925214 6.697042656585068
6.262058704357543 8.14386144925214 5.054857825489097
2.7537507323989066 7.015575223204776 3.9662790144668993
2.7537507323989066 3.54446158071594 3.3863194110525345
2.7537507323989066 5.856749844222964 4.247747879560049
2.7537507323989066 5.856749844222964 4.2903501945658755
2.7537507323989066 4.631668249944859 3.973354147895825
2.7537507323989066 6.661334466161517 5.017716331607926
2.7537507323989066 6.352494215968694 4.73370323123053
2.7537507323989066 6.352494215968694 3.5442236566137275
2.7537507323989066 6.352494215968694 3.4198098942028894
2.7537507323989066 6.352494215968694 3.4377946078475383
2.7537507323989066 6.043660087241161 4.532351087703847
2.7537507323989066 6.043660087241161 5.377233322252744
2.7537507323989066 6.043660087241161 3.8597184680216983
2.7537507323989066 3.5386568540288192 3.136904153893263
2.7537507323989066 6.531078949388526 4.827169351994771
2.7537507323989066 6.531078949388526 5.818354128326521
2.7537507323989066 6.569511505037813 5.449130779958739
2.7537507323989066 6.569511505037813 4.6298586579715435
2.7537507323989066 6.569511505037813 4.326202834762893
2.7537507323989066 5.8753530064043495 4.971589444629742
2.7537507323989066 7.6352358808282315 6.2668797643177365
2.7537507323989066 9.796069686127861 7.64272864636269
2.7537507323989066 9.796069686127861 7.057994653605623
2.7537507323989066 8.033653200139856 7.09901192471926
2.7537507323989066 8.033653200139856 7.543883084244098
2.7537507323989066 8.033653200139856 6.199064937526331
2.7537507323989066 8.033653200139856 5.315389033739898
2.7537507323989066 8.033653200139856 3.9284252775008497
2.7537507323989066 3.6356523637800895 3.6180143311524664
2.7537507323989066 6.265175063265623 4.547004470339633
2.7537507323989066 6.591703973361675 4.697365789428922
2.7537507323989066 8.519838256513271 5.977786788126297
2.403189606406411 8.519838256513271 3.582539306209159
4.089664198004765 6.628741810757603 4.413263173282263
2.762729634940062 6.628741810757603 4.3282940396904594
2.762729634940062 3.2080756045185344 3.1106326788764873
2.762729634940062 3.6442114064998816 3.398775655520578
2.762729634940062 3.6442114064998816 3.0948587575215596
2.762729634940062 5.666476068217737 3.7547461626646417
2.762729634940062 4.0440874227554 3.4162648936606583
2.762729634940062 4.443095150456887 3.638586809571062
2.762729634940062 4.443095150456887 4.351603828152084
2.762729634940062 6.054637961256486 5.2152592455463465
2.762729634940062 6.136545696324426 5.356715575037336
2.762729634940062 6.136545696324426 5.947044746182944
2.762729634940062 6.947177557811159 6.049263224279746
2.762729634940062 6.947177557811159 5.54323743046187
2.762729634940062 6.947177557811159 5.614934834831782
2.762729634940062 6.947177557811159 5.141314288195499
2.762729634940062 6.947177557811159 4.984114044510882
2.762729634940062 6.947177557811159 4.550711139269843
2.762729634940062 5.897292910886549 4.538639003102823
2.762729634940062 7.795555858531401 6.121851904678243
2.762729634940062 10.113830640389859 7.5131846645398035
2.762729634940062 10.113830640389859 7.780157757085213
2.762729634940062 10.113830640389859 7.117718590902269
