2.0259699902835213 7.743520550270107 5.501677597150008
2.0259699902835213 8.694977088876414 6.826175475463747
2.0259699902835213 8.177907437204713 6.053985421484697
2.0259699902835213 8.98976554565226 5.071827291664075
2.0259699902835213 8.98976554565226 4.779037482392756
2.0259699902835213 6.272400200701501 4.935329955727467
2.0259699902835213 6.272400200701501 4.571126720897239
1.1831242868208105 5.800516313132263 3.4676601100606006
1.1831242868208105 5.800516313132263 5.187795257587173
1.1831242868208105 5.800516313132263 5.411305595833746
0.07186030721277037 5.800516313132263 2.610467804693508
0.07186030721277037 5.503960845821318 3.980871705838008
0.07186030721277037 5.503960845821318 0.1805023179849411
0.07186030721277037 0.07186030721277037 0.07186030721277037
0.07186030721277037 0.07186030721277037 0.07186030721277037
0.07186030721277037 0.07186030721277037 0.07186030721277037
0.07186030721277037 5.139238961412591 2.098811768892699
0.07186030721277037 4.899363127658297 1.9063113789820716
0.07186030721277037 2.9368029841371883 1.2751362315210268
0.069187822835453 2.850746698891396 0.18200021881653478
0.069187822835453 2.5374071573145867 1.0599390953498289
0.069187822835453 2.708440081453006 2.0386187339796042
0.069187822835453 2.708440081453006 0.12913399860496935
0.069187822835453 4.905580744763071 1.9266875205077798
0.069187822835453 5.557084256919012 3.7011803973453623
0.069187822835453 6.7627432181237985 4.296711860653831
0.069187822835453 5.471294835770777 2.775754056243103
0.069187822835453 5.471294835770777 0.20191580378952742
0.069187822835453 5.6164566162051734 2.066204588448554
0.069187822835453 0.069187822835453 0.069187822835453
0.069187822835453 4.945059566322964 2.1170539551002094
0.069187822835453 5.533810379950722 2.255036845681563
0.069187822835453 5.39704644523545 2.2003312717954526
0.069187822835453 4.891552305882133 1.7087917470713248
5.007518749083477 0.069187822835453 0.069187822835453
0.069187822835453 5.007518749083477 0.7605541525101759
0.069187822835453 5.100574542892236 2.990775447551048
0.069187822835453 5.105595388789599 2.2407642438072326
0.069187822835453 5.105595388789599 0.16991597415453563
0.069187822835453 3.242816758899267 1.3386393972609787
2.0520310965013917 5.501513236032604 2.024824971586429
0.069187822835453 4.095616861934857 1.9982292120971166
0.069187822835453 1.6305570450305287 0.7249628961573845
0.069187822835453 1.6305570450305287 0.10041520727935438
0.069187822835453 5.207464161300827 2.516174005286205
0.069187822835453 5.404732979642162 1.98998407928587
0.069187822835453 0.069187822835453 0.069187822835453
0.069187822835453 0.069187822835453 0.069187822835453
0.069187822835453 5.631214700651224 1.7377958861801852
0.069187822835453 6.309554986910715 2.939756718310075
0.069187822835453 3.2531226259185932 1.342761744068709
0.069187822835453 2.662521601410543 1.0546546586939873
2.5910003248383124 3.2390175034637996 1.3889863706582934
2.8183057117547112 5.637175357916178 2.7022223052898653
0.069187822835453 6.048454728156262 3.311186168737268
0.069187822835453 0.7963062814354385 0.7526791739194394
0.069187822835453 5.623824910330253 3.7174688151853013
0.069187822835453 5.982005365823866 3.03343013834322
0.069187822835453 3.1967536156902665 1.3202141399773795
2.627589843700101 3.9790705094805543 1.4610992521518846
0.069187822835453 4.9459557550771756 2.0198949957321433
0.069187822835453 3.064635180388699 2.327973577771627
0.069187822835453 3.064635180388699 0.37169508274011925
0.069187822835453 3.205039021687988 1.2736956156250516
0.069187822835453 0.069187822835453 0.069187822835453
0.069187822835453 5.391731752491925 2.511620638865374
0.069187822835453 5.391731752491925 0.1756387014285822
0.069187822835453 5.503286541389738 2.4601912589993407
0.069187822835453 1.7285428152753117 0.6333685202650046
0.069187822835453 0.2272180026782391 0.12291808398200015
0.069187822835453 6.493359334167248 4.140916418106194
0.069187822835453 6.493359334167248 0.38544483234990295
0.069187822835453 2.9779401770061154 2.336384022498353
0.069187822835453 2.9779401770061154 0.17991978696622948
0.069187822835453 5.480726189612586 2.017341634875222
0.069187822835453 0.069187822835453 0.069187822835453
0.069187822835453 0.069187822835453 0.069187822835453
0.069187822835453 3.235186690389629 1.3355873698571241
0.069187822835453 0.069187822835453 0.069187822835453
0.069187822835453 0.069187822835453 0.069187822835453
0.069187822835453 5.113048598699439 4.401406951078683
0.069187822835453 2.55908440334207 1.2145402498684965
0.069187822835453 4.93374945422396 3.8002277620501497
0.069187822835453 2.2251170364089927 1.1040338453507526
0.069187822835453 2.2251170364089927 0.11230640710692359
0.069187822835453 5.6694756152051085 2.645320207325495
0.069187822835453 5.6694756152051085 0.1811935786828457
0.069187822835453 2.4169411766860986 1.1491543656067504
0.069187822835453 0.069187822835453 0.069187822835453
0.069187822835453 0.069187822835453 0.069187822835453
0.069187822835453 5.669182814047364 2.1971859194959804
0.069187822835453 3.6645767529024025 1.3635278376595557
0.069187822835453 4.212187489303414 1.5606677027639195
0.069187822835453 0.069187822835453 0.069187822835453
0.069187822835453 2.967802720958034 1.231418835233129
0.069187822835453 0.23795824258849452 0.0826894564156963
0.069187822835453 5.646810943707006 2.411789533601507
0.069187822835453 5.646810943707006 0.1807402852528837
0.069187822835453 2.8493491087671043 1.1256491114894807
0.069187822835453 0.069187822835453 0.069187822835453
