3.952556918276891 7.665119232578686 5.635076442256471
3.952556918276891 8.531197854275122 7.290699170479737
3.952556918276891 8.531197854275122 6.82959602594294
3.952556918276891 7.505258653393035 6.892675344821213
3.952556918276891 7.7825463097183505 6.6134236462395855
3.952556918276891 7.7825463097183505 6.08415662723056
3.952556918276891 7.7825463097183505 6.541333371779275
3.952556918276891 7.7825463097183505 6.302176170155808
3.952556918276891 6.896898249235875 6.343532149994438
3.952556918276891 9.038576022657951 7.9081268096902235
3.952556918276891 8.79930560495555 7.322182642341964
3.952556918276891 11.694597057408483 9.018897913721949
6.557724723654228 14.277875393272238 8.639617625354521
3.952556918276891 14.277875393272238 7.21947630790422
3.952556918276891 7.319645173121497 5.620193531462745
3.952556918276891 9.842008752765167 7.663225296888098
3.952556918276891 9.842008752765167 5.528196344486384
3.952556918276891 6.258968489991883 4.6768371221031195
3.952556918276891 7.249181942247102 6.079954311352464
3.952556918276891 9.090028816210516 7.605671824497693
3.727187861560559 9.090028816210516 5.866508352605917
3.727187861560559 12.278114576390871 8.98567395362942
3.908813595533474 8.085345938900065 6.262521065883764
3.727187861560559 8.085345938900065 5.601310728506741
3.727187861560559 8.085345938900065 5.608038338624446
3.3443375613893953 6.143047187725536 3.8447527678446995
3.3443375613893953 4.487347301719989 4.189297397781651
3.3443375613893953 4.487347301719989 4.321677835701527
3.3443375613893953 4.589597812164818 4.316174573114423
3.3443375613893953 4.538788444905244 4.11574156828879
3.3443375613893953 4.538788444905244 4.073709011575467
3.3443375613893953 4.538788444905244 4.064637242053964
3.3443375613893953 4.085199968830086 4.070382720681274
3.3443375613893953 4.085199968830086 4.070382720681274
3.3443375613893953 4.085199968830086 4.070382720681274
3.2307468144189824 4.085199968830086 3.711512395828609
3.2307468144189824 4.279116946633568 3.7777435925893714
3.2307468144189824 4.279116946633568 3.663480883086541
2.4429830775649184 3.7686086683759723 3.105287137361932
2.4429830775649184 4.828617159282459 3.562930486362031
1.580520773373149 4.828617159282459 3.2224675522501776
1.580520773373149 6.50759621157599 4.440459633021412
1.580520773373149 6.50759621157599 3.64520299677065
1.5801433911723142 3.7059509113526024 2.570241728094321
1.5801433911723142 3.3423650207927413 2.9899282425126743
1.5801433911723142 3.3423650207927413 2.721557572403015
1.5801433911723142 3.3423650207927413 2.824748635557539
1.5801433911723142 4.292108068160765 3.7653528381953656
1.5801433911723142 3.9939257806418635 2.882002272208514
1.5801433911723142 3.9939257806418635 2.7317153277565547
1.5801433911723142 4.068422486609066 3.2526930764330064
1.5801433911723142 7.285415597732786 4.94116877553351
1.5801433911723142 7.285415597732786 3.8207390041258713
1.5801433911723142 5.035066608447185 3.006352341804911
1.5801433911723142 3.087830014229333 2.973354101535642
1.5801433911723142 5.785079878639138 3.7492239012641
1.5801433911723142 5.785079878639138 3.236587621948176
1.5801433911723142 5.785079878639138 3.799916326321079
1.5801433911723142 5.572574818836554 2.9064352030410765
1.5801433911723142 3.3032010937008285 2.6213671134123904
0.9054637979576907 3.3032010937008285 2.158271690196698
0.9054637979576907 3.3032010937008285 0.9534185438725544
0.9054637979576907 0.9054637979576907 0.9054637979576914
0.9054637979576907 2.991118913228711 1.7814389463715208
5.744667598518749 5.145953103333248 2.6390358786038486
5.744667598518749 5.435725034209323 5.024146077156928
5.744667598518749 6.505097611694673 5.407704160251536
0.7231133500296321 6.505097611694673 2.9783785171782555
0.7231133500296321 7.305479107223816 5.885224383082053
0.7231133500296321 7.566951257218342 6.1440381177917835
0.7231133500296321 10.248284211892308 8.195816965002251
0.7231133500296321 10.248284211892308 2.1528272961326564
0.7231133500296321 5.120746315786793 2.6120724397031405
0.7231133500296321 5.770579420310874 3.044947742359004
3.1912512488199742 6.040885233306252 4.162026665101121
3.1912512488199742 6.040885233306252 2.5923211549293566
0.7231133500296321 5.147987118699557 4.20306978574571
0.7231133500296321 5.147987118699557 1.2478968577525043
0.7231133500296321 3.1912512488199742 0.8218388659812463
0.7231133500296321 0.7231133500296321 0.7231133500296321
0.7231133500296321 5.666881656184344 4.711147627488853
0.7231133500296321 5.817001989210937 5.3404355448841985
0.7231133500296321 7.697118010535357 5.82323075592887
0.7231133500296321 7.697118010535357 4.809924617021085
2.620491566768632 7.409014853919956 3.0015429563358946
0.7231133500296321 5.68565681677493 2.1749234931564656
0.7231133500296321 2.620491566768632 1.531327089871239
3.4060515312917663 2.8732059861102077 1.6129878354847036
0.5182545252605704 4.667636657749064 2.526910438216306
0.5182545252605704 4.870001132190325 4.193168684306892
0.5182545252605704 4.879922174463601 2.6050925581135975
0.5182545252605704 5.6610379792770935 3.779553889374197
0.3373265903201106 5.6610379792770935 1.2002406633286424
3.2486405981346107 2.4285534002894065 1.307241081516605
3.2486405981346107 2.569675875847754 1.7810715108029163
3.2486405981346107 2.569675875847754 1.1712499002928947
3.2486405981346107 1.1730994622532767 1.1396685473759498
1.1730994622532767 4.04568835342911 3.2194064085187892
1.1730994622532767 5.639915342697883 3.2431975553754944
1.1730994622532767 5.639915342697883 4.922894010669917
