2.572749162346906 7.711553128119091 5.393786082971526
2.572749162346906 7.7712825775952314 6.476945751311802
2.572749162346906 7.7712825775952314 6.052722245321734
2.572749162346906 7.7712825775952314 6.013377808425144
2.572749162346906 6.512141832888695 6.195099414260865
2.572749162346906 6.6160123049740385 6.177769538449308
2.572749162346906 6.6160123049740385 5.476312400211336
2.572749162346906 6.605955395113384 5.674986489419306
2.572749162346906 6.605955395113384 4.228280692867231
2.572749162346906 6.016232076911955 4.733301382331532
2.572749162346906 6.016232076911955 4.653141916181397
2.572749162346906 5.952806360021736 4.7131691942768805
2.572749162346906 5.952806360021736 5.305663188040935
2.572749162346906 5.840289468879558 5.607333377792185
2.572749162346906 9.447749444324497 8.374049947580327
2.572749162346906 11.837966272339756 8.667998186073028
2.572749162346906 11.85282550695456 7.362094131175173
2.572749162346906 11.85282550695456 5.014630254303085
2.572749162346906 6.384647528419094 5.711150746411738
2.572749162346906 6.384647528419094 5.340977332541473
2.572749162346906 6.384647528419094 5.1846740520707435
2.572749162346906 6.223241226529716 5.398835959174819
2.572749162346906 5.922460317848472 4.31910205968051
2.572749162346906 5.813402697334528 4.766088559596286
2.572749162346906 6.143213316524491 4.659874963126154
2.572749162346906 6.23323919230727 4.432063919615417
2.572749162346906 6.23323919230727 3.0756105195826766
2.572749162346906 4.384364182532423 3.7169943245270134
2.572749162346906 4.384364182532423 3.4533550804435635
2.572749162346906 4.212673949420619 3.43431440607826
2.572749162346906 4.212673949420619 3.4362113142246424
2.572749162346906 6.442932526271729 4.487232874841944
2.572749162346906 5.803838873880689 4.930540316899825
2.572749162346906 6.188680738123502 5.760510570607251
2.572749162346906 6.188680738123502 5.832119826216989
2.572749162346906 6.20056763903855 6.000411594106732
2.572749162346906 6.20056763903855 5.79456279956696
2.572749162346906 7.416777052845607 6.5631692850303125
2.572749162346906 9.168915199007904 7.75084845051053
2.572749162346906 7.6739956438130115 7.1110284903301855
2.572749162346906 7.431303978809149 6.600221108224673
2.572749162346906 7.431303978809149 5.692155067333329
2.572749162346906 6.2213449337991555 5.81698500003672
2.572749162346906 6.2213449337991555 5.028923686191091
2.572749162346906 6.2213449337991555 4.392768808475189
2.572749162346906 5.685023130941179 4.192603379638336
2.572749162346906 6.43982176426011 4.207699352304714
2.572749162346906 6.640117556232216 5.444969245353029
2.572749162346906 6.640117556232216 6.307993315745872
2.572749162346906 6.6543625015968075 5.724335696553428
2.572749162346906 6.6543625015968075 4.447410668486781
2.572749162346906 6.6543625015968075 4.233785689741782
2.572749162346906 5.247260615454 4.875761113812742
2.572749162346906 6.614741799044921 5.638332613372819
2.572749162346906 6.83673924295999 6.214511943187318
2.572749162346906 6.83673924295999 5.179622761882014
2.572749162346906 6.83673924295999 4.672384519319411
2.572749162346906 6.193405951522578 5.259095370659701
2.572749162346906 6.193405951522578 4.733677117083746
2.572749162346906 4.664449483066996 4.538947463823786
2.572749162346906 5.1661607673604095 4.71956352616942
2.572749162346906 5.311679201726225 4.888541366507306
2.572749162346906 5.03983783061701 4.685263833946233
2.572749162346906 6.490077300964412 5.231244482698661
2.572749162346906 6.490077300964412 4.489530749226454
2.572749162346906 5.03983783061701 3.818763438760672
2.572749162346906 5.413944319046227 4.489614438742776
2.572749162346906 5.413944319046227 4.182097920705594
2.572749162346906 5.785696732898099 4.199453688764539
2.572749162346906 5.785696732898099 3.4578815363395417
2.572749162346906 4.442961883692462 3.257315268681879
1.6697411509847346 5.733919969740501 3.5246353731113094
4.932277754983335 5.945244217814167 5.2280050979708586
4.932277754983335 7.010761619334874 6.702458699990416
4.932277754983335 7.010761619334874 6.298359763114353
4.932277754983335 11.147819182307625 7.745671185025029
4.932277754983335 11.147819182307625 6.245594341975286
4.932277754983335 13.121844262891614 8.658910265690217
4.932277754983335 13.121844262891614 6.582863866243199
4.932277754983335 8.157938961894148 5.464348855143398
4.932277754983335 8.157938961894148 5.472914214834353
4.932277754983335 6.635284944128788 4.139901222946952
4.932277754983335 6.635284944128788 3.9353374358202267
4.932277754983335 1.8831587030334167 1.878890351992443
4.932277754983335 6.030388024831801 3.5377820807117986
4.932277754983335 4.396634237819505 2.9345500766026023
4.932277754983335 5.736822336252942 4.457817667071662
4.932277754983335 5.736822336252942 4.434212647104078
4.932277754983335 5.736822336252942 4.336072738482963
4.932277754983335 5.736822336252942 4.844385123182713
4.932277754983335 5.115462918043029 4.741772150127913
4.932277754983335 5.175004584341938 3.539243593705527
4.932277754983335 4.928412236271203 4.167284930865522
4.932277754983335 4.928412236271203 3.712929708756172
4.932277754983335 6.012734439491613 4.489819927522151
4.932277754983335 6.012734439491613 3.486461860837994
4.932277754983335 3.6965172682023817 3.0558335852155913
4.932277754983335 6.575858219556661 5.654437858696053
2.414790588676255 6.575858219556661 4.576271558561536
2.414790588676255 6.575858219556661 5.707136418185991
