2.6767189940496086 7.7304424944149694 5.460756159154091
2.6767189940496086 5.5582562957617405 5.468583659782418
2.6767189940496086 5.780983651364117 5.044556041690172
2.6767189940496086 4.531385296973109 3.828343126758784
2.6767189940496086 4.540162443993065 3.95672559081154
2.6767189940496086 4.153116444752698 4.113652122976051
2.6767189940496086 5.417154004735881 4.652381836319686
2.6767189940496086 3.9380634459807315 3.635804289805404
2.6767189940496086 7.586658684544128 5.2285361124385386
2.6767189940496086 7.678281455544877 5.4359850306213096
2.6767189940496086 5.033211850195624 4.113450227946684
2.6767189940496086 5.7111715338219895 5.631297916410346
2.6767189940496086 5.812509428093964 4.93419598341138
2.6767189940496086 4.901104201420662 4.416520018166475
2.6767189940496086 4.601423247314099 4.2436741966459035
2.6767189940496086 5.266870365896942 4.6235250199459
2.6767189940496086 4.605547058442365 3.9035252533661624
2.6767189940496086 4.655542975496967 4.200453167711446
2.6767189940496086 6.4382146541043035 5.383235898573604
2.6767189940496086 6.334875096481465 5.692606642749091
2.6767189940496086 5.196664433113995 5.146265524332708
2.6767189940496086 5.196664433113995 4.408604055628407
2.6767189940496086 6.484751448393784 5.344711036944421
2.6767189940496086 5.351329897889535 4.75945332089715
2.6767189940496086 5.441720836119671 4.36367636434987
2.6767189940496086 4.062737541697363 3.386849550059301
2.6767189940496086 5.463342940884882 4.911896616046662
2.6767189940496086 5.383059781470582 4.905230719343414
2.6767189940496086 6.825184372312684 5.971231116795779
2.6767189940496086 6.600061440979616 5.97400602424976
2.6767189940496086 6.555872622435459 5.483902623453657
2.6767189940496086 6.28930468416619 5.033713183703986
2.6767189940496086 4.466494696677074 4.084650959864312
2.6767189940496086 6.168359342538032 5.3194252588338635
2.6767189940496086 6.206868082240998 5.6040428415505525
2.6767189940496086 6.517359862046266 6.100835616148892
2.6767189940496086 8.551266639782009 5.822301657404603
2.6767189940496086 8.551266639782009 8.433775686867357
2.6767189940496086 8.850803396731093 8.694284068245835
2.6767189940496086 7.949225832413644 6.946258683391407
2.6767189940496086 9.317962171151976 7.8033469865693
2.6767189940496086 6.3651444122161465 5.563043069041862
2.6767189940496086 6.3651444122161465 6.291375903852817
2.6767189940496086 7.626299629985651 6.600616950781679
2.6767189940496086 5.908853914030665 4.6638070624028565
2.6767189940496086 6.465788533879447 4.931135679930275
2.6767189940496086 6.053952836132442 4.878385921281691
2.6767189940496086 6.0320329936492705 4.5118464695291465
2.6767189940496086 3.34192489219452 3.220594580830871
2.6767189940496086 4.545309396872842 4.1550361798619795
