2.8114413716907447 7.776170073296143 5.271488682847292
2.8114413716907447 4.802513125186078 4.024123896592189
2.8114413716907447 3.8936142219218266 3.5696744449600657
2.8114413716907447 7.692246646735281 5.4336739470346656
2.8114413716907447 6.593354418998199 5.449642661606783
2.8114413716907447 5.932183504280108 5.20244337600393
2.8114413716907447 7.601072959929986 6.6708356003402605
2.8114413716907447 6.403798559097609 4.95891519011901
2.8114413716907447 3.880247284334708 3.6971395527375615
2.8114413716907447 5.839213289501782 5.361664186537964
1.9714443628452867 6.3497188858444105 4.0898160740617735
1.9714443628452867 7.365153133243426 5.32893258229888
1.9714443628452867 8.215231985121735 6.513193439405075
1.9714443628452867 6.422363007176543 5.3235576431315375
1.9714443628452867 7.9251117584446185 5.931422673847104
1.9714443628452867 8.831830192902963 5.909212233263782
1.9714443628452867 10.28917316716472 6.2120947059285765
1.9714443628452867 2.467725396865202 2.4577997761848063
1.2295796813225732 1.9714443628452867 1.6083215694808797
1.2295796813225732 6.377884184620271 4.8268055935248295
1.2295796813225732 4.544214477061285 4.384639106809287
1.2295796813225732 6.361887967957241 6.152535079600563
1.2295796813225732 6.148474522709275 6.0446078815242315
1.2295796813225732 8.093234067169437 6.913673857009127
1.2295796813225732 6.327588068670639 5.246965502291007
1.2295796813225732 7.032852239301448 5.5995975876064135
1.2295796813225732 5.1193692617697835 3.223511538873799
1.2295796813225732 4.24025493846538 3.8205140018125565
1.2295796813225732 7.549910761226073 6.234561604005966
1.2295796813225732 4.399406542036555 4.16238465848517
1.2295796813225732 5.967751575538809 5.164589124661929
1.2295796813225732 6.8851022368196855 5.560853945064938
1.2295796813225732 6.743958719538149 6.048868781540502
1.2295796813225732 8.924327657938461 8.382696074340622
1.2295796813225732 5.7563624408320635 5.118079374824546
1.2295796813225732 6.329260302950413 4.708209752397143
1.0667690737677096 3.277932294348013 2.175606896208961
1.0667690737677096 4.5087535723191685 2.8402155027806653
1.0667690737677096 5.8909135916222155 5.453195202788226
1.0667690737677096 6.99278122446254 5.98209166655158
0.9596070799165486 5.271360551614244 3.11762705564242
0.9596070799165486 4.5456006532189015 3.642577730288415
0.9596070799165486 6.242216964493277 5.811924012206219
0.9596070799165486 6.749577240746394 5.614943321109035
0.9596070799165486 7.277009666877905 6.790670090342888
0.9596070799165486 7.359477799818897 6.8319041568133825
0.9596070799165486 7.608005024786436 7.457366836757356
0.9596070799165486 7.608005024786436 7.002255642107229
0.9596070799165486 7.0486695927247425 5.701732161395189
0.9596070799165486 7.774958893117526 6.268347247061222
