1.2402987567470167 7.719409448521883 5.430027667054196
1.2402987567470167 7.669187122162603 6.890387908683834
1.2402987567470167 7.669187122162603 6.819365617856758
1.2402987567470167 6.769798330083203 6.151322566804513
1.2402987567470167 5.711702972141616 5.6222748878337185
1.2402987567470167 5.87925533616793 5.702700022566356
1.2402987567470167 5.711702972141616 5.160498886508458
1.2402987567470167 5.497617027667349 5.0414618722844295
1.2402987567470167 5.646076665323214 5.343908970271043
1.2402987567470167 7.655241292488027 5.170665663881801
1.2402987567470167 4.646881562849803 4.376539117559191
1.2402987567470167 7.093325920473887 6.349801013952746
1.2402987567470167 4.455092621561523 4.190477535392184
1.2402987567470167 6.646261212985458 5.4870316598911355
1.2402987567470167 7.775376225208607 7.102699469972265
1.2402987567470167 6.646261212985458 6.452018237211365
1.2402987567470167 3.4508961099351407 3.2083801377346415
1.2402987567470167 6.671217820238393 4.745871890966169
1.2402987567470167 4.929818930304624 4.020582143384466
1.2402987567470167 4.5482178165671385 3.992142386342849
1.2402987567470167 4.593155030387329 4.428832831152714
1.2402987567470167 5.317735194913148 4.705690233922042
1.2402987567470167 5.783573041005226 4.971912488894256
1.2402987567470167 5.725431242544143 5.329334552051953
1.2402987567470167 6.315544707978933 5.86515433797912
1.2402987567470167 6.444619834281692 5.475521063827831
1.2402987567470167 9.209796095470045 6.303729518921397
1.2402987567470167 9.086256732763825 7.400929110182416
1.2402987567470167 6.029439806641673 5.933656985643782
1.2402987567470167 5.887047348257514 4.459380678405328
1.2402987567470167 6.538283082136058 4.784998545344599
1.2402987567470167 6.125789819535441 4.66229678010158
1.2402987567470167 6.616942235160828 4.841142305511011
1.2402987567470167 4.930249062672498 3.5139084016841395
1.2402987567470167 5.543490952593665 5.168018067936729
1.2402987567470167 5.782454795076983 5.572129753068723
1.2402987567470167 6.230891345798632 5.538125886668928
1.2402987567470167 5.853934293243153 5.636181038062963
1.2402987567470167 6.700717969483712 4.945511007715932
1.2402987567470167 7.411638956964412 6.659755425093425
1.2402987567470167 7.715097783483543 6.885473793906293
1.2402987567470167 8.142464714253789 6.6897476840638594
1.2402987567470167 8.110875319098527 6.224095283177859
1.2402987567470167 3.954302664584962 3.2424966332377756
1.2402987567470167 3.954302664584962 3.900022586428201
1.2402987567470167 6.394970909602133 5.071543344036445
1.2402987567470167 6.5233779021390355 5.47039665875256
1.2402987567470167 6.6842909452185175 6.15224697221495
1.2402987567470167 6.014803697164929 5.295849175993437
1.2402987567470167 5.6166865017099 5.211074801335368
