0.8732406951708858 7.756621861069194 5.261320865783711
0.8732406951708858 8.024043072601629 7.6248014855625525
0.8732406951708858 6.264839355486593 5.0909550372394285
0.8732406951708858 6.264839355486593 5.253022119134272
0.8732406951708858 7.750084785023072 6.033197441426077
0.8732406951708858 7.750084785023072 7.612547903226031
0.8732406951708858 6.418224971153418 6.121671174222557
0.8732406951708858 6.645462776511 5.4539448859771165
0.8732406951708858 8.292009636829583 7.8588469271917685
0.8732406951708858 7.697864595708177 6.761054505107569
0.8732406951708858 7.46892006609608 5.50733994251426
0.8732406951708858 5.573284049810258 4.597434654697069
0.8732406951708858 6.14860981847 5.331645547805692
0.8732406951708858 5.90950565759216 4.5529188870826856
0.8732406951708858 5.947046995259836 4.8290487154579775
0.8732406951708858 8.440488764618141 7.308089093163028
0.8732406951708858 6.666531746763791 6.374544237213354
0.8732406951708858 6.299611562350087 5.961139111472986
0.8732406951708858 5.8397214952830545 5.740391879280809
0.8732406951708858 5.8397214952830545 5.383991632048247
0.8732406951708858 7.253204479925934 6.900840671185158
0.8732406951708858 5.589772254871416 4.262623086910773
0.8732406951708858 4.915749646567043 3.8992620316652475
0.8732406951708858 6.604083423740683 6.057766682761889
0.8732406951708858 5.887320161718936 5.711455328415873
0.8732406951708858 5.887320161718936 5.683533401924096
0.8732406951708858 7.644209839106452 6.234694727244101
0.8732406951708858 4.891210947726723 3.996707383632143
0.8732406951708858 6.2450377297037285 5.557176221944661
0.8732406951708858 5.950942313399935 5.4160104221188385
0.8732406951708858 6.49275029837105 5.870069227818135
0.8732406951708858 6.327508590178574 4.38757637486009
0.8732406951708858 6.584427590193265 5.7877471236078
0.8732406951708858 6.648521591853235 6.3655102116592035
0.8732406951708858 4.2364109473399765 3.854407983554657
0.8732406951708858 5.9265435072552535 5.41768337935328
0.8732406951708858 7.056620109089929 6.367914219894207
0.8732406951708858 6.612057949034735 5.202083360825806
0.8732406951708858 3.7706717168975534 3.710797920963979
0.8732406951708858 5.297112033527032 5.098575592709538
0.8732406951708858 6.734990879921664 5.127586465510133
0.8732406951708858 5.799193985923278 4.569463898097979
0.8732406951708858 3.536771941902782 3.483501316968143
0.8732406951708858 7.205654424915474 5.244564908814235
0.8732406951708858 3.4884593185101527 3.3801835325932825
0.8732406951708858 6.522016616613403 4.833958893455752
0.8732406951708858 7.515835685608932 6.968186579185888
0.8732406951708858 6.215130281490509 5.938145087009363
0.8732406951708858 6.242287418418218 5.875550004425722
0.8732406951708858 7.338120735220375 5.468682669124616
