1.0998581463566777 7.673905723307266 5.352091013480608
1.0998581463566777 6.5459807436987525 5.662093283626883
1.0998581463566777 6.4989459017315845 6.301942627963396
1.0998581463566777 5.319214259559377 4.29065164073033
1.0998581463566777 6.304185903217629 3.675232451250863
1.0998581463566777 3.970166982315551 3.6992973150122763
1.0998581463566777 3.451058074098459 3.365920376637394
1.0998581463566777 7.119214797922149 6.572911401951265
0.763439421992715 4.461051625658932 2.618973898313101
0.763439421992715 5.711945234787844 3.499736330046973
0.763439421992715 5.714694885862837 4.710820446402567
0.763439421992715 6.294444960309935 5.8269066836521315
0.763439421992715 6.453473313355236 4.841489174884081
0.763439421992715 6.153309000032699 5.706846700751635
0.763439421992715 7.81649201705622 6.000410856634836
0.763439421992715 6.187741220965641 5.887624557187115
0.763439421992715 6.704226453050833 6.387454075604454
0.763439421992715 6.894532036219227 6.528490610628072
0.763439421992715 6.894532036219227 6.569417608287227
0.763439421992715 5.93154904236032 5.621015765928337
0.763439421992715 7.893684603495402 7.143598042337695
0.763439421992715 8.36858228259143 6.2348696285527945
0.763439421992715 6.342439828790795 6.167327951076499
0.763439421992715 8.49123443795008 7.450431059382558
0.763439421992715 6.862032994260101 5.966922668515875
0.763439421992715 6.053600144748653 5.66515178105116
0.763439421992715 6.503627426378273 5.671768892368587
0.763439421992715 6.628009324012236 5.7626420321424465
0.763439421992715 6.754090971407178 5.387439072442809
0.763439421992715 4.848942755030063 4.3576323032558415
0.763439421992715 6.653757422094138 5.7065171729426405
0.763439421992715 6.866053571693492 6.190959454553539
0.763439421992715 5.697927012091302 4.335186963272165
0.763439421992715 3.064488893305548 2.896607029062701
0.763439421992715 3.064488893305548 2.859282885000547
0.763439421992715 6.490632118658937 4.731539516555984
0.763439421992715 5.891398127541716 4.431922520997376
0.763439421992715 3.6204643914414096 2.8437754939033697
0.763439421992715 6.488975584768621 4.761447480040673
0.763439421992715 3.5466075207868966 3.415834973767262
0.763439421992715 3.9552913008579265 3.6348642378628786
0.763439421992715 6.43642661070205 6.194160474747514
0.763439421992715 7.680933350640721 7.2539075323776725
0.763439421992715 7.870715316051481 7.647124759984004
0.6887711128720082 1.4738714269342315 1.06711262980429
0.6887711128720082 5.590921214226373 4.00218851044177
0.6887711128720082 7.514581089902398 5.023646036350084
0.6887711128720082 3.092695173397083 2.382649670856757
0.6887711128720082 2.9634307154730277 2.74127501519801
0.23374672639900185 2.6080456693561307 1.3825107067478846
