0.9499089278413959 7.72744359797445 5.41942045623882
0.9499089278413959 7.584097070054421 6.245406173500743
0.9499089278413959 9.135345938566534 7.569019705678036
0.9499089278413959 8.152941388543324 6.208546426505251
0.9499089278413959 4.058323805756828 3.9848882060876645
0.9499089278413959 6.3921351648369615 4.635599337391896
0.9499089278413959 4.947694557112431 4.778491898492977
0.9499089278413959 6.267378464817035 5.265781101047841
0.9499089278413959 5.887390877416358 5.447096329068989
0.9499089278413959 6.3049650805131385 5.891367895087493
0.9499089278413959 6.268808716073369 5.149061160344893
0.9499089278413959 4.242069596145697 4.176226382779616
0.9499089278413959 4.324044315161505 4.217213742287512
0.9499089278413959 5.616218186319596 4.71177578426505
0.9499089278413959 7.195916650467311 5.4362345380190815
0.9499089278413959 5.689529207624528 4.748431294917515
0.9499089278413959 5.332149545316753 3.87333916270151
0.9499089278413959 6.492644784373876 6.100562324902151
0.9499089278413959 8.858258363512178 8.103571961945255
0.9499089278413959 6.491450163621561 6.062805008284602
0.9499089278413959 9.214238988851715 7.451523438648842
0.9499089278413959 5.886262011804487 5.205931681990073
0.9499089278413959 6.497582400148303 5.082311015506884
0.9499089278413959 8.547859300624769 7.287648368558939
0.9499089278413959 5.539518353357437 4.5763685953927675
0.9499089278413959 5.539518353357437 4.915731236354058
0.9499089278413959 5.824835496420704 4.2408540679855555
0.9499089278413959 7.124059399500743 5.263877752323043
0.9499089278413959 4.686255483367102 3.051051317889297
0.05570121047940946 3.142549273888666 1.6170093965312782
0.05570121047940946 4.368940871143881 2.212321040811645
0.05570121047940946 5.709535836156469 5.007752983778257
0.05570121047940946 6.5555435267123485 3.947730663800442
0.05570121047940946 5.447558117260968 2.7516296638701903
0.05570121047940946 6.34913080274557 3.202416006612493
0.05570121047940946 4.108472385561733 3.3623391059251326
0.05570121047940946 5.480922701658347 4.294513716174223
0.05570121047940946 3.235288210698869 3.171638660806
0.05570121047940946 5.007823084215051 3.939186925206997
0.05570121047940946 5.587276338697134 4.674347609022169
0.05570121047940946 6.176915892585402 4.850629473625488
0.05570121047940946 3.6218607167746524 2.253706077015624
0.05570121047940946 5.42804144619096 4.67417667332793
0.05570121047940946 5.349926795791916 2.5969294914294134
0.05570121047940946 6.228654211929619 5.3047439060307315
0.05570121047940946 7.7185921547238046 6.916937995975926
0.05570121047940946 7.376975293348702 6.841310261737228
0.05570121047940946 8.331239064877355 7.8313691728206045
0.05570121047940946 6.440862940462605 4.769178498472851
0.05570121047940946 2.6562467353556127 1.3039630624199885
