3.0853977906561174 7.716317864056471 5.587873543728514
3.0853977906561174 6.775683926010839 6.294201164147613
2.964159689783703 10.757522762187552 6.863265988003075
2.964159689783703 11.895648450636813 9.000920543998141
2.964159689783703 5.047990668029673 4.613250015274183
2.964159689783703 4.535781663634857 4.287182369342138
2.964159689783703 4.1401282301354065 4.089355652592416
2.964159689783703 5.621806495746789 4.441443954382725
2.715599166903019 3.295829918393285 3.0106857531057654
2.715599166903019 4.4469499043815475 3.859785296357608
2.715599166903019 5.602981144056685 5.161862062527621
2.715599166903019 6.944121146570739 5.997492355061912
2.715599166903019 5.879196457338335 5.086461633553342
2.715599166903019 4.572672433003472 3.8038965655974972
2.035339976060975 5.598578094678068 3.7592994568140203
2.035339976060975 3.3659203389196297 3.219185372878704
2.035339976060975 5.389813454789859 4.351255289597576
2.035339976060975 3.4114980083937856 3.238490999896868
2.035339976060975 6.884553706317687 4.980838202772829
2.035339976060975 6.319390064620354 4.7566227117828115
2.035339976060975 5.913199253664139 5.090537127976947
2.035339976060975 7.402800707540262 6.550650765972614
2.035339976060975 6.434865505594672 6.183557538515881
2.035339976060975 6.368181636389625 6.150215603913364
2.035339976060975 6.289386710042454 6.148273636279751
2.035339976060975 6.014404910751892 5.19789585824382
2.035339976060975 5.735138969446258 4.976219648612798
2.035339976060975 6.763335916769687 6.592737883699481
2.035339976060975 9.6584799183688 6.200257727000045
2.035339976060975 9.109606219891111 6.010135697448832
2.035339976060975 5.861421900435602 4.672642268339526
2.035339976060975 6.851664146731869 6.511744378996708
2.035339976060975 8.087330282528201 5.742433709484296
2.035339976060975 6.024460059220793 5.883193466665936
2.035339976060975 6.367487283288398 6.239176008143022
2.035339976060975 4.94910922799183 3.8786344902288388
2.035339976060975 2.924710522543077 2.906923111613437
1.0769056492049214 4.722957382416961 2.846179167683821
1.0769056492049214 5.5709047549745705 4.254962112117209
1.0769056492049214 7.648044299090163 6.664837566988517
1.0769056492049214 6.388508096587998 5.614746139814456
1.0769056492049214 5.49166787778541 5.156449088629802
1.0769056492049214 6.9083442863343585 6.654496959267126
1.0769056492049214 9.820244634260611 7.178128270858078
1.0769056492049214 7.647268659750832 6.835635180840146
1.0769056492049214 7.23085447213405 6.789387327596708
1.0769056492049214 7.76129401588164 5.172685963909974
1.0769056492049214 6.593270232775666 6.425784611346553
1.0769056492049214 6.917710546119055 6.088950236092589
1.0769056492049214 7.083637633320658 6.677604379087184
