0.37337335795048476 7.7713171395479925 5.3605605305941735
0.37337335795048476 6.226556276458748 5.775939287429287
0.37337335795048476 6.226556276458748 4.6012608230074985
0.37337335795048476 4.305587590389845 2.700363478902048
0.37337335795048476 4.450602829919344 4.29655062071522
0.37337335795048476 4.541308824878474 4.4367784105391
0.37337335795048476 4.621233203979745 3.805045480798157
0.37337335795048476 6.281785214964891 4.811385711693852
0.37337335795048476 4.585416438589753 4.247147398300512
0.37337335795048476 6.407750800574192 6.014256101626906
0.37337335795048476 5.661262717787206 5.462532266394199
0.37337335795048476 3.8521442620839292 2.3321248257508413
0.37337335795048476 4.324927910927471 3.992474309406948
0.37337335795048476 5.548243814720607 3.431773039375045
0.37337335795048476 5.96067236170402 5.8261807446511735
0.37337335795048476 3.420060168650853 2.886454706783776
0.37337335795048476 5.869114776016001 5.624012848674454
0.37337335795048476 5.881052467415174 5.629981694374038
0.37337335795048476 5.355863799485839 4.568283182858611
0.37337335795048476 6.3948412232905625 4.883189176928255
0.37337335795048476 5.84886117013442 5.608054983782288
0.37337335795048476 4.462763440579899 4.37654114392347
0.37337335795048476 3.990974635173775 3.813455273712104
0.37337335795048476 6.2580153283230615 4.886171206133497
0.37337335795048476 5.298987198346001 2.7376680013403325
0.37337335795048476 5.203614556428839 4.026384383225995
0.37337335795048476 5.254987024569484 3.1836659972456154
0.37337335795048476 3.1805008766313994 2.1056756148190217
0.37337335795048476 4.3432250797447445 4.129463151298875
0.37337335795048476 6.015506817216242 5.18670180310605
0.37337335795048476 7.260079814987893 6.394159782036912
0.37337335795048476 7.659648642729165 5.065101930069532
0.37337335795048476 8.077300976951049 6.888535584427049
0.37337335795048476 6.451445374582722 6.2534164207906136
0.37337335795048476 4.556603618230493 4.470313377936248
0.37337335795048476 6.28398355373583 5.304809701024107
0.37337335795048476 6.741299536038495 4.945794109743879
0.37337335795048476 3.4050057305727788 3.3443730831203355
0.37337335795048476 6.186876026891213 4.735308231279552
0.37337335795048476 8.504231818545275 6.227208384075911
0.37337335795048476 4.275419288030342 4.19737836942875
0.37337335795048476 4.347341020526322 3.7766500762699007
0.37337335795048476 6.361421208418683 4.721741799292855
0.37337335795048476 4.853535023955651 3.183995704791897
0.37337335795048476 5.629758742939217 5.036493662718411
0.37337335795048476 4.573548556351749 4.226533929061206
0.37337335795048476 4.459495287586552 4.277974873432591
0.37337335795048476 5.392396992643494 4.875168604501614
0.37337335795048476 4.8197469668726285 4.343617683272652
0.37337335795048476 5.658492655287088 5.059612842655657
