1.4362671876883693 7.620287152405798 5.473038583244976
1.4362671876883693 6.728864334747765 6.211390489890656
1.4362671876883693 6.527045954325068 4.755270008255419
0.581807179408973 4.240181054504589 2.3549158396204564
0.581807179408973 5.772160816289425 3.866456118965445
0.581807179408973 7.239186604310962 3.8110401934632523
0.581807179408973 5.13280560611943 2.792350723648093
0.581807179408973 4.933803058961914 3.8569458934717264
0.581807179408973 6.528989719695126 4.626440509652771
0.581807179408973 6.705475445331416 4.946394403550037
0.581807179408973 8.883044211098362 7.544021606401652
0.581807179408973 8.647065113261565 7.746620012266028
0.581807179408973 10.123838611100911 9.491871789932727
0.581807179408973 13.818594100493941 8.82516554551975
0.581807179408973 2.681595833801119 2.354045046156297
0.581807179408973 4.89420882891768 3.371986223884686
0.581807179408973 5.328298835653111 3.5803494271176923
0.581807179408973 5.5116107234985705 3.6683391332835136
0.581807179408973 6.135633201423339 5.649689727055006
0.581807179408973 6.456462590366922 5.1007351188217696
0.581807179408973 8.250535564004633 8.04224723782907
0.581807179408973 6.345662175462337 5.46042145117301
0.581807179408973 7.176915052068493 6.755027603134136
0.581807179408973 6.662243590025053 6.103988143959218
0.581807179408973 3.8826526917874706 3.4934914090209035
0.581807179408973 4.219906769866963 3.5168554323429113
0.581807179408973 4.432154606223467 4.253268696236052
0.581807179408973 5.851143632465629 4.550751441693554
0.581807179408973 6.134874040689777 5.241060565635414
0.581807179408973 7.029179645388428 6.610243219867592
0.581807179408973 7.467898102676289 7.132249399330192
0.581807179408973 7.13664256103038 6.5484006564100365
0.581807179408973 7.182467461018922 6.788643199980976
0.581807179408973 10.145937234359566 7.708820855474869
0.581807179408973 5.630720254674827 4.074964274269743
0.581807179408973 6.019481866371983 5.724122799018089
0.581807179408973 6.642309568463336 4.870019517018624
0.581807179408973 5.669397711455105 4.107218816948301
0.581807179408973 6.63143927520818 6.429406892796045
0.581807179408973 4.277518017481622 4.130473006806301
0.581807179408973 7.554265756404062 6.759102620050731
0.581807179408973 9.309640561253628 7.749850595283947
0.581807179408973 8.909003111988994 6.592320941615726
0.581807179408973 6.61493722271285 5.776928960741762
0.581807179408973 5.180245900502829 4.634435079808352
0.581807179408973 5.583476286890335 4.773897657783779
0.581807179408973 5.8987399479064635 4.991840136218586
0.581807179408973 3.8842441215516925 3.6828496376328883
0.581807179408973 4.517123276387434 4.1284326017785276
0.581807179408973 4.407528579879301 3.216932260152907
