1.9101224460920574 7.730085622957992 5.357146367609179
1.9101224460920574 7.834105609283609 7.335204478092831
1.9101224460920574 10.082236431428525 9.807512881145305
1.9101224460920574 10.260536498231609 7.401064531169023
1.9101224460920574 8.363905371084481 7.1436686106685094
1.9101224460920574 6.959548722014956 6.34262434276103
1.9101224460920574 5.1794258244489555 4.583322049086849
1.9101224460920574 5.422362623128194 5.248967704002858
1.9101224460920574 6.904150764075268 5.235118959292715
1.9101224460920574 5.616605656272377 5.324063648098755
1.9101224460920574 7.581195398456524 6.355500348706936
1.9101224460920574 6.086796851479921 5.280039192743905
1.9101224460920574 5.662430546988663 4.050401505413373
1.9101224460920574 6.37760995295719 5.99620607481246
1.9101224460920574 6.210982330223278 5.973712908476719
1.9101224460920574 7.737662191768717 5.95932072959133
1.9101224460920574 5.294418299232213 4.804170410013631
1.9101224460920574 5.365688534657551 4.560594248059619
1.9101224460920574 3.8937226050043034 3.8540506018260614
1.9101224460920574 4.169135661930227 3.9862488691505034
1.9101224460920574 6.527555246652277 5.45196954518671
1.9101224460920574 4.459227244431531 4.064964278283884
1.9101224460920574 4.865912958181262 4.504474002856216
1.9101224460920574 4.236073072591129 4.189554060061145
1.9101224460920574 7.53078765634436 5.2018494009265615
1.9101224460920574 8.75975915743013 7.583465787454858
1.9101224460920574 9.103605775897506 8.146462987529869
1.9101224460920574 9.92482284466298 9.404688253015227
1.9101224460920574 9.516098317917912 7.795546958947703
1.9101224460920574 9.296796136856498 7.32059848639468
1.9101224460920574 5.680263260528001 4.969338317135947
1.9101224460920574 6.949148392413742 5.304377472054632
1.9101224460920574 6.304824909519041 5.186852357561982
1.9101224460920574 4.817259293071778 4.3341240681936535
1.9101224460920574 5.9355877285885725 5.318280773890576
1.9101224460920574 6.333112568293863 6.143113618298669
1.9101224460920574 5.820718526684093 4.801557378577439
1.9101224460920574 6.064274226310918 5.502516640830849
1.9101224460920574 7.485097759030008 6.567742935289373
1.9101224460920574 7.485097759030008 7.3735982527712425
1.9101224460920574 7.485097759030008 6.925243287324836
1.9101224460920574 8.495145187116446 7.395589118438424
1.9101224460920574 6.530536688051949 6.1175547018192535
1.9101224460920574 5.686058939209946 5.513919249158907
1.9101224460920574 5.395158829709189 5.072694456492047
1.9101224460920574 5.8787049559503615 5.05083386171922
1.9101224460920574 7.557484047159027 6.736134415510415
1.9101224460920574 5.608945846562051 5.160899818127964
1.9101224460920574 7.331928046597122 7.206359156226323
1.9101224460920574 7.656422066516168 6.156954750208185
