3.0928992126065826 7.770559038045166 5.5660303911438795
2.4746564475167365 3.0928992126065826 2.5905754748951977
2.4746564475167365 6.3144200227452245 6.196953283673806
2.4746564475167365 6.312934664327312 5.805426123857784
2.4746564475167365 9.831412097411832 7.808246695957767
2.4746564475167365 6.609045759282441 6.277019429306511
2.4746564475167365 7.432415371118168 5.693955819304513
2.4746564475167365 7.6136367603628035 6.9005406234688405
2.4746564475167365 4.14786244249796 3.9167855865173937
2.4746564475167365 5.975763657431557 5.789760682830405
2.4746564475167365 4.997785693306824 3.7933824732699137
2.4746564475167365 4.998738659222067 3.7938589562275324
1.6798117756787367 2.4746564475167365 1.9779843182349992
1.6798117756787367 5.009504976609687 4.068558998634399
1.6798117756787367 6.233759955879162 5.839769646340046
1.6798117756787367 5.3476901845710145 4.735351992533814
1.036420479008218 3.5290809133738503 2.2457653134371314
1.036420479008218 4.678359985145189 3.4350663935969292
1.036420479008218 4.521213251782143 3.5106930378861234
1.036420479008218 5.54714981763917 3.6241693336650314
1.036420479008218 7.805822847440233 5.754064697453767
1.036420479008218 6.664575735848942 6.510635296453262
1.036420479008218 5.89475855674311 5.661005408511267
1.036420479008218 5.89475855674311 5.674176074462911
1.036420479008218 7.669775192287581 6.91402507834288
1.036420479008218 6.356231505492211 6.093400176943252
1.036420479008218 7.598521552835404 6.720802604935614
1.036420479008218 8.60360652595322 5.931656062201257
1.036420479008218 9.828776595643077 7.948299812198344
1.036420479008218 6.978311449503606 6.59572139000858
1.036420479008218 6.450806969333371 5.5203907477433525
1.0014218700731914 4.806549985766345 2.9046859000984666
1.0014218700731914 5.393197262745048 3.197309566409119
1.0014218700731914 5.174117601595807 4.090840804626065
1.0014218700731914 3.2327924652652915 3.1005749249250196
1.0014218700731914 7.653862247607043 5.47852468127847
1.0014218700731914 4.829141614529689 4.111460293826146
1.0014218700731914 5.863994473837863 4.988378475767082
1.0014218700731914 5.280481153727049 4.2159150735168005
1.0014218700731914 7.780793464435426 6.462314116107109
1.0014218700731914 7.629859725524396 5.509719780176072
1.0014218700731914 3.4661937761662966 3.170861662456837
1.0014218700731914 6.553512243145239 4.714520895946307
1.0014218700731914 5.317248280498795 4.505326459655268
1.0014218700731914 6.352648627580319 5.2917471612796385
1.0014218700731914 3.44228965212545 3.327363083332224
0.9748851264533305 5.70775762797501 3.247194662056135
0.9748851264533305 6.658260065675925 5.282093937551074
0.9748851264533305 7.516721155244589 7.33580667296215
0.9748851264533305 7.550145268183362 7.065098046119201
