2.6997474356408238 7.7245097140406145 5.565754058405672
2.6997474356408238 6.393031714211787 4.697303312400365
2.6997474356408238 4.014214742281684 3.6288750640985223
2.6997474356408238 5.296354208211117 4.789868289729984
2.6997474356408238 6.323663070850877 5.625893893217427
2.6997474356408238 7.489068430201993 7.02058586342415
2.6997474356408238 4.297733245870575 4.142905360192147
2.6997474356408238 4.051996906922913 4.024951917497268
2.6997474356408238 6.401567622862732 4.769744082126056
2.6997474356408238 6.398273708641039 4.750340444236273
2.6997474356408238 7.431083591157062 6.027757415609852
2.6997474356408238 5.661172225227752 4.519124780048361
2.6997474356408238 5.69830288762514 4.941297201065069
2.6997474356408238 4.286842501882553 3.740138303765223
2.6997474356408238 3.0750165671814256 2.908543134523888
0.9323483300271218 6.212051312182194 3.607547803216931
0.9323483300271218 5.661661091200589 3.2970047106138534
0.9323483300271218 5.356931173324156 3.144639751675639
0.9323483300271218 5.274093246636358 5.049582717228628
0.9323483300271218 9.25138227758976 6.790956298089053
0.9323483300271218 7.008879701514434 5.932046271570678
0.9323483300271218 5.6518548887561195 4.752591330747808
0.9323483300271218 6.3554324305720975 5.817116943390585
0.9323483300271218 6.966330538412082 6.238906573920876
0.9323483300271218 6.272783137198157 5.970872310759296
0.9323483300271218 6.0397828718475175 4.383647147150977
0.9323483300271218 4.458256588612123 3.655043486887688
0.9323483300271218 4.601672618951778 4.518206954485256
0.9323483300271218 5.306430648120859 4.603458157574305
0.8908832256021282 3.5811542924977577 2.2368480611384425
0.8908832256021282 5.836075919712766 4.312797733815526
0.8908832256021282 5.431855832628507 5.065681523822678
0.8908832256021282 7.583700841544044 6.942767622558587
0.8908832256021282 6.5931593943949665 6.362313088780258
0.8908832256021282 4.514478173751517 4.3423774109724205
0.8908832256021282 5.58187769059678 4.826008934238431
0.8908832256021282 5.58187769059678 4.9237247352952025
0.8908832256021282 5.437954720729216 4.874336573001486
0.8908832256021282 3.615048054627643 2.215040990531216
0.8908832256021282 5.845793608710981 5.67985327344824
0.8908832256021282 3.442906820021158 2.7346040016439277
0.8908832256021282 3.334066009999358 2.706474090492581
0.8908832256021282 6.523772285927272 4.2188920453984595
0.8908832256021282 7.434696910881627 6.255333731354961
0.8908832256021282 8.462149231431205 6.305957187365932
0.8908832256021282 2.991031837410358 2.9197017064221433
0.8908832256021282 4.828611764806453 3.83106723032432
0.8908832256021282 5.990130191686983 5.078936334420545
0.8908832256021282 6.150028071026437 5.812222312904753
0.8908832256021282 6.662091806251201 5.230114513209323
