3.31004379794236 7.701490037170114 5.814554173638155
3.31004379794236 10.027064340387195 9.098418035158879
3.31004379794236 7.998746590497801 7.2415674273072845
3.31004379794236 6.671936375818998 5.8956409800219
3.31004379794236 5.718895088686569 4.694594429623467
3.31004379794236 3.685304186086118 3.6729440456251643
3.180890349724504 4.498898651156864 3.842477569405044
3.180890349724504 5.785534437189263 4.483212393456882
3.180890349724504 8.589143938522957 7.064905425320242
3.180890349724504 5.666337939689971 4.977976767365439
3.180890349724504 6.503424121332216 5.462655742791054
3.180890349724504 4.554788715114199 4.5243183133667255
3.180890349724504 5.764033619245229 5.016905376207188
3.180890349724504 5.697956997829433 4.78494463294797
3.180890349724504 7.535075967893018 6.724553144418837
3.180890349724504 7.535075967893018 7.40807613377326
3.180890349724504 6.274418105016991 4.900168244714573
3.180890349724504 5.574274543882861 4.403076242949962
3.180890349724504 5.785640239793523 4.975291929895847
3.180890349724504 5.606950815749432 5.088319770420249
3.180890349724504 6.742753102405866 6.251171649011816
3.180890349724504 7.494676980279607 6.50455513240848
3.180890349724504 7.692844872535806 6.465244868055979
2.873065910057264 5.323342968319967 4.104360927981961
2.873065910057264 6.665123457315872 4.9602489658208455
2.873065910057264 6.542011222786385 5.456539336996116
2.873065910057264 4.983041868594597 4.299890781699961
2.873065910057264 6.500873744630507 6.287217736022788
2.873065910057264 5.23114517833384 4.553877347203921
2.873065910057264 6.609229450131643 5.873025728867207
0.5995202646380453 2.873065910057264 1.417603758357549
0.5995202646380453 5.352762859381549 4.050704168886183
0.5995202646380453 3.6496318000972754 3.526766478168158
0.5995202646380453 4.597714193878289 4.235667971242958
0.5995202646380453 4.667741476902883 3.9879148617588793
0.5995202646380453 4.561597513102335 4.341490171452308
0.5995202646380453 5.7254217145599 5.0683099880546605
0.5995202646380453 6.459561081172577 5.326566743481636
0.5995202646380453 6.565423272754327 6.186279756614422
0.5995202646380453 7.85804485783089 5.460953894354791
0.21260159871954132 5.652192230755158 2.8313434754150095
0.21260159871954132 5.638619626019484 4.621455189403658
0.21260159871954132 3.821331473879827 3.7491568763766234
0.21260159871954132 5.095117165098323 4.770077596666946
0.21260159871954132 6.5072887917357605 5.326470020397194
0.21260159871954132 6.1611567993277845 5.561282282980987
0.21260159871954132 5.173215510113305 4.440671605942419
0.21260159871954132 5.173215510113305 4.865462850661429
0.21260159871954132 7.74190233188563 6.585855725766039
0.21260159871954132 8.007996562308758 6.997039439830288
