2.0242577629787424 7.292451020685812 5.220129117341361
2.0242577629787424 3.8022078562560755 3.5634675973571093
2.0242577629787424 6.79490865379546 6.515856742313979
2.0242577629787424 6.782482532099108 6.141732254456432
2.0242577629787424 6.370971486984526 5.935976731899143
2.0242577629787424 7.73090318872638 6.776896156822569
2.0242577629787424 6.051154941948667 5.318358867994423
2.0242577629787424 7.116520041160371 5.211090119849208
2.0242577629787424 3.5093506896653115 3.4796488311315836
2.0242577629787424 4.646827195452541 4.308434156403356
2.0242577629787424 4.051115423786474 3.002905428084797
2.0242577629787424 3.7042429469901745 2.8697761033860694
2.0242577629787424 5.87184601118847 5.637220299169822
2.0242577629787424 5.9855680491329295 4.881284766487826
2.0242577629787424 6.9721873923997695 6.762941222602163
2.0242577629787424 6.358532072107856 4.55096116626819
2.0242577629787424 6.301159581349939 4.257978551414615
2.0242577629787424 6.6623327383071285 6.358532605393534
2.0242577629787424 6.211635582868816 5.208420516783093
2.0242577629787424 4.296078271018985 4.25064186085818
2.0242577629787424 5.63608966836113 4.810452043215243
2.0242577629787424 5.529348803513617 4.607188036630432
2.0242577629787424 4.619144981871781 4.129164695224949
2.0242577629787424 4.540263392905391 3.3053632863299067
2.0242577629787424 6.043083775080142 5.867821810310833
2.0242577629787424 5.845405765648309 5.433006289959836
2.0242577629787424 7.24070863901802 6.688361039696431
2.0242577629787424 7.24070863901802 6.713732967495867
2.0242577629787424 7.6453860898419155 6.975595550573446
2.0242577629787424 6.484202813318571 6.395003912311776
2.0242577629787424 6.484202813318571 6.395003912311776
2.0242577629787424 7.5767374441939435 6.941271227749463
2.0242577629787424 7.576890035090829 7.3261671042022565
2.0242577629787424 7.576890035090829 6.148783573918234
2.0242577629787424 8.280176515116313 6.935038744122323
2.0242577629787424 8.051554353286475 7.098129761261261
2.0242577629787424 6.234587772827727 6.013616479476445
2.0242577629787424 6.314331947326817 5.706377916732311
2.0242577629787424 6.435043644544667 5.490059349191069
2.0242577629787424 6.33890102489249 5.26160453525199
2.0242577629787424 7.329928571561538 5.36208628509295
2.0242577629787424 6.2421127488654875 4.897552007587512
2.0242577629787424 4.4419734162875635 3.7672505454232073
2.0242577629787424 5.782154204354914 4.457750543546005
2.0242577629787424 7.743929227220255 7.0489790647899335
2.0242577629787424 7.161758102267129 5.087786281518906
2.0242577629787424 6.540151343661275 6.075592101904029
2.0242577629787424 7.530462487693553 6.5967675997455695
2.0242577629787424 7.37515643365229 6.878670913656873
2.0242577629787424 7.137260294360143 5.192214874564221
