6.384239565428697 7.669887463865463 5.266525279649131
6.384239565428697 6.886828337741605 4.502871385670087
6.384239565428697 7.179612345985586 4.223682968264156
6.384239565428697 7.638610404636518 6.204705303168648
6.384239565428697 7.816447180295974 6.096208762197921
6.384239565428697 7.816447180295974 4.4244054069408785
6.384239565428697 7.816447180295974 4.961400028070174
6.384239565428697 7.683403293979435 5.563992520738981
6.384239565428697 7.683403293979435 5.672859865182354
6.384239565428697 8.789286216256391 6.328095138571829
6.384239565428697 8.789286216256391 3.883669009087013
6.384239565428697 8.789286216256391 4.200245298335496
6.384239565428697 8.789286216256391 3.9406527041471584
6.384239565428697 6.658724820603929 4.622983499531039
6.384239565428697 6.658724820603929 4.981048035407662
6.384239565428697 9.627624564460024 5.8928459837194325
2.941042564309019 9.627624564460024 4.711274763509749
2.6632888130543226 7.651535297470158 5.714647629225493
2.6632888130543226 7.651535297470158 6.19825153864671
2.6632888130543226 7.394665362002396 5.20315111505645
2.6632888130543226 6.805233075479029 5.000446052261343
2.6632888130543226 6.805233075479029 5.277260587054238
2.6632888130543226 6.805233075479029 4.635524442715528
2.6632888130543226 6.805233075479029 5.318099640874902
2.6632888130543226 6.4973937485971405 4.819858491491926
