5.3702440325562115 7.75024251713447 5.411305330777186
5.3702440325562115 9.211038839669028 6.729164095045876
4.411685976502337 9.211038839669028 5.918040016292309
5.3702440325562115 7.5556499110340845 6.445683615672115
5.3702440325562115 8.983949294580711 7.387219721279027
5.3702440325562115 8.983949294580711 5.858590920478768
5.3702440325562115 8.983949294580711 4.708545995245514
5.3702440325562115 6.301436858964095 5.1529843046941775
5.3702440325562115 6.320268179913256 5.377603661318494
5.3702440325562115 6.320268179913256 5.228851835456063
5.3702440325562115 6.551020328105107 5.632125027199106
4.533228357636574 7.703234229699216 6.094100340914557
1.843081780337521 7.703234229699216 5.5613021498206
6.649513714314292 7.554978813521398 4.978032145617275
5.126366186810142 7.554978813521398 5.327410778605278
3.7253282575771434 7.538905224190994 5.802344716464416
4.30316668305689 7.615312126431991 3.875393051982265
4.30316668305689 6.521926609745986 3.3547200766472245
2.771330595345518 7.395337217374818 4.810283388370545
2.9057083295866417 7.395337217374818 2.9990441735358933
1.7230463820390232 4.280997813358688 3.134030447553237
4.007873426371905 7.202945554233409 5.007185194934421
4.007873426371905 7.202945554233409 4.88495373486384
4.007873426371905 9.078522733900872 6.92292537646909
4.007873426371905 10.411589435907974 7.971779851833703
