4.884341039326799 7.59867188478667 5.301616039267412
4.884341039326799 7.59867188478667 4.5757201314133145
4.884341039326799 7.59867188478667 5.1289142814326905
4.884341039326799 6.085007504049845 4.671848402136083
4.884341039326799 6.5838778731365615 3.8097332424388783
4.120505803249934 5.29965588282959 3.210816033943786
2.8375553490067777 6.5036376343709925 5.148736938817459
2.9410214594788013 5.910458694638589 4.698708292819571
2.9410214594788013 9.302454564879605 6.74004252347299
2.9410214594788013 10.39371795036777 5.118302189542295
2.9410214594788013 6.417159691888571 4.888721971688397
2.9410214594788013 6.417159691888571 4.5401271572113435
4.2241089451616 6.238922325418368 4.645270948220726
2.750506400876372 6.238922325418368 4.946277542570012
3.6778369177254686 6.431338818233254 5.313746652993554
5.897905987976511 6.3909379550909335 5.480004918309017
4.2241089451616 6.7485777691556414 5.801061955034935
4.2241089451616 7.663429307801685 6.57499520749254
5.294364206539303 7.663429307801685 6.110490050759475
4.2241089451616 6.46572070784169 5.5658152799566105
3.6536860891236995 6.859923756701814 5.973487906234327
3.6536860891236995 6.859923756701814 5.574786432110634
3.6536860891236995 6.623502549968741 5.9786512010371675
3.6536860891236995 7.768340981178744 5.9441898878990544
3.6536860891236995 7.768340981178744 5.449473988281415
