5.580085783731285 7.6853606079704 5.582524786357947
5.580085783731285 7.520627945754637 5.0931162604173235
5.580085783731285 7.520627945754637 5.01257707566405
5.580085783731285 6.594430364100756 4.927685368021186
5.580085783731285 6.594430364100756 5.108042779144994
5.580085783731285 6.407232504516244 4.797234460421335
4.700804037793976 6.167912788402184 4.773813584462732
4.4482753119209555 6.60727967113576 5.406120080973713
4.4482753119209555 7.502721282762309 6.055714233512184
6.13992025493479 7.375861833100991 5.197292770687272
2.219523838219342 7.641375632821431 4.799616341101811
6.13992025493479 7.375861833100991 4.17090072396106
6.13992025493479 5.475933499310198 4.659757698154123
6.13992025493479 6.314507698863604 5.625958248147705
6.13992025493479 6.314507698863604 5.033577856009256
6.13992025493479 6.314507698863604 5.129000083401561
6.13992025493479 6.637198930637798 5.8570596116540825
3.678949962354189 5.800387467113634 5.969019385989324
5.2466595540066585 8.750898527264281 5.034156777162062
5.6872422594925744 5.2466595540066585 4.639845927247727
5.849356322923551 5.6872422594925744 4.428269706980163
5.849356322923551 5.6872422594925744 4.425644422080905
4.386028331882152 5.849356322923551 5.133331114290539
4.165218450237941 6.1562801033962735 6.379696682989671
3.4390964637548795 8.274431977785342 6.1794899515065955
