3.829253388375307 7.63429106216592 5.636995765043597
3.829253388375307 7.087898224719126 4.605543966202822
3.829253388375307 6.550537218094984 4.888040700410113
3.829253388375307 6.455419896776924 5.636865758862288
3.829253388375307 4.082427658245241 4.9902383266857875
3.829253388375307 6.455419896776924 4.474730973951742
3.829253388375307 6.081717390742906 4.940396133113145
5.389681177889017 5.848308346917204 5.715746785738606
5.389681177889017 5.848308346917204 5.646613913089202
5.402060211979585 8.533866414166184 6.254493594017042
2.8588684093429646 8.533866414166184 4.385358717424945
2.8588684093429646 5.848308346917204 4.139765399085352
5.402060211979585 6.356105672363384 5.044220376856156
5.402060211979585 6.356105672363384 5.027991743858458
6.047416488039385 5.402060211979585 5.735213642019999
6.284035222336808 7.549218722115736 6.981343923930002
4.61712367585795 7.549218722115736 6.120326626150587
6.587645659068734 7.306310406933417 4.293814509080926
4.71839603795436 6.587645659068734 6.263618185780362
4.71839603795436 6.587645659068734 5.898964539980484
4.71839603795436 5.577456938664529 6.348645681574219
5.5005942605207885 6.587645659068734 5.211158598742124
6.653709893259066 6.231818775658823 5.5872160337023455
4.506540291287891 7.699875828982236 6.274214853973678
4.317595125763749 7.699875828982236 5.9164813070847515
