6.644798922789299 7.739524072212539 5.568841845410919
6.644798922789299 6.939192069753878 3.965417940466643
3.527241139338543 6.644798922789299 4.406418620719361
6.314290499355426 3.527241139338543 2.483953568516903
5.804037368293976 6.314290499355426 3.055599798939868
2.611336944132447 6.0503044471642475 3.765256833164143
5.566515200291093 6.0503044471642475 4.533419362402641
5.566515200291093 5.875673771395292 4.401437313475185
3.5541539048348167 6.353200469315823 5.012942340691925
3.2690007879790888 6.353200469315823 5.979769414171447
4.023371614341404 7.680949460574929 5.0267056768580645
3.2690007879790888 7.680949460574929 4.764188351388802
4.023371614341404 6.138696029488862 5.2425503876918516
4.023371614341404 6.138696029488862 4.9836714164603055
4.023371614341404 7.753325344586802 5.984547057721898
4.023371614341404 7.688829677586707 5.868049366481671
3.748103981680917 7.688829677586707 5.519645994457104
3.748103981680917 7.616770395554775 6.689638198311157
2.914026947582791 7.394652192993945 4.4841844687153545
4.669945875040632 5.065489289110737 3.1450999745417296
2.914026947582791 7.74754596476652 5.5762377381327495
5.158260813277941 7.74754596476652 4.485601390504975
4.661054976379074 6.340432594537194 5.519982540935627
4.4807234629205865 6.1162676985651565 5.596447365362235
3.6623068986392124 6.10813927484811 4.199736101664983
