2.6846865377717433 7.686745911748822 5.309299506564787
2.6846865377717433 7.6881672567244745 4.726359036666751
2.6846865377717433 4.582899100287992 4.236591894911625
2.6846865377717433 6.012258897535499 4.309053518429537
2.6846865377717433 6.221140069089962 4.344809744068778
2.6846865377717433 7.439022152143501 4.867819498596978
2.6846865377717433 10.07309141976414 6.2703294739301825
2.6846865377717433 7.719534312059171 4.755377622523163
5.994849490758089 5.941314516537435 3.2776322741593917
5.805343297093046 7.332476410498771 5.67790084846976
5.598280932207821 6.601708488757588 4.813497888549858
6.619025117555893 6.302550784234619 3.0812910268416895
4.54722893105944 8.790720952782134 6.690101073310417
6.025065133259808 7.317999866917772 5.588384537932822
6.025065133259808 7.013542121899183 4.998744717136245
5.0627015260201205 7.013542121899183 5.923962045601319
5.0627015260201205 7.483841458744649 6.569242535594233
3.4217610148829185 8.105286199060588 5.184903125661719
3.4217610148829185 8.105286199060588 4.9352233020083345
5.698372742760668 8.38954002518445 6.114787179747137
3.6065352251129643 8.38954002518445 4.228153226484223
3.6065352251129643 8.38954002518445 3.741566126142292
3.6065352251129643 6.261436125984076 4.558629369990114
2.940174407623197 6.288687732985437 4.02402669638267
2.940174407623197 6.288687732985437 4.187941736166515
