3.9382771046615734 7.653960171792489 5.2671753580061225
3.9382771046615734 7.596017869561841 5.325721416250152
3.9382771046615734 6.307046837699449 4.457741351506183
3.9382771046615734 7.128326516772004 4.770875647700042
4.293639156173381 7.782688928835141 5.7724400511737715
4.293639156173381 7.2049502889813315 6.049728723030636
4.293639156173381 6.558485449375777 6.242555549662515
4.293639156173381 6.558485449375777 6.005656207360769
4.293639156173381 6.658323019719216 5.291027032967674
4.293639156173381 6.658323019719216 4.949225233374566
4.293639156173381 7.5917343985058245 5.494739126802012
4.293639156173381 6.251868445938051 5.186523851212554
4.206273360942024 6.251868445938051 4.636698447410974
4.206273360942024 6.337332683851482 5.185011605900553
4.206273360942024 7.742924253892129 6.419192175568225
4.206273360942024 7.6913278131998055 6.301488160339265
4.5595389087638445 7.6913278131998055 4.903157302868608
4.5595389087638445 6.294363001672924 3.9533790276153247
5.647258853787569 5.987611397586665 4.152192480508282
4.006876816168944 5.987611397586665 4.380519591125017
4.2004012725649424 5.768555483946319 3.9646404019172876
4.945015658037288 5.768555483946319 3.7367982078130613
3.6829107669721926 5.9713417289007324 5.817850214969926
3.6493062624830945 7.579115687024094 5.659923718565231
3.6493062624830945 7.579115687024094 5.953488186392762
