6.4084294223813885 7.754478580633895 5.7618464916162155
6.4084294223813885 7.754478580633895 4.541297712511224
6.4084294223813885 6.73222620280354 4.659146066468124
3.508947948847269 6.63861378340604 5.239678229783971
3.508947948847269 9.165560017994865 5.820096309362807
5.455235049958578 9.165560017994865 4.275317215805372
5.455235049958578 6.200499206078753 4.368735940710348
6.507942236722236 6.311626604380649 5.44796481985678
6.507942236722236 7.733256910995232 5.503650001653823
6.507942236722236 7.733256910995232 4.589989845644271
6.507942236722236 7.733256910995232 4.382448002247634
6.507942236722236 4.562308335744291 5.399113857706077
6.507942236722236 5.206926302146858 4.297849483605045
6.507942236722236 5.206926302146858 4.423532341138567
6.507942236722236 6.666441733903888 4.482975568704942
6.507942236722236 7.4975294097222225 4.92274913188667
6.507942236722236 6.988647198517496 5.755986952840357
6.507942236722236 7.57910577025973 5.643875283346724
6.608127114792939 9.902920712271813 7.686236330457856
6.608127114792939 12.815701218784891 8.045874933550587
6.608127114792939 12.815701218784891 7.011804064822672
5.6731746373651575 12.815701218784891 5.748234948012033
5.6731746373651575 6.608127114792939 4.958247571389719
0.9047650722198886 6.636745092210962 5.420238106936309
0.9047650722198886 6.677896390306266 5.386265282333719
