5.5503256181977 7.683725554348181 5.328821274183968
5.5503256181977 7.683725554348181 4.136723250168097
5.5503256181977 6.486714546039213 4.27403740489999
3.882009593944819 7.671488217900409 5.603427971988938
3.882009593944819 7.671488217900409 5.416343251987431
3.882009593944819 7.671488217900409 5.595888035750328
3.882009593944819 9.897695507790022 5.810064948553357
3.882009593944819 9.783432865477488 5.5145736332429225
3.2060687998644117 9.783432865477488 4.670098394849763
3.2060687998644117 5.841605720568843 4.293723065730778
3.2060687998644117 5.841605720568843 4.8239642670029665
3.2060687998644117 5.841605720568843 3.9249682007934337
3.2060687998644117 6.348631410557061 4.786352052816524
3.2060687998644117 7.352010222006069 5.544271092379577
3.2060687998644117 7.352010222006069 5.292844366572467
3.1258731361740044 5.649580423754202 4.226445492272569
3.5649334971871594 5.649580423754202 4.098362203954924
3.5649334971871594 6.073572918316714 4.809164719126574
3.5649334971871594 6.091022996564789 5.625597356357401
3.5649334971871594 6.665426116357683 5.637698131181857
3.5649334971871594 6.687262079956081 6.254643142708104
3.464687377426593 6.687262079956081 5.1557648143143755
4.498206820178904 6.687262079956081 3.6568829452302736
3.464687377426593 5.84488516990708 4.773967426044719
3.464687377426593 5.978000223862633 4.506531216310722
