5.605654693332017 7.745261884554116 5.6005311582356185
5.605654693332017 7.59729313309033 6.279033068387682
5.605654693332017 7.59729313309033 5.288927133707704
3.7504428508088847 6.269296010023055 3.9301453113233062
7.303929307874668 6.919094658955274 4.155059437924901
4.340729831436029 7.303929307874668 5.17035777851694
4.365195334534164 7.303929307874668 5.324653092536818
4.340729831436029 6.392243805229519 5.55444788985743
4.340729831436029 6.392243805229519 5.16213065221342
4.340729831436029 7.621809135063611 6.257559178683668
4.340729831436029 7.621809135063611 6.085837610362818
4.340729831436029 7.621809135063611 6.070412544453841
4.340729831436029 8.058085194663477 7.3800604648485795
4.340729831436029 8.058085194663477 5.804244722445183
4.340729831436029 8.058085194663477 4.765126496086012
4.340729831436029 6.011482130977313 5.200360521307324
4.340729831436029 8.196822434742034 6.2153921900154705
4.340729831436029 9.314799980842233 6.870444707708309
4.340729831436029 10.993809711505794 6.968328535678109
4.340729831436029 10.993809711505794 6.296433255572294
4.340729831436029 6.6527110691093405 6.149092755115538
4.340729831436029 6.6527110691093405 5.7072268913235575
4.340729831436029 6.270210441064243 6.161077251219137
4.340729831436029 6.270210441064243 4.6019005790939085
4.340729831436029 6.4351055189130655 4.894038884805988
