2.6384402277242676 7.772396940389644 5.932350849437929
2.6384402277242676 7.7562026750512345 5.719549530047957
2.6384402277242676 6.043104124880841 5.519811683135474
2.6384402277242676 5.747613877443172 5.6280302755309055
2.6384402277242676 5.826829579248265 5.6280302755309055
2.6384402277242676 5.931208482758841 5.718859762738531
2.6384402277242676 6.564576489226447 6.21650993497583
2.6384402277242676 6.564576489226447 5.732925131239144
2.6384402277242676 6.564576489226447 4.907623997462769
2.6384402277242676 6.578790104336406 5.115809581844029
2.6384402277242676 5.7301152385128304 4.561773788150297
2.6384402277242676 4.571285761226925 4.422605335572877
2.6384402277242676 4.8204786229305725 3.9838498112113996
2.6384402277242676 4.754314709878926 3.898901478341187
2.6384402277242676 4.754314709878926 3.581903813489379
2.6384402277242676 5.6473134251286154 4.1622334684661615
2.6384402277242676 4.872201114107053 3.603179424522268
2.6384402277242676 2.709506101970842 2.7067727991152064
2.6384402277242676 2.709506101970842 2.7067727991152064
2.6384402277242676 2.709506101970842 2.704039496259569
2.6384402277242676 3.2616789972817206 2.913680383908115
2.6384402277242676 3.2616789972817206 2.7704850562664616
2.540184928487055 2.709506101970842 1.6765631178541456
0.34737771410966944 2.6293021573393784 1.2785314289944216
0.34737771410966944 0.34737771410966944 0.3473777141096692
0.34737771410966944 0.34737771410966944 0.3473777141096692
0.34737771410966944 0.34737771410966944 0.3473777141096692
0.34737771410966944 5.438268874192868 2.3054127756801304
0.34737771410966944 0.34737771410966944 0.3473777141096692
0.34737771410966944 0.34737771410966944 0.3473777141096692
0.34737771410966944 0.34737771410966944 0.3473777141096692
2.9706873067916786 5.495717522085965 2.7235345485602673
3.4846456133684325 2.9706873067916786 1.1545498964733645
0.34737771410966944 3.4846456133684325 0.3473777141096692
0.34737771410966944 3.4846456133684325 0.46804186408115994
0.34737771410966944 4.93643980540045 1.9358992072487864
0.34737771410966944 2.7944808218796813 0.44149706440851577
0.34737771410966944 0.34737771410966944 0.3473777141096692
0.34737771410966944 0.34737771410966944 0.3473777141096692
0.34737771410966944 0.34737771410966944 0.3473777141096692
0.34737771410966944 0.34737771410966944 0.3473777141096692
0.34737771410966944 0.34737771410966944 0.3473777141096692
4.978936010465084 0.34737771410966944 0.3473777141096692
0.34737771410966944 4.978936010465084 1.934245888220204
0.34737771410966944 0.34737771410966944 0.3473777141096692
0.34737771410966944 0.7047127898358778 0.4298396546618711
0.34737771410966944 3.273386124411808 2.4939795641444955
0.34737771410966944 6.624206958920265 3.159327284408884
0.34737771410966944 6.624206958920265 0.5887942235254613
0.34737771410966944 0.34737771410966944 0.3473777141096692
0.34737771410966944 0.34737771410966944 0.3473777141096692
0.34737771410966944 0.34737771410966944 0.3473777141096692
0.26536056283762166 0.34737771410966944 0.309523644291801
0.26536056283762166 5.668239995784582 2.145208891316152
0.26536056283762166 0.26536056283762166 0.2653605628376215
0.26536056283762166 5.695971879451978 1.5185785589793959
0.26536056283762166 0.26536056283762166 0.2653605628376215
0.26536056283762166 2.6988744413159016 1.2013274391754214
0.26536056283762166 3.2010381069129505 2.253090167602708
0.26536056283762166 3.2010381069129505 0.6776099579497967
0.26536056283762166 1.881070291092922 0.3275032446935946
0.26536056283762166 0.26536056283762166 0.2653605628376215
0.26536056283762166 0.26536056283762166 0.2653605628376215
0.26536056283762166 0.26536056283762166 0.2653605628376215
0.26536056283762166 0.26536056283762166 0.2653605628376215
0.26536056283762166 3.1920258603181044 1.1658729620623853
0.26536056283762166 0.26536056283762166 0.2653605628376215
0.26536056283762166 5.088206683612988 2.766101395361664
0.03920466047521787 2.4267252187023023 0.3359380392123491
0.03920466047521787 5.530759950120878 2.5737686403116773
0.03920466047521787 5.395437947911272 3.836502845083869
0.03920466047521787 5.363901180531382 2.2919608804989813
3.102852681657325 4.648871216277957 1.8121533357839643
0.03920466047521787 3.239166351277714 1.9717120206866499
0.03920466047521787 4.774298565668715 1.8603946240111793
0.03920466047521787 0.03920466047521787 0.03920466047521787
0.03920466047521787 0.03920466047521787 0.03920466047521787
0.03920466047521787 0.03920466047521787 0.03920466047521787
0.03920466047521787 0.03920466047521787 0.03920466047521787
0.03920466047521787 0.03920466047521787 0.03920466047521787
0.03920466047521787 0.03920466047521787 0.03920466047521787
0.03920466047521787 0.5927872394951597 0.2947043123305754
0.03920466047521787 0.03920466047521787 0.03920466047521787
0.03920466047521787 0.03920466047521787 0.03920466047521787
0.03920466047521787 6.1161653632746145 1.9090387228750338
0.03920466047521787 0.03920466047521787 0.03920466047521787
0.03920466047521787 4.9654315839655645 1.3654965244918496
0.03920466047521787 4.957515265870747 1.9308625856273454
0.0397087114273913 5.666173532689754 2.2034234574808096
0.03920466047521787 3.010262179357149 1.1820160236898398
0.03673935239533366 4.963788937032177 1.5536467582306441
0.03556156209305472 0.0397087114273913 0.036620559657414904
0.03556156209305472 3.185146793789141 1.0049699970539634
0.03556156209305472 5.6459949946790395 2.193478887027366
0.03556156209305472 0.03738731400943296 0.03642180270728886
0.03556156209305472 4.273899109038389 1.6659080764800567
0.03556156209305472 0.035714054460435296 0.0357081893693822
0.03556156209305472 0.035714054460435296 0.0357081893693822
0.03556156209305472 0.035714054460435296 0.0357081893693822
0.03556156209305472 0.035714054460435296 0.0357081893693822
