5.280029332200602 7.475651426146062 4.740964336510768
5.280029332200602 6.621665932195164 4.596457779903216
5.280029332200602 6.621665932195164 4.999969984849666
5.280029332200602 6.036209691004345 4.175675161483112
2.0639309163935846 6.006934481876094 3.7675372334659345
1.9148973348244387 4.32787997468262 2.9529707880224185
1.9148973348244387 2.0639309163935846 1.9674485820673988
1.9148973348244387 5.664658864546791 3.223891562912042
1.9148973348244387 5.664658864546791 3.6632475053423166
1.9148973348244387 5.377168527085939 2.051567358160891
1.9148973348244387 1.9186952270946986 1.9185491543150741
1.9148973348244387 1.9186952270946986 1.9185491543150741
1.9148973348244387 1.9186952270946986 1.9185491543150741
1.9148973348244387 1.9186952270946986 1.9184030815354487
1.9148973348244387 1.9186952270946986 1.9185491543150741
1.9148973348244387 1.9186952270946986 1.9184030815354487
1.9148973348244387 1.9186952270946986 1.9182570087558233
1.9148973348244387 1.9186952270946986 1.9182570087558233
1.9148973348244387 2.033181515048988 1.9713734995626995
1.7846349376237254 2.033181515048988 1.9189426891931853
1.7846349376237254 3.606934131344453 2.4740119637036355
1.5483747700703216 5.564934649021801 3.278466862214487
1.5483747700703216 5.564934649021801 1.9089258353154466
1.5483747700703216 1.8303625499346237 1.7455606182170784
1.5483747700703216 3.027003857597738 2.420724048056132
1.5483747700703216 5.958702665975931 3.3998619199598035
1.5483747700703216 5.958702665975931 4.204949163496182
1.5483747700703216 5.952797776328275 5.391170030810527
1.5483747700703216 5.952797776328275 2.9035818489189236
1.5483747700703216 6.491340680225822 4.366572148526488
0.4187929725684332 5.952797776328275 1.767857589147123
0.4187929725684332 2.2705789991150103 0.4900155120509936
0.4187929725684332 0.4187929725684332 0.41879297256843295
0.4187929725684332 3.1723367107839384 1.5837537848903775
0.4187929725684332 0.4187929725684332 0.41879297256843295
0.4187929725684332 5.047002272715549 2.3768815226306748
0.4187929725684332 0.4187929725684332 0.41879297256843295
0.4187929725684332 5.675399987878539 1.0253245512580607
0.4187929725684332 5.659165226848177 2.4343207626760273
0.4187929725684332 0.4187929725684332 0.41879297256843295
0.4187929725684332 0.4187929725684332 0.41879297256843295
0.4187929725684332 0.4187929725684332 0.41879297256843295
0.4187929725684332 0.4187929725684332 0.41879297256843295
0.4187929725684332 0.4187929725684332 0.41879297256843295
0.4187929725684332 0.4187929725684332 0.41879297256843295
0.4187929725684332 0.4187929725684332 0.41879297256843295
0.4187929725684332 0.4187929725684332 0.41879297256843295
0.4187929725684332 0.4187929725684332 0.41879297256843295
0.4187929725684332 0.4187929725684332 0.41879297256843295
0.4187929725684332 4.101446684616022 1.576869901429166
0.4187929725684332 4.101446684616022 2.2273583530779195
0.4187929725684332 5.024403610932772 3.5695398793379556
0.4187929725684332 3.337686747993559 1.9855653181460928
0.09919988573021188 0.4187929725684332 0.3204566381566726
0.09919988573021188 5.538842863755409 1.9204406882786826
0.09919988573021188 0.09919988573021188 0.09919988573021188
0.09919988573021188 0.09919988573021188 0.09919988573021188
0.09919988573021188 0.09919988573021188 0.09919988573021188
0.814623410474344 0.09919988573021188 0.09919988573021188
0.09919988573021188 0.814623410474344 0.23678133279639096
0.09919988573021188 0.09919988573021188 0.09919988573021188
0.09919988573021188 0.09919988573021188 0.09919988573021188
0.09919988573021188 0.09919988573021188 0.09919988573021188
0.09919988573021188 0.09919988573021188 0.09919988573021188
0.09919988573021188 0.09919988573021188 0.09919988573021188
0.09919988573021188 5.533363442565054 2.37305895547953
0.09919988573021188 0.09919988573021188 0.09919988573021188
0.09919988573021188 0.09919988573021188 0.09919988573021188
0.09919988573021188 2.113600795684825 0.8739694664819859
0.09919988573021188 2.113600795684825 0.1766768438053892
0.09919988573021188 0.09919988573021188 0.09919988573021188
0.09919988573021188 5.633902775275665 2.440804954384058
0.09919988573021188 0.09919988573021188 0.09919988573021188
0.09919988573021188 0.09919988573021188 0.09919988573021188
0.09919988573021188 2.661299894078447 1.1831652738775418
0.09919988573021188 0.09919988573021188 0.09919988573021188
0.09919988573021188 0.09919988573021188 0.09919988573021188
0.09919988573021188 0.09919988573021188 0.09919988573021188
0.09919988573021188 5.088124226300657 2.4017803506088797
0.09919988573021188 0.09919988573021188 0.09919988573021188
0.09919988573021188 0.09919988573021188 0.09919988573021188
0.09919988573021188 4.83456718556257 1.92049500105035
0.09919988573021188 0.09919988573021188 0.09919988573021188
0.09919988573021188 0.09919988573021188 0.09919988573021188
0.09919988573021188 0.09919988573021188 0.09919988573021188
0.09010014879423922 0.09919988573021188 0.09604997679083672
0.09010014879423922 0.24002926047445827 0.1407820516253699
0.09010014879423922 4.917706210987067 2.144781855769374
0.09010014879423922 0.09919988573021188 0.09045013867639201
0.09010014879423922 0.09010014879423922 0.09010014879423922
0.09010014879423922 2.641011191939399 0.28632407519002057
0.09010014879423922 0.09010014879423922 0.09010014879423922
0.09010014879423922 2.122932096554497 0.7937727460958666
0.09010014879423922 0.09010014879423922 0.09010014879423922
0.09010014879423922 5.482679933201563 0.9197278079338272
0.09010014879423922 2.8395235009714743 1.0418236168555894
0.09010014879423922 0.09010014879423922 0.09010014879423922
0.09010014879423922 0.09010014879423922 0.09010014879423922
0.09010014879423922 0.09010014879423922 0.09010014879423922
0.09010014879423922 3.120602323983221 0.672889028638274
