3.5130251269931922 7.762018861757436 5.548680015397391
3.5130251269931922 6.66488628847474 4.943146463814221
3.5130251269931922 8.078283514320749 5.853167378680136
3.5130251269931922 8.373302643156865 6.665502781999589
3.5130251269931922 8.373302643156865 5.122059221918854
3.5130251269931922 6.269248752993917 4.665542745403692
3.5130251269931922 6.3852447229096825 5.3465866481409705
3.5130251269931922 6.62744493904059 5.954451165167937
3.5130251269931922 6.62744493904059 5.850669752296005
3.5130251269931922 5.966397173150295 5.807840353117066
3.5130251269931922 5.966397173150295 5.263350701966112
3.5130251269931922 6.2682949323353725 5.986507759747453
3.5130251269931922 6.2682949323353725 5.347253539175767
3.5130251269931922 6.103986949360397 4.761914030132175
3.5130251269931922 6.103986949360397 5.690533275185043
3.5130251269931922 5.911640480400951 5.81767929415072
3.5130251269931922 7.104696353947109 6.18486141767969
3.5130251269931922 7.104696353947109 6.37880896517681
3.5130251269931922 6.792925448468498 6.152913705878514
3.5130251269931922 6.78339829217572 5.852546992881371
3.5130251269931922 6.295615858894557 5.37079516534005
3.5130251269931922 5.680617044379709 5.436100357907204
3.5130251269931922 5.680617044379709 5.336308126322475
3.5130251269931922 5.680617044379709 5.382928034861787
3.5130251269931922 6.663938445220584 5.833424469772433
3.5130251269931922 5.445655381971207 5.371323449087438
3.5130251269931922 5.445655381971207 5.071516953598896
3.5130251269931922 5.445655381971207 5.321355699839346
3.5130251269931922 5.445655381971207 5.371323449087438
3.5130251269931922 5.445655381971207 5.204259795083401
3.5130251269931922 6.604365449598944 5.887877353117838
3.5130251269931922 6.604365449598944 5.730838748202941
3.5130251269931922 7.023497635074202 6.165789109800666
3.5130251269931922 7.024006719166918 6.470380227482709
3.5130251269931922 7.024006719166918 6.110008784654723
3.5130251269931922 6.186907563518435 6.084065931344388
3.5130251269931922 6.186907563518435 5.83899306695373
3.5130251269931922 7.080489238009841 6.09034270662398
3.5130251269931922 7.080489238009841 5.4179776585588675
3.5130251269931922 6.2382542703640915 5.582178657759956
3.5130251269931922 6.296688998234302 5.563421710699217
3.5130251269931922 6.296688998234302 4.521501166271471
3.5130251269931922 5.466395010656775 5.024970799585029
3.5130251269931922 6.994481579731458 6.41801958901638
3.5130251269931922 6.994481579731458 6.3149952971545815
3.5130251269931922 6.653088757170597 6.171418705873453
3.425774754953626 6.409081975347579 4.396061971446963
3.425774754953626 5.057847260690128 4.43348284971607
3.425774754953626 5.159387834962381 4.326348198079263
3.425774754953626 6.005418666432398 4.678781634196635
3.3659042504379504 6.005418666432398 3.845891103021884
3.3659042504379504 6.005418666432398 4.089782822349662
3.3659042504379504 4.622455587678516 3.414233148024126
3.263430441650254 4.88593562088267 3.9150599975671008
1.3772575948444623 4.88593562088267 2.765180112755046
1.3772575948444623 3.263430441650254 1.5223478138295237
1.3772575948444623 4.539179629490764 2.4717690683758753
1.3772575948444623 5.716453671206597 3.3346837054071465
1.3772575948444623 5.716453671206597 2.1493435649037136
1.3772575948444623 3.3441374879917594 1.452906821503974
1.3772575948444623 4.427816579204489 2.7852078953183215
1.3772575948444623 6.238282644917742 4.257561686865182
1.3772575948444623 5.957722316221556 3.6763949432313887
1.3772575948444623 2.9469124102230784 2.6750392923107325
1.3772575948444623 2.9469124102230784 2.816040478216948
1.3772575948444623 2.9469124102230784 2.886541071170055
1.3772575948444623 2.9469124102230784 2.886541071170055
1.3772575948444623 2.9469124102230784 2.886541071170055
1.3772575948444623 2.9469124102230784 2.886541071170055
1.3772575948444623 4.497920223069894 3.602390830945509
1.3772575948444623 4.417799657641645 3.814756516553053
1.3772575948444623 6.4555021665661485 5.203960098842118
1.3772575948444623 6.4555021665661485 6.066141673138214
1.3772575948444623 6.4555021665661485 6.195503936148587
1.3772575948444623 8.510853595052327 6.243233110406051
1.3772575948444623 6.4555021665661485 4.691871861949142
1.3772575948444623 6.4555021665661485 5.799555304900313
1.3772575948444623 6.339942589555818 6.068253358866398
1.3772575948444623 6.339942589555818 5.989521609213484
1.3772575948444623 6.5706558957183 5.752859586133615
1.3772575948444623 6.662491543658508 4.814802646386072
1.3772575948444623 6.648276300324294 3.1343797326693332
1.3772575948444623 6.648276300324294 2.7119484330573416
1.3772575948444623 6.648276300324294 3.070622087178912
1.3772575948444623 6.170715237710812 4.113320430780961
1.3772575948444623 3.5977669462321313 2.5063704463283134
1.3772575948444623 6.237279564529832 2.741809703819344
1.3772575948444623 2.548089908207015 1.8910699638827955
1.3772575948444623 3.101447890539735 2.5760185170296714
1.3772575948444623 3.538297387303214 2.7926225210692976
1.3772575948444623 3.538297387303214 3.1237225473491224
1.3772575948444623 7.656182576048344 4.866842971018486
1.3772575948444623 7.656182576048344 2.6029678323631336
1.3772575948444623 3.2739313469792575 2.8562216703780083
1.3772575948444623 2.963973834039017 2.902946286377689
1.3772575948444623 2.963973834039017 2.8419187387163594
1.3772575948444623 2.963973834039017 1.4993126901671208
5.248631313703491 3.555784071600311 2.3827313533471632
1.1718723349559181 5.248631313703491 3.2782328003165153
1.1599777122537458 5.248631313703491 2.545734844394338
