3.1278940738428287 7.725148448869421 5.466465415798629
3.1278940738428287 6.487852934495571 4.956862545127877
3.1278940738428287 6.179547035883118 4.853922186353311
3.1278940738428287 6.179547035883118 3.8833035050630658
3.1278940738428287 4.057845543222452 3.6232716819605923
3.1278940738428287 4.10779983410886 3.8669568148977995
3.1278940738428287 4.473802600479949 4.107632265319941
3.1278940738428287 4.76656175420413 4.255676878249175
3.1278940738428287 5.936881913166111 5.097991320361203
3.1278940738428287 5.739534466996744 4.986574744698031
3.1278940738428287 4.784200906404422 4.629635077435845
3.1278940738428287 4.784200906404422 4.720496797459745
3.1278940738428287 6.722327030124411 5.33852170407808
3.1278940738428287 4.784200906404422 3.8634945477894242
3.1278940738428287 4.342293365635083 4.146837109461779
3.1278940738428287 4.342293365635083 4.163046976673826
3.1278940738428287 4.342293365635083 4.053205345481636
3.025323406817247 5.581549713430078 4.179470693816006
3.025323406817247 5.581549713430078 3.9421854041393094
3.025323406817247 4.530722893700194 3.62576072110945
3.025323406817247 6.255091408641981 4.709330709073297
3.025323406817247 6.255091408641981 3.9191801439566074
3.025323406817247 4.510365750676833 3.914141907598157
3.025323406817247 4.510365750676833 4.219326509275135
3.025323406817247 4.510365750676833 4.421886618242074
3.025323406817247 4.510365750676833 4.41470900091349
3.025323406817247 4.516473102424158 4.33434620029153
3.025323406817247 4.516473102424158 4.240336402806711
3.025323406817247 4.262327501516282 4.214750420950934
3.025323406817247 6.485568511993936 5.059399264875771
2.6046940290479914 6.485568511993936 3.6995011043558774
2.6046940290479914 4.581197995760874 4.189728404908655
2.5882698083043576 3.9790078612797157 3.2842705355898696
2.5882698083043576 4.018560998431646 3.5803954971538485
2.5882698083043576 6.237228157495576 4.496165538452555
2.5882698083043576 6.286788727872448 5.025583977317255
2.5882698083043576 6.286788727872448 4.230979327830728
2.5882698083043576 6.286788727872448 4.327841781217362
2.5882698083043576 4.585679788020929 4.174085800354459
2.5882698083043576 4.830536064637418 4.351204351100213
2.5882698083043576 7.290280839386282 6.4173397136576344
2.5882698083043576 7.677585588175544 6.848652780549368
2.5882698083043576 7.613850613688795 6.937434220709964
2.5882698083043576 9.074416872795867 7.371606248336369
2.5882698083043576 9.074416872795867 8.479118803680073
2.5882698083043576 9.074416872795867 8.32601528843146
2.5882698083043576 9.074416872795867 8.17490074986333
2.5882698083043576 9.074416872795867 6.491939113096923
2.5882698083043576 8.650361636613713 7.701455470428002
2.5882698083043576 9.748183643198862 6.607418357106853
2.5882698083043576 10.751927787172164 8.263949499817956
2.5882698083043576 11.799472529003841 8.607297121426477
2.5882698083043576 11.799472529003841 8.082290140506167
2.5882698083043576 13.319734574558057 9.92192244089624
2.5882698083043576 2.5882698083043576 2.588269808304359
2.5882698083043576 2.5882698083043576 2.588269808304359
2.5882698083043576 2.5882698083043576 2.588269808304359
2.5882698083043576 2.736178264697742 2.6167137422261635
2.583504565995295 2.624924012364176 2.5968552980064854
1.3404490262435407 4.549245754496958 3.0465124472193637
1.3404490262435407 4.570908502779826 3.735552771716091
1.3404490262435407 4.570908502779826 3.596883874672611
1.3404490262435407 4.570908502779826 3.259830842386619
1.3404490262435407 3.4299363701683814 3.0751933315887006
1.3404490262435407 3.149695019322714 2.717197400968538
1.3404490262435407 5.552781363346973 4.48598246558266
1.3404490262435407 5.552781363346973 2.623453909321476
1.3404490262435407 3.251322665148877 2.6755374475504263
1.3404490262435407 3.251322665148877 2.5119492400812526
1.3404490262435407 2.5299545229466713 2.4384541001233546
1.3404490262435407 6.139863815331946 3.8268807510407674
1.3404490262435407 2.5299545229466713 2.484204311535014
1.3404490262435407 2.5299545229466713 2.484204311535014
1.3404490262435407 3.2221451543943975 2.329142780015454
1.3404490262435407 3.236910533877872 2.814001153026269
3.0217947713892106 5.3819026300079535 3.6803277055901558
3.0217947713892106 6.657890814564762 5.278241432892785
3.0217947713892106 4.070104852467818 3.2481233702301444
3.0217947713892106 2.6956144665933306 2.613743192134228
3.0217947713892106 2.6956144665933306 2.3681293687569185
0.8886682902619794 3.0217947713892106 1.7028666582484198
0.8886682902619794 3.531687681745066 2.298523097590713
0.8886682902619794 3.2588409807083036 1.7642807430885337
0.8886682902619794 1.180636786457637 0.985859044893275
0.8886682902619794 2.7643500939570456 1.6616805652415645
0.8886682902619794 2.7643500939570456 1.0409825262999441
0.8886682902619794 0.9896495600500335 0.9779978750744884
0.8886682902619794 2.9554952478614323 1.8930790594326772
0.8886682902619794 5.519000791662819 2.9020296476635945
0.8886682902619794 0.9896495600500335 0.9818817700663367
0.8886682902619794 0.9896495600500335 0.985765665058185
0.8886682902619794 0.9896495600500335 0.985765665058185
0.8886682902619794 5.71223613300635 2.6205071710815253
0.8886682902619794 0.9896495600500335 0.985765665058185
0.8886682902619794 0.9896495600500335 0.9818817700663367
0.8886682902619794 0.9896495600500335 0.9818817700663367
0.8886682902619794 0.9896495600500335 0.985765665058185
0.8886682902619794 5.886175372364477 0.985765665058185
0.8886682902619794 5.886175372364477 2.776985740706469
0.8886682902619794 6.590193879499644 3.855672139723433
