2.5084439694908096 7.672198521888234 5.723392006319796
2.5084439694908096 7.695530390488662 6.554045295697995
2.2494941955557874 8.27090655597566 5.1252538163477475
2.2494941955557874 8.458448132363024 5.814029552712965
1.3292575094645298 6.463539496723946 4.182892058897226
1.3292575094645298 6.413966208428892 2.4224258128834486
1.3292575094645298 4.981100906905905 2.8742681776128043
1.3292575094645298 1.951093981360025 1.6162589580316815
1.3292575094645298 3.3267249957477074 2.020688562408708
1.3292575094645298 3.3267249957477074 1.4060831820138828
1.3292575094645298 4.73031426091427 3.0297858851893995
1.3292575094645298 1.3292575094645298 1.3292575094645296
1.3292575094645298 1.5845636367628484 1.427452173810037
1.3292575094645298 1.5845636367628484 1.4078132409409356
1.3292575094645298 1.5845636367628484 1.3488964423336314
1.3292575094645298 1.3292575094645298 1.3292575094645296
1.3292575094645298 1.3292575094645298 1.3292575094645296
1.3292575094645298 1.3292575094645298 1.3292575094645296
1.3292575094645298 1.3292575094645298 1.3292575094645296
1.3292575094645298 4.8562020610695384 2.821426358220495
1.3292575094645298 4.8562020610695384 1.6005609365110696
1.3292575094645298 1.3292575094645298 1.3292575094645296
1.3292575094645298 3.1796268027966232 2.1832741063870356
1.3292575094645298 5.950490392940093 3.6398739512023113
1.3292575094645298 3.500367238767407 2.3313081537581666
1.3292575094645298 3.500367238767407 1.412761729822333
1.3292575094645298 1.3292575094645298 1.3292575094645296
1.3292575094645298 1.3292575094645298 1.3292575094645296
1.3292575094645298 1.3292575094645298 1.3292575094645296
1.3292575094645298 3.40517247632074 2.2075292262113893
1.3292575094645298 3.40517247632074 1.5687861594864003
1.3292575094645298 5.656790646251416 1.828588256016864
1.3152127068586457 3.4258572496377195 1.9705838288162356
1.3152127068586457 5.626379457952485 3.9141200708162867
1.3152127068586457 5.626379457952485 3.56453740017817
1.3152127068586457 6.536802285080075 5.085463643583416
1.3152127068586457 7.139526860352161 5.28179159270751
1.3152127068586457 5.6124761781005645 2.6051070071872746
0.057144654686194674 4.270647758474865 2.127436809853493
0.057144654686194674 5.291716190735386 3.7221040834907413
0.057144654686194674 4.877336347137376 2.0964565245693865
0.057144654686194674 0.057144654686194674 0.057144654686194674
0.057144654686194674 2.330704686312299 1.1064800538982424
0.057144654686194674 2.330704686312299 0.14458927128719867
0.057144654686194674 1.9853042874173075 0.79874451342893
0.057144654686194674 1.6202821960430431 0.5381100520267631
0.057144654686194674 0.057144654686194674 0.057144654686194674
0.057144654686194674 0.057144654686194674 0.057144654686194674
0.057144654686194674 4.974003937117633 2.36739128322909
0.057144654686194674 0.1389985741429638 0.1358503464715496
0.057144654686194674 0.1389985741429638 0.07603402071467985
0.057144654686194674 4.886647545804063 1.9146457666546068
0.057144654686194674 0.057144654686194674 0.057144654686194674
0.057144654686194674 0.057144654686194674 0.057144654686194674
0.057144654686194674 0.057144654686194674 0.057144654686194674
0.057144654686194674 0.057144654686194674 0.057144654686194674
0.057144654686194674 0.057144654686194674 0.057144654686194674
0.057144654686194674 3.8112123532532576 1.645404065618414
0.057144654686194674 0.057144654686194674 0.057144654686194674
0.057144654686194674 0.057144654686194674 0.057144654686194674
0.057144654686194674 0.057144654686194674 0.057144654686194674
0.057144654686194674 0.057144654686194674 0.057144654686194674
0.057144654686194674 0.057144654686194674 0.057144654686194674
5.3577749677827065 0.057144654686194674 0.057144654686194674
5.3577749677827065 5.527260121942245 2.826165872495932
0.057144654686194674 5.3577749677827065 1.2803670346315432
0.057144654686194674 3.0584853420322564 1.3269426377941438
0.057144654686194674 0.057144654686194674 0.057144654686194674
0.057144654686194674 0.057144654686194674 0.057144654686194674
0.057144654686194674 5.522281804113032 0.5948778525150888
0.057144654686194674 0.057144654686194674 0.057144654686194674
0.057144654686194674 0.057144654686194674 0.057144654686194674
0.057144654686194674 5.0879592018196576 1.0310153725551965
0.057144654686194674 0.057144654686194674 0.057144654686194674
0.057144654686194674 0.057144654686194674 0.057144654686194674
0.057144654686194674 3.2138291370794403 0.42137747957772287
0.057144654686194674 0.057144654686194674 0.057144654686194674
0.057144654686194674 0.057144654686194674 0.057144654686194674
4.888248540534686 0.057144654686194674 0.057144654686194674
0.057144654686194674 5.349577631458473 3.0217542391848586
0.057144654686194674 0.057144654686194674 0.057144654686194674
0.057144654686194674 0.057144654686194674 0.057144654686194674
0.057144654686194674 2.835217827783677 1.2324833048428216
0.057144654686194674 0.057144654686194674 0.057144654686194674
0.057144654686194674 3.2190500945872036 1.3948738792596989
0.057144654686194674 0.057144654686194674 0.057144654686194674
0.3473055242662082 0.057144654686194674 0.057144654686194674
0.057144654686194674 0.3473055242662082 0.10178478846773521
0.057144654686194674 0.057144654686194674 0.057144654686194674
0.057144654686194674 0.057144654686194674 0.057144654686194674
0.057144654686194674 2.639074236047542 1.3481094453668685
0.057144654686194674 5.235312558069957 3.4126357114184174
0.057144654686194674 2.6571231951167715 1.257134750269538
0.057144654686194674 5.561722374101752 1.962575403714657
0.057144654686194674 0.057144654686194674 0.057144654686194674
2.83287106747385 0.057144654686194674 0.057144654686194674
3.248560200841848 2.83287106747385 0.3774207792386162
0.057144654686194674 4.328011789078925 0.5896490305654132
0.057144654686194674 2.980218457711946 1.1814038096960986
0.057144654686194674 0.2860972191121509 0.14520333331156246
