3.0415820207126534 7.517026653391735 5.19687056166567
3.0415820207126534 6.294361763050805 4.832792364367362
3.0415820207126534 6.294361763050805 3.6739560896477204
3.0415820207126534 5.028225767788431 4.145955638291836
3.0415820207126534 5.028225767788431 3.918763906962723
3.0415820207126534 4.157239389502635 4.0324427224958725
3.0415820207126534 4.157239389502635 4.11432949070302
3.0415820207126534 4.157239389502635 4.11432949070302
3.0415820207126534 4.157239389502635 4.11432949070302
3.0415820207126534 6.403825266128425 5.021898232014316
3.0415820207126534 6.403825266128425 4.2007366398040125
3.0415820207126534 4.311427024839531 4.215702441261211
3.0415820207126534 5.51703023158991 4.633456003477682
3.0415820207126534 5.51703023158991 4.009623017952564
3.0415820207126534 4.2665157712178825 4.193814542327259
3.0415820207126534 4.4039694301221495 4.059326948066208
3.0415820207126534 4.524571618659468 4.244029328470553
3.0415820207126534 5.32065432923919 4.7100005935612765
3.0415820207126534 5.325359085659951 4.866312868550374
3.0415820207126534 5.325359085659951 4.661604560545908
3.0415820207126534 4.611427769552172 4.546494335745115
3.0415820207126534 4.6315010934243155 4.556215313812489
3.0415820207126534 5.6591294936423715 5.27042466369248
3.0415820207126534 5.6591294936423715 5.532719826364626
3.0415820207126534 6.585657241336197 5.247135465318276
3.0415820207126534 5.444620642027246 5.2891942496132724
3.0415820207126534 5.444620642027246 5.341605368449172
3.0415820207126534 5.719680344971334 5.046099418510222
3.0415820207126534 5.931422585452001 4.920520275843045
3.0415820207126534 5.931422585452001 4.240631223220759
3.0415820207126534 5.931422585452001 3.8234750647108644
0.5635178992706895 6.513636260558641 3.634560549979573
0.5635178992706895 6.513636260558641 1.1237297872166996
0.5635178992706895 0.5635178992706895 0.5635178992706892
0.5635178992706895 5.631006107911688 2.40075125238053
0.5635178992706895 0.5635178992706895 0.5635178992706892
0.5635178992706895 0.5635178992706895 0.5635178992706892
0.5635178992706895 0.5635178992706895 0.5635178992706892
0.5635178992706895 0.5635178992706895 0.5635178992706892
0.5635178992706895 0.5635178992706895 0.5635178992706892
0.5635178992706895 0.5635178992706895 0.5635178992706892
0.5635178992706895 5.64501689293694 2.9088251271166516
0.5635178992706895 5.34207572673553 2.7690061273313864
0.5635178992706895 5.34207572673553 0.7473085849424138
0.5635178992706895 0.5635178992706895 0.5635178992706892
0.5635178992706895 0.5635178992706895 0.5635178992706892
0.5635178992706895 0.5635178992706895 0.5635178992706892
0.5635178992706895 0.5635178992706895 0.5635178992706892
0.5635178992706895 0.5635178992706895 0.5635178992706892
0.5635178992706895 0.5635178992706895 0.5635178992706892
2.9962032124427123 0.5635178992706895 0.5635178992706892
0.5635178992706895 2.9962032124427123 0.9377771782202312
0.5635178992706895 0.5635178992706895 0.5635178992706892
0.5635178992706895 0.5635178992706895 0.5635178992706892
0.5635178992706895 5.113547170856375 2.4885302834030965
0.5635178992706895 6.923312953882855 5.661432877429719
0.5635178992706895 6.923312953882855 0.8081254013711572
0.5635178992706895 0.5635178992706895 0.5635178992706892
0.5635178992706895 0.5635178992706895 0.5635178992706892
0.5635178992706895 0.5635178992706895 0.5635178992706892
0.5635178992706895 0.5635178992706895 0.5635178992706892
0.5635178992706895 0.5635178992706895 0.5635178992706892
3.10859776323321 0.5635178992706895 0.5635178992706892
3.10859776323321 5.233636478715972 2.359717352903491
0.5635178992706895 5.5719368234767686 3.61181466002725
3.3512486831960087 7.630984239607024 4.3440309647734585
0.5635178992706895 5.653212221275226 3.0420108043535032
3.3512486831960087 4.627361845616406 2.0240830137931427
3.3512486831960087 5.742762958805599 4.247836213557665
0.6897437714012153 5.742762958805599 3.069933288187487
0.6897437714012153 3.308429218583765 2.59333346127152
0.6897437714012153 0.6897437714012153 0.689743771401215
0.6897437714012153 0.8871094543957878 0.7732446372835342
0.6897437714012153 0.8871094543957878 0.8567455031658533
0.6897437714012153 0.8871094543957878 0.8795184665883039
0.6897437714012153 0.8871094543957878 0.8795184665883039
0.6897437714012153 0.8871094543957878 0.8795184665883039
0.6897437714012153 0.8871094543957878 0.8719274787808204
0.6897437714012153 3.244552944373251 1.7862275011950217
0.6897437714012153 0.8871094543957878 0.8719274787808204
0.6897437714012153 5.726451849809656 2.9193415691482274
0.6897437714012153 0.8871094543957878 0.8719274787808204
0.6897437714012153 5.780352869988253 2.9497368347235784
0.6897437714012153 2.847566595954984 1.4003609117778733
0.6897437714012153 1.7244307148412763 1.387343263866587
0.6897437714012153 1.1552380862841223 1.1373344587886256
0.6897437714012153 5.763625451763993 3.26428247362549
0.6897437714012153 1.1552380862841223 1.1373344587886256
0.6897437714012153 6.029981968395159 3.0122359519082553
0.6897437714012153 6.029981968395159 5.094136348183898
0.6897437714012153 6.029981968395159 1.4061334425125598
0.6897437714012153 1.6686509270133212 1.4510052688909743
0.6897437714012153 1.7324532719145975 1.3744741230644648
0.6897437714012153 1.569257226693399 1.4035999270189348
0.6897437714012153 1.3691206479041473 1.34299076803865
0.6897437714012153 1.3691206479041473 1.34299076803865
0.6897437714012153 3.3921386374143947 2.3544997627937745
0.6897437714012153 1.3691206479041473 1.3168608881731525
0.6897437714012153 1.3691206479041473 1.1395981564254218
0.6897437714012153 5.82534409430664 2.8857818735490097
