2.9777296593462386 7.671694177160612 5.670012008196972
2.9777296593462386 6.909003010045863 5.185519628553477
2.9777296593462386 6.1507658878352665 4.12530193169563
2.9777296593462386 5.913967225791065 5.071302839594509
2.9777296593462386 8.50875024640773 5.473337581674591
2.9777296593462386 8.50875024640773 3.9179062229457093
2.6601700085882247 3.143530893135854 2.944312508086529
2.6601700085882247 3.143530893135854 2.7157569478536314
2.6601700085882247 3.952034483087463 3.076257573224438
2.6601700085882247 3.952034483087463 2.7098571037612724
2.6601700085882247 2.6601700085882247 2.6601700085882247
2.6601700085882247 2.6601700085882247 2.6601700085882247
0.31052166699288053 2.6601700085882247 1.756459107974631
0.31052166699288053 2.9303233059714775 1.5996414636065444
0.31052166699288053 2.9303233059714775 0.4112832684920571
0.31052166699288053 4.638075913608745 2.141410002099593
0.31052166699288053 0.31052166699288053 0.3105216669928803
0.31052166699288053 0.31052166699288053 0.3105216669928803
0.31052166699288053 0.31052166699288053 0.3105216669928803
5.065844313605947 0.31052166699288053 0.3105216669928803
5.05604206482559 2.791651296142398 1.3602303562484457
0.31052166699288053 5.065844313605947 2.0490068769322756
0.31052166699288053 0.31052166699288053 0.3105216669928803
0.31052166699288053 0.31052166699288053 0.3105216669928803
0.31052166699288053 2.8081361319986198 1.3672047098799243
0.31052166699288053 5.404298256194664 2.6614954773937045
0.31052166699288053 5.673416462873334 2.9774513483176195
0.31052166699288053 5.710559091549115 2.176908265594979
0.31052166699288053 0.31052166699288053 0.3105216669928803
0.31052166699288053 0.31052166699288053 0.3105216669928803
0.31052166699288053 0.31052166699288053 0.3105216669928803
0.31052166699288053 0.31052166699288053 0.3105216669928803
0.31052166699288053 0.31052166699288053 0.3105216669928803
0.31052166699288053 0.31052166699288053 0.3105216669928803
0.31052166699288053 3.3759382788431833 1.6074286950833943
0.31052166699288053 3.3759382788431833 0.4284223059101996
0.31052166699288053 3.3759382788431833 0.4284223059101995
0.31052166699288053 0.31052166699288053 0.3105216669928803
0.31052166699288053 0.31052166699288053 0.3105216669928803
0.31052166699288053 0.31052166699288053 0.3105216669928803
0.31052166699288053 0.31052166699288053 0.3105216669928803
0.31052166699288053 3.0020296272407383 1.5527561101841996
0.31052166699288053 0.31052166699288053 0.3105216669928803
0.31052166699288053 4.60333410927111 1.4152611112063296
0.31052166699288053 0.31052166699288053 0.3105216669928803
0.31052166699288053 0.8200994478618537 0.38891824866503
0.31052166699288053 5.408507904325887 2.46736199817223
0.31052166699288053 0.31052166699288053 0.3105216669928803
0.31052166699288053 1.3076392183892804 0.7323790925836648
0.31052166699288053 3.2357915220990674 1.7103361710829172
0.31052166699288053 3.6491144900204913 1.890845650867455
0.31052166699288053 5.053997015537522 2.8264990662024085
0.31052166699288053 0.42797065290803404 0.3610762046933821
0.31052166699288053 3.261055513393839 1.5266011325269235
0.31052166699288053 0.6229454656351625 0.541234473126547
0.31052166699288053 0.7854195596847409 0.5828306249801554
0.31052166699288053 0.7854195596847409 0.7091872558118465
0.31052166699288053 0.7854195596847409 0.7413041931283394
0.31052166699288053 0.7854195596847409 0.6725526612570772
0.1879525919538314 0.7854195596847409 0.41672746354190154
0.1879525919538314 0.4203515041697199 0.2058294313550535
0.1879525919538314 0.1879525919538314 0.18795259195383138
0.1879525919538314 0.1879525919538314 0.18795259195383138
0.1879525919538314 5.438103631209575 2.005312567080819
0.1879525919538314 5.438103631209575 1.5041413964247772
0.1879525919538314 5.19884090118769 2.347554258230779
0.1840328611463815 0.3538607738242807 0.26909757636254056
0.1840328611463815 0.3538607738242807 0.19709654673698904
0.1840328611463815 3.725581720154182 1.818593872996136
0.1840328611463815 0.1840328611463815 0.18403286114638148
0.1840328611463815 0.1840328611463815 0.18403286114638148
0.1840328611463815 0.1840328611463815 0.18403286114638148
0.1840328611463815 2.8864483088358637 1.1194843622696635
0.1840328611463815 0.1840328611463815 0.18403286114638148
4.689483027858326 5.185608258806926 2.1077157064004393
0.1840328611463815 4.689483027858326 0.8771790406405265
0.1840328611463815 4.689483027858326 0.3573194060199176
0.1840328611463815 0.1840328611463815 0.18403286114638148
0.1840328611463815 0.1840328611463815 0.18403286114638148
0.1840328611463815 5.064419950324883 0.7471544483592852
0.1840328611463815 0.1840328611463815 0.18403286114638148
0.1840328611463815 4.981421255589812 2.6347556168938504
0.1840328611463815 5.256591404247782 1.939918510681483
0.1840328611463815 0.1840328611463815 0.18403286114638148
0.1840328611463815 0.1840328611463815 0.18403286114638148
0.1840328611463815 2.1342730046425022 0.8591159877411924
0.1840328611463815 2.892428222030898 0.49662163570396844
0.1840328611463815 0.1842883139765239 0.18418926823197318
0.1840328611463815 0.1842883139765239 0.18414079421239415
0.1840328611463815 0.18411989427216868 0.18411319941633886
0.1840328611463815 0.8247015177438901 0.38121858483555243
0.14462763101160592 0.20245512849599168 0.17608106369786702
0.14462763101160592 5.048899887636761 1.877503697110915
0.14462763101160592 0.2154560888068784 0.18593632760108583
0.14462763101160592 5.625069270219683 2.296727013427364
0.14462763101160592 0.21160587755620286 0.19453815127959875
0.14462763101160592 1.4174297799720077 0.7072565039383483
0.14462763101160592 0.19261713635188515 0.1907713861464897
0.14462763101160592 5.4141005451477575 2.199034235683364
0.14462763101160592 0.19261713635188515 0.1907713861464897
