5.017978177892232 7.716757344418939 5.931949489386756
5.017978177892232 6.9127850187223885 5.6786266662953055
5.017978177892232 7.64877356462916 6.5711449570112785
5.017978177892232 7.649956754116776 6.030580587665794
5.017978177892232 4.556366287779181 4.468366080778701
5.017978177892232 4.556366287779181 4.468366080778701
5.017978177892232 4.556366287779181 4.468366080778701
5.017978177892232 4.556366287779181 4.078405071882543
5.017978177892232 4.556366287779181 4.090345505691483
5.017978177892232 5.6221785059226015 4.934010171907541
5.017978177892232 5.928459811474795 5.229372129721001
5.017978177892232 5.928459811474795 4.517542854387863
5.017978177892232 6.331677994485634 5.471108657365132
5.017978177892232 6.468335278560673 5.565803583855203
5.017978177892232 6.660997954846401 6.1954921636927205
5.017978177892232 6.660997954846401 5.925348610627115
5.017978177892232 6.935671504355467 6.278139746153334
5.017978177892232 6.935671504355467 6.32366847768783
5.017978177892232 6.913590947571132 6.642137004121671
5.017978177892232 6.913590947571132 6.553602515273817
5.017978177892232 7.445343536419344 5.485213001136426
5.017978177892232 8.56615371244179 7.827700664080345
5.017978177892232 8.56615371244179 7.48559938521146
5.017978177892232 8.56615371244179 4.858826150438087
5.017978177892232 5.68983387668716 5.558238762420985
5.017978177892232 7.311594429246359 6.169606330272999
5.017978177892232 7.525819908558153 6.5289539438157265
5.017978177892232 7.525819908558153 5.8005192743105045
5.017978177892232 6.650104227823618 5.857487591627693
5.017978177892232 6.650104227823618 5.977477730040334
5.017978177892232 6.398218797247324 5.877387828524833
5.017978177892232 6.398218797247324 5.839269953747084
5.017978177892232 6.398218797247324 5.711471543568736
5.017978177892232 5.59511084358294 5.336926401709627
5.017978177892232 6.759514465955583 5.426387311098964
5.017978177892232 6.759514465955583 5.509337277029678
5.017978177892232 5.5922872429603885 5.3366006016377945
5.017978177892232 7.26764167399519 6.55829715545904
5.017978177892232 7.858178864535427 6.612849398177397
5.017978177892232 7.858178864535427 7.385601749135284
5.017978177892232 7.858178864535427 6.637119012848515
5.017978177892232 7.858178864535427 6.254515444387376
3.884774076727695 6.47110554606671 2.908912486419598
2.2683609057666385 3.884774076727695 2.704265085615965
2.0512160280028486 4.107667208336938 2.8795747893965165
6.071577750974274 4.107667208336938 2.62586581465135
1.9430934922575038 3.884774076727695 2.486147015515946
6.071577750974274 3.8941798753160275 3.2815187495425255
6.071577750974274 3.9039656633515354 3.44720581876482
6.071577750974274 4.477469139555602 3.9646807866689406
6.071577750974274 4.503765381657754 4.185764942975114
6.071577750974274 5.995744643156474 4.341159555106245
6.071577750974274 4.494086466033416 4.381996130012996
6.071577750974274 4.494086466033416 4.392613568995619
6.071577750974274 4.749941419078475 4.447995880496416
6.071577750974274 4.749941419078475 4.109539866617566
4.4517574921084915 6.071577750974274 4.933318223772103
4.4517574921084915 6.0312480656644425 5.220827028512038
3.947995252882539 6.584646213723822 5.390363749029266
3.947995252882539 6.584646213723822 6.002812512887237
3.947995252882539 6.372976154378321 5.78492148119774
3.947995252882539 5.812156151066731 5.499853784644116
3.947995252882539 5.812156151066731 5.221594419924468
2.824599302843819 10.402947182583615 5.618115290575303
2.824599302843819 5.812156151066731 4.282080803668099
2.824599302843819 2.9435275319330327 2.938953369275756
2.824599302843819 5.243278030055297 3.8234727916304716
2.824599302843819 2.9435275319330327 2.938953369275756
2.824599302843819 6.6363398153281885 2.9712520863347
2.824599302843819 6.6363398153281885 3.0809846109448
2.824599302843819 6.838740520431195 5.402800007748445
2.824599302843819 7.908004292433066 6.061104987053502
2.824599302843819 7.908004292433066 5.1357279060421535
2.824599302843819 5.258206996501244 5.033836430653429
2.824599302843819 5.258206996501244 4.283199274745682
2.824599302843819 4.774997334137094 4.166387990290034
2.824599302843819 4.332322518275305 4.247218984689625
2.824599302843819 4.2735751301256215 4.217845290614783
2.824599302843819 4.297011521838979 3.6870429967584135
2.824599302843819 4.365675204834474 4.097197672534443
2.824599302843819 4.898256190120101 4.471723326283148
2.824599302843819 4.898256190120101 4.474938854597092
2.824599302843819 4.950408765281541 4.513515973875627
2.824599302843819 4.950408765281541 4.336777495322621
2.824599302843819 6.347420343152493 5.175439022746943
2.824599302843819 7.700929975098294 6.316692968780152
2.824599302843819 6.714756110089596 5.979264336743431
2.824599302843819 6.714756110089596 6.485775163338605
2.5751798356893016 8.261717172339724 5.498012307746142
2.5751798356893016 8.386771025218586 7.1112330319714
2.5751798356893016 8.386771025218586 6.230192773634155
2.5751798356893016 6.27020663654541 5.985973805710328
2.5751798356893016 6.27020663654541 5.109839274784637
2.5751798356893016 8.474152386307338 8.239829017487379
2.5751798356893016 8.589271772823485 8.206760860923564
2.5751798356893016 8.589271772823485 8.32947025345598
2.5751798356893016 8.631339604265344 8.260325525601287
2.5751798356893016 8.631339604265344 8.151751269171301
2.1884525429775015 4.963227277663272 3.5907140369631474
2.1884525429775015 4.963227277663272 4.7497830673028245
