3.81081884470925 7.738405776120166 5.79045526529234
3.81081884470925 7.085417727399918 4.553130376682419
3.2528800190640017 7.085417727399918 4.653822442512516
3.2528800190640017 7.085417727399918 4.122353038019766
3.2528800190640017 7.399337931249859 5.491932308949962
3.2528800190640017 4.521809626359904 3.834173939318215
3.120668858022857 4.521809626359904 3.7589086679798593
3.120668858022857 4.521809626359904 3.423213845582155
3.120668858022857 5.238804697413766 3.8975550191450288
3.120668858022857 5.238804697413766 4.770788724137918
2.9844371990286125 4.778838311900241 3.0129547325252592
2.9844371990286125 5.505643783015497 3.861162277016426
2.7877495059603956 5.505643783015497 3.4295562199578864
5.3588581220743485 4.778838311900241 2.983702460213019
5.3588581220743485 2.8851289935510818 2.8236694135995037
5.3588581220743485 4.094125264308129 3.061472739243572
5.3588581220743485 4.094125264308129 2.985996210684791
5.3588581220743485 5.454476292306914 4.049352062858996
5.3588581220743485 6.3827767614388335 5.0826740600936215
5.3588581220743485 6.3827767614388335 5.221463290662836
5.3588581220743485 6.242934990528941 5.140002801309415
5.3588581220743485 6.242934990528941 5.787829596167766
5.3588581220743485 6.259262036700488 5.337380829430054
5.3588581220743485 6.259262036700488 5.950100575550977
5.3588581220743485 6.242934990528941 5.763974427866605
5.3588581220743485 6.242934990528941 5.711367992903008
5.3588581220743485 6.242934990528941 5.445584494090044
5.3588581220743485 6.242934990528941 4.058518778194842
5.3588581220743485 6.242934990528941 3.7538594182974205
5.3588581220743485 6.242934990528941 3.5612858974326125
5.3588581220743485 3.749856550876587 3.4211054660854927
5.3588581220743485 3.749856550876587 3.5293377513882396
5.3588581220743485 5.333981445973045 3.9959127890450654
5.3588581220743485 5.926290887573668 4.384851291204968
5.3588581220743485 5.926290887573668 4.792257137229187
2.7877495059603956 5.926290887573668 3.378024313921524
2.7877495059603956 5.868335113061175 4.272619536665198
2.7877495059603956 5.868335113061175 4.004413624003606
2.7877495059603956 2.7877495059603956 2.7877495059603965
2.7877495059603956 2.7877495059603956 2.7877495059603965
2.7877495059603956 2.7877495059603956 2.7877495059603965
2.7877495059603956 4.021924048718738 3.21496377076136
2.7877495059603956 4.221910005122687 3.2983158502481587
2.7877495059603956 6.352742127087669 4.101493901009039
2.7877495059603956 6.352742127087669 3.0064027000227225
5.650628982574407 3.4661653548708284 2.367199308034603
5.650628982574407 4.084332214151797 2.482690517712752
5.650628982574407 2.9309621054806283 1.717232430336838
5.650628982574407 3.091965491970847 1.999258743052226
5.650628982574407 4.350812539773095 2.1961850108593106
0.4839853747307399 5.650628982574407 2.8685901168124315
0.4839853747307399 5.650628982574407 2.488468438515122
0.4839853747307399 5.429384642954325 3.1237887712207923
0.4839853747307399 5.429384642954325 0.8611001456578902
0.4839853747307399 0.4839853747307399 0.48398537473073955
0.4839853747307399 0.4839853747307399 0.48398537473073955
0.4839853747307399 0.4839853747307399 0.48398537473073955
0.4839853747307399 0.4839853747307399 0.48398537473073955
0.4839853747307399 0.4839853747307399 0.48398537473073955
0.4839853747307399 0.4839853747307399 0.48398537473073955
0.4839853747307399 0.4839853747307399 0.48398537473073955
0.4839853747307399 0.4839853747307399 0.48398537473073955
0.4839853747307399 0.4839853747307399 0.48398537473073955
0.4839853747307399 0.5527659581090529 0.5051486311548359
0.4839853747307399 1.2434027916842862 0.5428058071625738
0.4839853747307399 0.4849147311122093 0.4848167503413156
0.4839853747307399 0.4849147311122093 0.48484786848865713
0.4839853747307399 0.4849147311122093 0.4848121240124467
0.4839853747307399 0.4849147311122093 0.4848789866359986
0.4839853747307399 5.423540636336682 1.9563144374174408
0.4838191452927991 0.4858468922712871 0.484841273252845
0.4838191452927991 5.75738572811245 0.4842766503358235
0.4838191452927991 5.75738572811245 0.8895898975766363
0.4838191452927991 0.48409092053320224 0.48394661413978635
0.4838191452927991 0.48409092053320224 0.4840440183860787
0.4838191452927991 0.48409092053320224 0.48405710899035176
0.4838191452927991 2.6121542640940487 1.139013567153901
0.4838191452927991 2.6121542640940487 0.566030464877926
0.32712275644903643 5.4314238845296146 0.8222855039517984
2.87982821872064 2.1403777108763866 1.0211237077109188
2.87982821872064 5.734251196120798 0.8885808262041787
3.289505935440815 5.051335982797525 1.7928147511282235
3.289505935440815 5.051335982797525 0.7112291863077735
3.289505935440815 3.289505935440815 0.3271227564490362
0.32712275644903643 3.289505935440815 1.2386252730618912
0.32712275644903643 0.32712275644903643 0.3271227564490362
0.32712275644903643 0.38248791533041926 0.33989933157550917
0.32712275644903643 5.3266504021843275 2.467860679897683
0.0040647639961517434 2.755811842361123 1.2394066307634486
0.0040647639961517434 0.0040647639961517434 0.0040647639961517434
0.0040647639961517434 0.0040647639961517434 0.0040647639961517434
0.0040647639961517434 0.0040647639961517434 0.0040647639961517434
0.0040647639961517434 0.0040647639961517434 0.0040647639961517434
5.654412634430621 5.198153773967292 2.7310659190574276
0.0040647639961517434 5.654412634430621 0.0040647639961517434
0.0040647639961517434 5.654412634430621 0.8733490517553004
2.665711103841432 0.0040647639961517434 0.0040647639961517434
4.8887742022421 5.637530639763682 1.7049458604263312
0.0040647639961517434 2.665711103841432 0.8230328685639299
0.0040647639961517434 4.8887742022421 2.6123309875983987
