1.3623441053813399 7.453389321403673 5.196094392699175
1.3623441053813399 6.519099511395908 4.360472339081249
1.3623441053813399 6.0577887842444404 4.255795586973744
1.3623441053813399 6.0577887842444404 2.978570268146547
1.3623441053813399 6.0577887842444404 2.587180860046571
1.3623441053813399 6.420734618667144 2.452842141668463
1.3623441053813399 2.669879602185699 1.7865993225334251
1.3623441053813399 1.9345249719376132 1.607789352871134
1.1656926140888797 6.772156360358867 2.779247458009078
1.1656926140888797 1.514473284694024 1.234478216589091
1.1656926140888797 5.6757957289272625 2.907911177153353
5.497812367428004 1.3623441053813399 1.1732561329847433
1.1656926140888797 5.497812367428004 2.396009558299668
1.1656926140888797 5.497812367428004 2.5106541332722943
1.1656926140888797 5.593012014306463 2.6332909047385615
1.1656926140888797 5.393002320770428 1.9763669262532937
1.1656926140888797 2.9926730548779408 2.2873077266909023
1.1656926140888797 2.9926730548779408 1.9681509758824247
1.1656926140888797 6.105732125614075 2.7781577259225156
1.1656926140888797 6.105732125614075 2.192482571821963
1.1656926140888797 2.0722134219861705 2.037347237067044
1.1656926140888797 2.0722134219861705 2.002481052147917
0.539547092151484 2.0722134219861705 0.9210714087188681
0.539547092151484 0.5492959651321319 0.5414218754169929
1.170356726684656 0.539547092151484 0.5395470921514837
0.539547092151484 1.170356726684656 0.887650837977755
0.539547092151484 1.170356726684656 0.6458240878158288
0.539547092151484 1.040074631553694 0.558798151359261
0.539547092151484 0.539547092151484 0.5395470921514837
0.539547092151484 0.539547092151484 0.5395470921514837
0.539547092151484 0.539547092151484 0.5395470921514837
0.539547092151484 5.483143447119577 1.3001003775311908
0.539547092151484 5.215976993454774 2.4137799287786135
0.539547092151484 4.009623496991029 0.6730115692606969
0.539547092151484 0.539547092151484 0.5395470921514837
0.539547092151484 0.539547092151484 0.5395470921514837
0.539547092151484 0.539547092151484 0.5395470921514837
0.539547092151484 0.539547092151484 0.5395470921514837
0.539547092151484 0.539547092151484 0.5395470921514837
0.539547092151484 2.9924172412019776 1.1999352092035396
2.947247377265548 7.716187121072807 2.4717194076303026
0.539547092151484 2.947247377265548 0.5395470921514837
0.539547092151484 2.1834540969592635 1.2350462095701598
0.539547092151484 2.1834540969592635 0.916489871014591
2.947247377265548 2.1834540969592635 0.6622698305694082
0.539547092151484 5.6867860341172225 0.944263112835105
2.947247377265548 0.539547092151484 0.5395470921514837
0.539547092151484 5.139366365021537 2.316999939307585
0.539547092151484 5.139366365021537 1.070295469790336
4.530228306228036 4.991171897582639 2.2517104788557747
5.684463235910833 4.991171897582639 1.9741225421804383
0.539547092151484 5.684463235910833 2.584682693868829
0.4475840833610474 0.539547092151484 0.5041767041551619
0.4475840833610474 0.6698957635304343 0.580640399621111
4.246353404292751 0.6698957635304343 0.5198776030616045
0.4475840833610474 5.0845781917940265 1.9023856863638935
4.246353404292751 3.1822931341209224 1.4357897416163685
4.246353404292751 3.2968799589127227 2.1014897873378535
4.246353404292751 3.2968799589127227 0.8133129134887358
4.246353404292751 5.639996806971613 2.3122797955891445
4.246353404292751 3.1988043110380464 1.4775737663463064
4.246353404292751 3.1988043110380464 0.669866575301916
4.246353404292751 3.802517271420698 1.6197953102682656
0.5737559401437804 4.246353404292751 1.4042078113753864
0.5737559401437804 4.246353404292751 0.8562634373860086
0.5737559401437804 0.5737559401437804 0.5737559401437801
0.5737559401437804 0.5737559401437804 0.5737559401437801
0.5737559401437804 0.5737559401437804 0.5737559401437801
3.2952941390409802 3.405632423976535 1.4451025505538588
0.5737559401437804 5.090671703970251 2.698488140370656
0.32579281254894754 5.090671703970251 1.7258045315431572
2.8587962604902057 2.9357416312476627 0.7096681295173307
0.32579281254894754 5.303237675544363 2.1446526871354132
0.32579281254894754 0.8257138133834947 0.35319374393904146
2.8587962604902057 0.35615041473579057 0.32696041263305664
0.32579281254894754 3.255545968640288 1.5195249507241206
0.32579281254894754 3.255545968640288 0.4384756262447681
0.32579281254894754 4.966717408888606 2.1107638111411235
0.32579281254894754 0.32579281254894754 0.3257928125489473
0.32579281254894754 0.32579281254894754 0.3257928125489473
0.32579281254894754 0.32579281254894754 0.3257928125489473
0.32579281254894754 4.680416918175865 1.3307060676936204
0.32579281254894754 5.667007492264503 0.9420868140545882
0.32579281254894754 0.32579281254894754 0.3257928125489473
0.32579281254894754 5.416221436164314 1.696292826599238
0.32579281254894754 4.9838625526297555 2.8069978662102244
2.6335659068802326 3.1493807793571844 0.43439234973387947
0.32579281254894754 2.6335659068802326 0.769595330689579
0.32579281254894754 5.595755295373319 2.238771098693202
0.32579281254894754 0.32579281254894754 0.3257928125489473
0.32579281254894754 0.32579281254894754 0.3257928125489473
0.32579281254894754 0.32579281254894754 0.3257928125489473
0.32579281254894754 0.32579281254894754 0.3257928125489473
0.32579281254894754 0.32579281254894754 0.3257928125489473
0.32579281254894754 5.5604779704372795 1.9364651688222805
0.32579281254894754 0.32579281254894754 0.3257928125489473
0.32579281254894754 0.32579281254894754 0.3257928125489473
0.32579281254894754 1.3505420795627434 0.4440331125890006
0.32579281254894754 0.32579281254894754 0.3257928125489473
0.32579281254894754 0.32579281254894754 0.3257928125489473
