3.02877023662618 7.654611800166185 5.353872329397185
4.3934013877996065 7.444488326581565 3.8966759891663774
2.3081530536393804 6.786238072954077 3.9097564745664317
2.3081530536393804 6.740998095920494 5.167844470524087
2.3081530536393804 6.740998095920494 3.9970303866471975
5.8545677578964685 6.057959843609545 4.1792093611639975
5.8545677578964685 4.3934013877996065 2.977240252842151
5.8545677578964685 3.353038219319466 2.9335621454614875
5.8545677578964685 5.194888601993668 3.5351525754873276
5.8545677578964685 5.214954205003188 4.289286838574957
2.6491603991314183 5.8545677578964685 4.04643685394665
2.6491603991314183 5.8545677578964685 3.7368902487929505
2.6491603991314183 4.702755546136704 3.131839336355064
2.6491603991314183 3.750080745057222 2.748566207229577
2.6491603991314183 2.686014714585888 2.681762293571911
2.6491603991314183 2.686014714585888 2.6845972409145626
2.6491603991314183 2.686014714585888 2.6845972409145626
2.6491603991314183 2.686014714585888 2.6845972409145626
2.6491603991314183 4.924606107348843 3.287294923581513
2.6491603991314183 4.924606107348843 2.8553791051480797
2.6491603991314183 8.24575995141607 4.586747992981435
1.1319415351698159 5.090350662754144 3.2508068123986336
1.1319415351698159 5.090350662754144 1.8713134751659481
1.0664008724249752 2.6595018072090935 1.4775165629468494
0.6496520595777509 2.6595018072090935 1.228054819310499
0.6496520595777509 1.4863901986900783 1.2346219872769717
0.6496520595777509 1.547034144576021 1.1605367984525954
0.6496520595777509 1.4863901986900783 1.3529363661955087
0.6496520595777509 1.4863901986900783 1.320754130075804
0.6496520595777509 1.6325443873781684 1.3715457919920422
0.6496520595777509 1.7720161398605545 1.5042420311635252
0.6496520595777509 1.777668764893122 1.6262531383417813
0.6496520595777509 1.8282511925264875 1.6660265849803866
0.6496520595777509 1.8282511925264875 1.6918325207006726
0.6496520595777509 1.8282511925264875 0.8610100799753841
0.6496520595777509 3.20417344598868 0.7857064332012639
2.9337077461616627 5.490067348356131 2.3629839798395147
0.6496520595777509 2.9337077461616627 1.440286720318336
0.6496520595777509 2.9337077461616627 0.7375003552155933
0.6496520595777509 0.6496520595777509 0.6496520595777505
0.4335449882614033 0.6496520595777509 0.5831575760957974
0.4335449882614033 0.6496520595777509 0.4834158508728678
0.4335449882614033 5.208845642673108 1.911180076977172
0.4335449882614033 5.208845642673108 0.800875807831534
0.4335449882614033 2.7496323330730985 1.146187248203463
0.4335449882614033 2.7496323330730985 0.5226252707541605
0.4335449882614033 0.4335449882614033 0.4335449882614031
0.4335449882614033 4.857099382336447 2.1349120629056504
0.4335449882614033 0.4335449882614033 0.4335449882614031
0.4335449882614033 0.4335449882614033 0.4335449882614031
0.1567966203991209 0.4335449882614033 0.3377474763090746
0.1567966203991209 0.4335449882614033 0.18872912438323036
0.1567966203991209 2.637517210341532 0.920095263458324
0.1567966203991209 0.1567966203991209 0.1567966203991209
0.1567966203991209 0.1567966203991209 0.1567966203991209
0.1567966203991209 5.662267129482533 2.319461650699637
0.1567966203991209 3.2363922704765504 1.348947425337934
0.1567966203991209 3.2363922704765504 0.27524260694056024
0.1567966203991209 0.1567966203991209 0.1567966203991209
0.1567966203991209 5.63357076543009 0.3674417798233887
0.1567966203991209 5.132300420893483 0.7308932127638547
0.1567966203991209 0.1567966203991209 0.1567966203991209
0.1567966203991209 3.7316270308117727 0.7067705296933747
0.1567966203991209 4.965816895799147 0.8966458935375861
0.1567966203991209 5.40392129235126 2.17446724002148
0.1567966203991209 5.348655855223829 1.3549179822817454
4.8747053305206585 0.1567966203991209 0.1567966203991209
0.1567966203991209 4.8747053305206585 0.1567966203991209
0.1567966203991209 0.1567966203991209 0.1567966203991209
0.1567966203991209 4.8747053305206585 0.3382546477114877
0.1567966203991209 3.124872553616822 1.0700507536968749
0.1567966203991209 0.1567966203991209 0.1567966203991209
0.1567966203991209 0.1567966203991209 0.1567966203991209
0.1567966203991209 5.576441767612312 2.200580871719485
0.1567966203991209 0.1567966203991209 0.1567966203991209
0.1567966203991209 2.7272107660853746 0.8488311980838812
0.1567966203991209 0.1567966203991209 0.1567966203991209
0.1567966203991209 0.1567966203991209 0.1567966203991209
0.1567966203991209 0.1567966203991209 0.1567966203991209
0.1567966203991209 0.1567966203991209 0.1567966203991209
0.1567966203991209 5.649427690784133 1.8468369497483557
0.1567966203991209 0.1567966203991209 0.1567966203991209
5.649544721311113 0.1567966203991209 0.1567966203991209
0.1567966203991209 4.572554958899808 0.4964703387453274
0.1567966203991209 5.649544721311113 0.3680561627418894
0.1567966203991209 5.649544721311113 0.3680561627418895
0.1567966203991209 5.4700207990927865 1.608339028600843
0.1567966203991209 0.1567966203991209 0.1567966203991209
2.1244656096961987 2.9707661254213353 1.563495959525701
0.1567966203991209 3.2673612971652024 0.9942563410669117
2.1244656096961987 0.1567966203991209 0.1567966203991209
0.1567966203991209 3.1531193985602646 1.193985274377978
0.1567966203991209 2.1244656096961987 0.3081557734219728
0.1567966203991209 2.020539152191891 0.6585734558817896
0.1567966203991209 3.0808371601611566 1.0565014018643624
0.1567966203991209 3.1142514349876085 0.2705448824986778
0.1567966203991209 0.1567966203991209 0.1567966203991209
0.1567966203991209 0.1567966203991209 0.1567966203991209
3.06412148142125 0.1567966203991209 0.1567966203991209
0.1567966203991209 3.06412148142125 1.31695977680627
