1.915777378444624 7.749016030823103 5.424936778882756
1.915777378444624 7.5586089458423675 5.487579350381206
1.915777378444624 6.650131240989033 6.012045176198907
1.915777378444624 6.650131240989033 5.622938777735701
1.2568478776526146 6.650131240989033 4.122626238535717
0.11002355673583653 5.323993489583625 2.5952441382102283
0.11002355673583653 6.720387128091044 2.777054421093372
0.11002355673583653 6.720387128091044 1.3967306468733804
0.11002355673583653 2.7912591203197583 0.920383713679401
0.11002355673583653 5.670100742181667 1.774683827707753
0.11002355673583653 0.7813526425438906 0.37880061387242353
0.11002355673583653 0.7813526425438906 0.2457565884455
0.11002355673583653 0.4797724384689599 0.16434520583350384
0.11002355673583653 0.15235560637562218 0.12273448619768358
0.11002355673583653 0.12904362008702863 0.11834964873841466
0.11002355673583653 0.12121660571136461 0.11670949673209116
0.11002355673583653 0.11812835920349984 0.11680495861005687
0.11002355673583653 0.11812835920349984 0.11702100535615786
0.11002355673583653 0.11812835920349984 0.11646103318456386
0.11002355673583653 0.11812835920349984 0.11705353669304097
0.11002355673583653 0.11769501787358339 0.1173729513208986
0.11002355673583653 0.11775493497939182 0.11742643506076027
0.11002355673583653 0.11778550341603067 0.11746493912300382
0.11002355673583653 0.1177902171763816 0.11747906355948837
0.11002355673583653 1.896919436617392 0.7333420093497126
0.11002355673583653 0.1177902171763816 0.11719012368929252
0.11002355673583653 0.1177903074247948 0.11749072268061783
0.11002355673583653 0.1177903541142844 0.11719246327976356
0.11002355673583653 0.11779076184355164 0.1168933321749949
0.11002355673583653 5.348617405276279 1.926562597326197
0.11002355673583653 4.5794023758722595 0.8032960097564688
0.11002355673583653 5.059167295110242 1.067159065527051
0.11002355673583653 0.11779077495617374 0.11719327160900053
0.11002355673583653 0.11779077495617374 0.11749203579385308
0.11002355673583653 0.11779077495617374 0.11749203579385308
0.11002355673583653 3.5365651421081457 1.0379312884886145
0.11002355673583653 0.1224276752964717 0.11896864695481503
0.11002355673583653 0.12145831622888581 0.11747541519097181
0.11002355673583653 0.12145831622888581 0.11791138984561618
0.11002355673583653 0.11848371395790425 0.11768239819111595
0.11002355673583653 5.672933820691174 2.191586652779568
0.11002355673583653 6.781385758906584 3.0647108287290803
0.11002355673583653 0.4517379490987712 0.2446211129223659
0.11002355673583653 5.515087820035305 1.6314103682448968
0.11002355673583653 5.515087820035305 0.8955201062915502
0.11002355673583653 1.9796636852384748 0.22447748479668667
0.11002355673583653 3.0312120545584027 1.258498853585317
0.11002355673583653 0.1496464411056313 0.147877624630642
0.11002355673583653 0.1496464411056313 0.14659852692333938
0.11002355673583653 0.1496464411056313 0.14507456983219344
0.11002355673583653 0.1496464411056313 0.13214006729482408
0.11002355673583653 0.16408235157291928 0.14359846725837927
0.11002355673583653 0.16408235157291928 0.13957860361098107
0.11002355673583653 0.16408235157291928 0.13024206440040753
0.11002355673583653 0.15315805057827037 0.12719200375169878
0.11002355673583653 0.15315805057827037 0.12498227394873226
0.11002355673583653 5.132816846227268 1.6660238995141365
0.11002355673583653 0.12443156313970549 0.12332325495479249
0.11002355673583653 5.161296732048395 1.4755232602445518
0.10898133862794568 0.1334963217141305 0.12027306711305757
0.10625879138924832 0.14638084050220757 0.12424403056527064
0.10625879138924832 3.7485102750728143 1.3881563899661122
3.238760015554082 2.868077319134031 0.8687449135402843
0.10625879138924832 5.2818631511927805 1.9167799657890794
3.238760015554082 5.168561778363827 1.6823510388469671
3.238760015554082 0.14883996784064069 0.1325066028105239
3.238760015554082 0.5908626237942696 0.1533291177940536
3.238760015554082 0.5908626237942696 0.1338727818116271
3.238760015554082 0.14524755049994953 0.11245338048657173
3.238760015554082 0.1116427666291604 0.11085720520746364
3.238760015554082 0.11158244221634606 0.11120981720242858
3.238760015554082 5.055565224513252 0.11090223913825883
3.238760015554082 5.055565224513252 0.8719130453915438
3.238760015554082 0.11148664241608985 0.11128557122274979
3.238760015554082 3.126115135924963 1.0388635692254797
3.238760015554082 3.8046294380316756 0.36907570345727325
3.238760015554082 0.11148664241608985 0.11128557122274979
3.238760015554082 0.11148664241608985 0.11128557122274979
3.238760015554082 3.0507219953994853 1.015665679833025
3.238760015554082 4.586200091510996 1.487919407443227
3.238760015554082 5.428152990153965 2.1557388707091767
3.238760015554082 4.9768604095924935 1.6078966005982893
3.238760015554082 0.11195734316613626 0.11137030141946012
3.238760015554082 0.11195734316613626 0.11132226758854544
3.238760015554082 0.11195734316613626 0.10950721947039677
3.238760015554082 0.11150853971660313 0.10952041625876244
0.10720170428629361 3.238760015554082 0.591276068761397
0.10720170428629361 0.11150853971660313 0.1092351732822158
0.10720170428629361 0.11087706051804647 0.1092451862644454
0.10720170428629361 0.11087706051804647 0.1092451862644454
0.10720170428629361 0.10926233658630169 0.10918308149783984
0.10720170428629361 0.10926233658630169 0.10910382640937799
0.10720170428629361 4.481702452783253 1.790917866901864
0.10720170428629361 0.10953872566981149 0.10933769409542474
0.10720170428629361 5.6757270631942305 1.3938724472266844
0.10703706643355249 0.11063933280126692 0.10899981166055109
0.10703706643355249 2.998014754496609 1.109530470017771
0.10703706643355249 2.4579827287506544 0.8321214336279443
0.10703706643355249 2.4579827287506544 0.20009047886830922
0.10703706643355249 0.11063933280126692 0.10980804056256359
