0.9463577208631588 7.6815666220921575 5.866835772969592
0.9463577208631588 7.595498965640722 5.924446261433233
0.9463577208631588 7.292105796492184 4.402839537986153
0.9463577208631588 7.292105796492184 5.514753121090962
0.9463577208631588 6.905654034069702 4.11225458034238
0.9463577208631588 6.905654034069702 3.310503083498495
0.9463577208631588 6.18427602167645 3.573619983984767
0.9463577208631588 5.662168716515151 2.5642255166511956
0.9463577208631588 5.662168716515151 3.1233923100570147
5.502277873008822 5.404004364723136 3.088961516012557
0.9463577208631588 5.502277873008822 2.519627253979517
0.9463577208631588 5.502277873008822 1.2968131171820558
0.9463577208631588 0.9463577208631588 0.9463577208631585
0.9463577208631588 3.265950033143476 1.481648254466309
0.9463577208631588 3.265950033143476 1.2140029876647336
0.9463577208631588 4.298884281639392 1.204244379384407
0.9463577208631588 3.244100545864154 1.4766060650941581
0.9463577208631588 3.244100545864154 1.0347324449016584
0.9463577208631588 3.0765616604306953 1.3560123246261466
0.9463577208631588 6.195682770845096 4.031813615509753
0.9463577208631588 6.195682770845096 1.148254838170156
0.9463577208631588 0.9463577208631588 0.9463577208631585
0.9463577208631588 0.9463577208631588 0.9463577208631585
0.9463577208631588 0.9463577208631588 0.9463577208631585
0.9463577208631588 0.9463577208631588 0.9463577208631585
0.9463577208631588 2.840459600053269 1.456308226798958
0.9463577208631588 0.9463577208631588 0.9463577208631585
0.9463577208631588 0.9463577208631588 0.9463577208631585
0.9463577208631588 0.9463577208631588 0.9463577208631585
0.9463577208631588 0.9463577208631588 0.9463577208631585
0.9463577208631588 5.701914893509937 3.615296630783076
0.9463577208631588 3.6055974312728414 1.048636171263531
0.9463577208631588 3.428052951700313 1.423606803716458
0.9463577208631588 5.170443353861426 1.4337522169783434
0.9463577208631588 0.9463577208631588 0.9463577208631585
0.9463577208631588 3.864183980051156 1.5426070015969462
0.9463577208631588 1.129027721490854 0.9604092593729813
0.9463577208631588 1.129027721490854 0.9533834901180699
0.9463577208631588 0.9463577208631588 0.9463577208631585
0.9463577208631588 4.6136437814712785 2.814495907532012
0.9463577208631588 4.6136437814712785 1.1622438112130722
0.9463577208631588 0.9463577208631588 0.9463577208631585
0.9463577208631588 5.715945080245909 2.0470317268745633
0.9463577208631588 0.9463577208631588 0.9463577208631585
2.8839900482675955 0.9463577208631588 0.8809807357348907
0.46225277432209966 2.8839900482675955 1.010131090083682
0.46225277432209966 3.3478658201347966 1.6350633168583368
0.46225277432209966 2.946336660953762 0.8145766711471422
0.46225277432209966 0.8702743446604555 0.47794591164280537
0.46225277432209966 0.46225277432209966 0.4622527743220993
0.46225277432209966 2.8637232999501845 1.2935310331933598
0.46225277432209966 3.4097470893164084 1.950855862716145
0.46225277432209966 5.070396571466645 2.466973499424849
0.46225277432209966 5.070396571466645 0.7046924437657576
0.46225277432209966 0.46225277432209966 0.4622527743220993
0.46225277432209966 0.46225277432209966 0.4622527743220993
0.46225277432209966 4.7885004433121345 1.6270117621271092
0.46225277432209966 0.46225277432209966 0.4622527743220993
0.46225277432209966 0.46225277432209966 0.4622527743220993
0.46225277432209966 0.46225277432209966 0.4622527743220993
0.46225277432209966 0.46225277432209966 0.4622527743220993
0.46225277432209966 0.46225277432209966 0.4622527743220993
0.46225277432209966 0.46225277432209966 0.4622527743220993
0.46225277432209966 0.46225277432209966 0.4622527743220993
0.46225277432209966 3.617346008300839 1.3117009527009915
0.46225277432209966 2.6763605423424797 1.563863080492382
0.46225277432209966 5.662344571958062 2.484813887861743
0.46225277432209966 1.3402229021453569 1.1844532652237771
0.46225277432209966 1.3402229021453569 1.0662282669910552
0.46225277432209966 1.0951188371456664 1.070777834729375
0.46225277432209966 1.2169396421405776 1.060493079043266
0.46225277432209966 1.5235134041155942 0.9635530400388668
0.46225277432209966 4.9636317223503 2.3466314955229484
0.46225277432209966 4.901647317793145 2.3697159046617786
0.46225277432209966 4.796512824042509 2.4568535840613044
0.4607886552998335 4.796512824042509 0.9232588829945065
0.4607886552998335 0.7748002759278774 0.4897474092929339
0.4607886552998335 0.4631009553253098 0.4616084958739676
0.4607886552998335 2.6936423385958084 1.0632620183887314
0.4607886552998335 0.4643197450962977 0.4634421287323394
0.4605979211561153 0.4643197450962977 0.4615612724657272
0.4605979211561153 0.46476120452038616 0.4622921029505234
0.4605979211561153 5.561001231251257 1.6389780035910433
0.4605979211561153 0.4686073145434624 0.4652613481641107
0.4605979211561153 0.4686073145434624 0.466292836319011
0.4605979211561153 3.3396047653995784 1.45987878629545
0.4605979211561153 3.3396047653995784 0.5765261749736688
0.4605979211561153 5.109074612849891 1.003554909174161
0.4605979211561153 0.47125532714538965 0.4702318334076046
0.4605979211561153 0.47125532714538965 0.4706417336379613
0.4605979211561153 0.47125532714538965 0.470743580276497
0.4605979211561153 3.2977513041071274 0.6874483939129145
0.4605979211561153 0.47125532714538965 0.4704355266846759
0.4605979211561153 0.47125532714538965 0.4704355266846759
0.4605979211561153 0.47125532714538965 0.4704355266846759
0.4605979211561153 5.174608230525223 0.8318220036373832
0.4605979211561153 5.174608230525223 0.972480532828722
0.4605979211561153 0.47370941702206126 0.4680620965869127
0.4605979211561153 0.47945542759656634 0.4697311212135673
0.4605979211561153 2.8359768060779627 0.8351649928869708
