0.24052607782679702 7.664614500418459 5.299814863297841
0.24052607782679702 6.240433672297247 2.016488194376529
0.24052607782679702 2.794951843213401 0.6097464887901703
0.24052607782679702 0.5046954398429446 0.31164859836960573
0.24052607782679702 5.671725496795069 2.7573938620435445
0.24052607782679702 7.671825252659106 3.187322374151414
0.24052607782679702 1.5967765122009046 0.2926895560719548
0.24052607782679702 0.24052607782679702 0.24052607782679686
0.24052607782679702 0.24052607782679702 0.24052607782679686
0.24052607782679702 0.24052607782679702 0.24052607782679686
0.24052607782679702 0.24052607782679702 0.24052607782679686
0.24052607782679702 0.24052607782679702 0.24052607782679686
0.24052607782679702 3.0798291930791426 1.2233617715679932
0.24052607782679702 0.24052607782679702 0.24052607782679686
0.24052607782679702 0.24052607782679702 0.24052607782679686
0.24052607782679702 5.595229147469663 1.682176904269107
0.24052607782679702 3.2355262970649794 0.9316799745740696
0.24052607782679702 0.24052607782679702 0.24052607782679686
0.24052607782679702 4.80589614448736 1.6452553291069707
0.24052607782679702 3.161827610542588 1.251745839151494
0.24052607782679702 3.161827610542588 0.35288382908509636
0.24052607782679702 0.24052607782679702 0.24052607782679686
0.24052607782679702 0.24052607782679702 0.24052607782679686
0.24052607782679702 1.0213763417458641 0.42072229257735066
0.24052607782679702 3.238621229776474 1.3936395978074425
0.24052607782679702 0.24052607782679702 0.24052607782679686
0.24052607782679702 3.56241467097059 1.134880699057818
0.24052607782679702 0.24052607782679702 0.24052607782679686
0.24052607782679702 5.281868801282858 1.985606251330818
0.24052607782679702 0.24052607782679702 0.24052607782679686
0.24052607782679702 1.597863234658512 0.6059630046661046
0.24052607782679702 2.499272479120848 2.0743602820919893
4.050051146972081 2.499272479120848 1.3105463285891157
0.24052607782679702 4.050051146972081 3.19020302399993
0.24052607782679702 3.2198179070803765 2.9358118151249095
0.24052607782679702 3.314676674721668 1.7431678918872724
0.24052607782679702 3.2198179070803765 0.6629061876465487
0.24052607782679702 0.24052607782679702 0.24052607782679686
0.24052607782679702 0.24052607782679702 0.24052607782679686
0.24052607782679702 0.24052607782679702 0.24052607782679686
0.24052607782679702 0.24052607782679702 0.24052607782679686
0.24052607782679702 2.6319417919267853 1.0683238250152542
0.24052607782679702 0.24052607782679702 0.24052607782679686
0.24052607782679702 5.667850233201797 2.1192152085335287
0.24052607782679702 3.095169725457151 0.679702023616082
0.24052607782679702 0.24052607782679702 0.24052607782679686
0.24052607782679702 5.457589345658626 2.191303226456453
0.24052607782679702 5.457589345658626 0.4572790943412028
0.24052607782679702 5.268394923020757 1.400803503640788
0.24052607782679702 3.0209040016021302 1.2029645899028736
0.24052607782679702 4.247042583550094 2.0896875420067813
0.24052607782679702 2.6626762378609894 0.9858030501450098
0.24052607782679702 5.560311251365171 2.042239645012564
0.24052607782679702 0.24052607782679702 0.24052607782679686
0.24052607782679702 4.552804572528576 1.4015241340926607
0.24052607782679702 4.552804572528576 0.5722398081884719
0.24052607782679702 1.0084418431158721 0.44727263002000933
0.24052607782679702 2.658637810766145 1.0140956789346374
0.24052607782679702 2.658637810766145 0.494530993335096
0.053769903106207995 0.6591276848544401 0.31048165763041913
0.053769903106207995 0.5675168040957996 0.1345971810727673
0.053769903106207995 0.18421310546294523 0.10428984739677369
0.053769903106207995 0.1205059256157992 0.05633667320273073
0.053769903106207995 0.053769903106207995 0.053769903106207995
0.053769903106207995 0.053769903106207995 0.053769903106207995
0.053769903106207995 5.215139871454863 1.1165402265648363
0.053769903106207995 0.053769903106207995 0.053769903106207995
0.053769903106207995 0.053769903106207995 0.053769903106207995
4.086419084124074 0.053769903106207995 0.053769903106207995
0.053769903106207995 5.534494866056573 2.372538156662131
0.053769903106207995 1.711780271973876 0.6276965692527081
0.053769903106207995 4.086419084124074 1.2792066286804753
0.053769903106207995 5.10881320713672 1.8035925852706156
0.053769903106207995 5.199139971559614 1.6369606933995633
0.053769903106207995 1.2601068808770859 0.4713480877192039
0.053769903106207995 0.053769903106207995 0.053769903106207995
0.053769903106207995 2.869534411211149 0.8118603475959995
0.053769903106207995 0.053769903106207995 0.053769903106207995
0.053769903106207995 0.053769903106207995 0.053769903106207995
0.053769903106207995 0.053769903106207995 0.053769903106207995
0.053769903106207995 3.0457333519991967 0.8592985239620125
0.053769903106207995 0.053769903106207995 0.053769903106207995
0.053769903106207995 0.053769903106207995 0.053769903106207995
0.053769903106207995 0.053769903106207995 0.053769903106207995
0.053769903106207995 0.053769903106207995 0.053769903106207995
0.053769903106207995 4.501769659429971 1.7645390401538097
0.053769903106207995 0.053769903106207995 0.053769903106207995
0.053769903106207995 0.053769903106207995 0.053769903106207995
0.053769903106207995 0.053769903106207995 0.053769903106207995
0.053769903106207995 0.053769903106207995 0.053769903106207995
0.053769903106207995 2.5885767552164407 0.9312030442212882
0.053769903106207995 0.053769903106207995 0.053769903106207995
0.053769903106207995 3.1115537879574124 0.8770194105661473
0.053769903106207995 3.0307566350776622 0.7407668412534664
0.053769903106207995 3.2400769796488267 0.7890715361545043
4.920042426560002 4.919160764380283 0.80229157407145
0.053769903106207995 4.920042426560002 0.9895915422319372
0.053769903106207995 0.053769903106207995 0.053769903106207995
0.053769903106207995 0.053769903106207995 0.053769903106207995
0.053769903106207995 0.053769903106207995 0.053769903106207995
