0.12850223227667756 7.678701573466226 5.530226304473155
0.12850223227667756 6.414575469898843 0.8485293585852803
0.12850223227667756 0.12850223227667756 0.12850223227667756
0.12850223227667756 5.141064990583953 2.2492018607912945
0.12850223227667756 0.12850223227667756 0.12850223227667756
3.2539823981277434 0.12850223227667756 0.12850223227667756
3.2539823981277434 2.907877886448866 0.7698966140087207
0.12850223227667756 4.465900550471581 1.7108682494783822
0.12850223227667756 0.12850223227667756 0.12850223227667756
0.12850223227667756 0.12850223227667756 0.12850223227667756
0.12850223227667756 2.586499177815089 0.7902706406908651
0.12850223227667756 0.12850223227667756 0.12850223227667756
0.12850223227667756 0.12850223227667756 0.12850223227667756
0.12850223227667756 0.12850223227667756 0.12850223227667756
0.12850223227667756 0.12850223227667756 0.12850223227667756
0.12850223227667756 4.563467668861946 1.1519557945655854
0.12850223227667756 0.12850223227667756 0.12850223227667756
0.12850223227667756 5.164624608683699 2.06547237704861
0.12850223227667756 0.12850223227667756 0.12850223227667756
0.12850223227667756 0.12850223227667756 0.12850223227667756
0.12850223227667756 0.12850223227667756 0.12850223227667756
0.12850223227667756 5.118043208123186 2.0475564537561053
0.12850223227667756 5.180930473795449 1.6830955373593768
0.12850223227667756 3.8664068763010104 1.5387446463872554
0.12850223227667756 3.2369472579846534 1.084946855571439
0.12850223227667756 5.596608807565989 3.437074719448101
0.12850223227667756 5.596608807565989 0.5491258149912398
0.12850223227667756 5.655301376489994 3.0293222413458634
0.12850223227667756 0.12850223227667756 0.12850223227667756
0.12850223227667756 2.7284972959004574 0.9021047303695526
0.12850223227667756 0.12850223227667756 0.12850223227667756
0.12850223227667756 3.117274028730727 0.3584077550808349
0.12850223227667756 0.12850223227667756 0.12850223227667756
0.12850223227667756 0.12850223227667756 0.12850223227667756
0.12850223227667756 5.043838267609804 0.6956563901997301
0.12850223227667756 0.12850223227667756 0.12850223227667756
0.12850223227667756 0.12850223227667756 0.12850223227667756
0.12850223227667756 3.069708167694231 0.6941187583185144
0.12850223227667756 0.12850223227667756 0.12850223227667756
0.12850223227667756 5.302506587834099 2.31750407501251
0.12850223227667756 0.12850223227667756 0.12850223227667756
0.12850223227667756 0.12850223227667756 0.12850223227667756
0.12850223227667756 0.12850223227667756 0.12850223227667756
0.12850223227667756 5.678105070529416 2.0495185993641654
0.12850223227667756 0.12850223227667756 0.12850223227667756
0.12850223227667756 0.12850223227667756 0.12850223227667756
0.12850223227667756 0.12850223227667756 0.12850223227667756
0.12850223227667756 0.12850223227667756 0.12850223227667756
5.180843061826405 0.12850223227667756 0.12850223227667756
0.12850223227667756 5.180843061826405 1.2944270390958452
0.12850223227667756 2.9315269763776723 0.8831627403038682
4.1826971585176445 4.770123009044923 1.378169364483513
5.670399285774405 4.1826971585176445 1.724618028541226
0.12850223227667756 5.670399285774405 1.8337013256605936
0.12850223227667756 0.12850223227667756 0.12850223227667756
0.12850223227667756 3.2274759187815296 0.36688482354628155
0.6815122074413265 3.2274759187815296 0.24769352791147933
0.12850223227667756 3.262093759326682 1.946115282739579
0.12850223227667756 5.128247460903623 2.3477090220502803
0.12850223227667756 5.0405500555039 2.017751395056379
0.12850223227667756 0.12850223227667756 0.12850223227667756
0.12850223227667756 4.918640822916981 0.8654466308367239
0.12850223227667756 5.298694790457223 1.7193307117168461
0.12850223227667756 0.12850223227667756 0.12850223227667756
0.12850223227667756 0.12850223227667756 0.12850223227667756
0.12850223227667756 0.12850223227667756 0.12850223227667756
0.12850223227667756 0.12850223227667756 0.12850223227667756
0.12850223227667756 0.12850223227667756 0.12850223227667756
0.12850223227667756 0.12850223227667756 0.12850223227667756
0.12850223227667756 0.12850223227667756 0.12850223227667756
0.12850223227667756 0.12850223227667756 0.12850223227667756
0.12850223227667756 0.12850223227667756 0.12850223227667756
0.12850223227667756 0.12850223227667756 0.12850223227667756
0.12850223227667756 5.2354718725853715 2.0927213247030996
0.12850223227667756 0.12850223227667756 0.12850223227667756
0.12850223227667756 0.12850223227667756 0.12850223227667756
0.12850223227667756 4.906692073352211 3.153349563581967
0.12850223227667756 0.12850223227667756 0.12850223227667756
0.12850223227667756 0.12850223227667756 0.12850223227667756
0.12850223227667756 0.12850223227667756 0.12850223227667756
0.12850223227667756 0.12850223227667756 0.12850223227667756
0.12850223227667756 0.12850223227667756 0.12850223227667756
0.12850223227667756 0.12850223227667756 0.12850223227667756
0.12850223227667756 0.12850223227667756 0.12850223227667756
0.12850223227667756 0.12850223227667756 0.12850223227667756
3.73140744129292 3.1852110905366406 0.24606795759436828
2.856931913432835 3.73140744129292 0.6827953413560992
5.472419768629155 2.856931913432835 0.12850223227667756
0.12850223227667756 0.3856135637691236 0.197724513832336
5.472419768629155 5.204148733415931 1.9724077879166348
2.856931913432835 5.623006720724785 2.72839866546295
0.12850223227667756 5.623006720724785 1.6616216461245348
2.856931913432835 0.3258941681441567 0.2984664933868705
2.856931913432835 0.3258941681441567 0.26461636187680454
2.856931913432835 0.3258941681441567 0.23201368924970195
2.856931913432835 0.2539020345351948 0.23785047794222913
2.856931913432835 0.2524114043610237 0.23720413974766663
2.856931913432835 0.3545201323783478 0.23529215571929724
2.856931913432835 0.3545201323783478 0.1734830180747018
0.13525767512856435 2.856931913432835 0.36383848711324884
