5.661597515854858 7.432700971648353 5.301746034452083
5.661597515854858 6.438976918511202 5.338868226894439
5.661597515854858 6.438976918511202 4.807806289015873
5.661597515854858 6.655311829381052 5.495951683537713
5.661597515854858 6.655311829381052 4.683337482756887
5.661597515854858 7.817986183819748 4.636651834689631
5.661597515854858 6.2697495485678445 4.73715820816952
5.661597515854858 7.404662387256602 4.672508627995097
5.661597515854858 6.2697495485678445 3.682397102072382
5.661597515854858 4.681200172552309 3.069027806762099
5.661597515854858 6.204857731101406 4.609125874317426
5.661597515854858 6.204857731101406 3.967309146220259
5.661597515854858 6.204857731101406 4.916066150537832
5.661597515854858 5.014194071998261 4.684200830520421
5.661597515854858 5.561939959619675 3.8871716144833566
5.661597515854858 5.561939959619675 2.6786854754266796
5.661597515854858 2.309689535958704 2.303425811158106
0.6968451024761042 5.661597515854858 1.7469316746985664
0.6968451024761042 5.661597515854858 1.3090895208960391
0.6968451024761042 1.0382109820701229 0.7099745593835661
0.6968451024761042 0.6968451024761042 0.6968451024761039
0.6968451024761042 0.6968451024761042 0.6968451024761039
0.6968451024761042 5.502868921253203 1.8059275221938962
3.091884970822154 1.527530503839213 0.9524406105878297
3.091884970822154 2.0243016315954176 1.3383882142003194
3.091884970822154 2.0243016315954176 0.8969388391066696
3.091884970822154 5.255229791252834 2.075168140843709
3.091884970822154 0.9010197048485513 0.8538521867227012
3.091884970822154 5.122089043579951 1.8176963020703454
3.091884970822154 5.122089043579951 1.0279714804214135
3.091884970822154 2.318259270531389 1.3228551633656547
3.091884970822154 0.9627105725759901 0.9175879390506257
3.091884970822154 0.9638990857938876 0.9411534444668415
3.091884970822154 0.9639972028079282 0.9494813837919598
3.091884970822154 4.859384092681246 1.6502682237561652
3.091884970822154 5.060826707594892 2.175786918251561
5.761646152468007 7.217069333358056 3.0453611904060867
5.761646152468007 7.764230811709378 4.762457854245708
5.761646152468007 7.764230811709378 3.375445291462584
5.761646152468007 3.289182233857329 3.0074804196048928
5.761646152468007 3.289182233857329 2.5064110943216074
2.0626451480707613 5.761646152468007 3.2409126819732377
2.0626451480707613 5.761646152468007 3.743544109434233
2.0626451480707613 5.3913935179878045 4.024526047579571
2.0626451480707613 5.702780540054373 4.17225081263428
2.0626451480707613 5.702780540054373 3.7922752125270827
2.0626451480707613 4.969964416362355 3.1430754573519857
2.0626451480707613 5.3957445061723845 3.8290177765240605
0.2772739584365387 4.698836237450596 3.160678214520554
0.2772739584365387 5.791042787593543 3.772856342092559
0.2772739584365387 6.622350745869113 4.210832134322128
0.2772739584365387 5.791042787593543 2.818728820976585
0.2772739584365387 3.1872343547909137 2.9074474825992493
0.2772739584365387 5.05735330424676 3.7722488742095255
0.2772739584365387 6.0428466844554904 4.302291442547828
0.2772739584365387 6.0428466844554904 3.899126001457692
0.2772739584365387 6.0428466844554904 3.07094510864564
0.2772739584365387 5.063990048278566 2.758622714712315
0.2772739584365387 6.675332915042127 3.553146811833973
0.2772739584365387 6.675332915042127 1.657671702288046
0.2772739584365387 5.8797718423085605 2.5073844377435757
0.2772739584365387 5.566059222466787 1.922914826768954
0.2772739584365387 0.2772739584365387 0.2772739584365385
0.2772739584365387 5.285052874291097 2.336529239202025
0.2772739584365387 4.9760667193916 0.45799675693480985
0.2772739584365387 4.9992337611700925 1.7301846669699397
0.2772739584365387 0.2772739584365387 0.2772739584365385
5.700788826793403 0.2772739584365387 0.2772739584365385
5.700788826793403 5.620181160657282 1.510252543564402
0.2772739584365387 2.7234086908040145 1.0299307991649924
0.2772739584365387 5.700788826793403 0.9030641355546383
0.2772739584365387 0.2772739584365387 0.2772739584365385
0.2772739584365387 0.2772739584365387 0.2772739584365385
0.2772739584365387 0.4915098160229978 0.3514325245241589
0.2772739584365387 0.6203549469338161 0.43391631075907433
0.2772739584365387 0.8687013381214261 0.47768570999825133
0.2772739584365387 0.8687013381214261 0.4254788951886081
0.2719561900768963 0.4915098160229978 0.30925839596143795
0.2719561900768963 0.33147836649960327 0.31292909862686474
0.2719561900768963 5.555257345657328 3.9509240053265176
0.27084870936758465 5.555257345657328 1.5559185587447713
0.27084870936758465 2.386592682901672 0.37316928216787804
0.27084870936758465 0.3079586272135555 0.2828487805780305
0.27084870936758465 0.2719561900768963 0.2708913047794811
0.27084870936758465 2.7038473252836437 0.4580024490534352
0.27084870936758465 5.399733003996278 1.6517021733060788
0.27084870936758465 0.27084870936758465 0.2708487093675845
0.27084870936758465 5.38129725377334 1.2536272755994604
0.27084870936758465 5.38129725377334 0.4674044226139596
0.27084870936758465 2.7630970928221186 1.2294057799270204
0.27084870936758465 0.27084870936758465 0.2708487093675845
0.27084870936758465 0.27084870936758465 0.2708487093675845
0.27084870936758465 0.27084870936758465 0.2708487093675845
0.27084870936758465 0.27084870936758465 0.2708487093675845
0.27084870936758465 0.27084870936758465 0.2708487093675845
0.27084870936758465 3.6407973017929405 0.530075524169535
0.27084870936758465 5.507501880537678 1.47930713348376
0.27084870936758465 4.902867722548805 1.69608532880796
0.27084870936758465 5.698315293524448 1.7320897127944324
0.27084870936758465 6.659729008854111 3.6784722351921
