2.8986826534862193 7.781659890017847 5.82571731039784
2.8986826534862193 8.392200109733144 5.553457610123128
2.741236294842271 9.221165069008002 5.758603617083704
1.6270052904702301 9.221165069008002 3.3205697986130285
1.6270052904702301 2.741236294842271 1.8412804836186996
1.6270052904702301 3.3138397209881956 2.253764555048451
1.6270052904702301 5.651662440804419 3.0824462336172256
1.6270052904702301 7.525898582904837 4.626331757841194
1.6270052904702301 6.9847936120936005 1.8879522285116344
1.6270052904702301 1.6918612935362813 1.6893668318798953
1.6270052904702301 1.6918612935362813 1.6893668318798953
1.6270052904702301 5.939200013441219 2.179444376484312
1.6270052904702301 1.6918612935362813 1.6893668318798953
1.6270052904702301 1.6918612935362813 1.6868723702235089
1.6270052904702301 1.6918612935362813 1.6868723702235089
1.6270052904702301 1.6918612935362813 1.6868723702235089
1.6270052904702301 5.3516377446254 2.1091542684260998
1.6270052904702301 1.6918612935362813 1.6893668318798953
1.6270052904702301 1.6918612935362813 1.6893668318798953
1.6270052904702301 1.6918612935362813 1.6893668318798953
1.6270052904702301 3.607651212698951 2.426209108480923
1.6270052904702301 3.61821623051144 2.347101992873786
1.6270052904702301 3.628781382651376 2.868188133060524
1.6270052904702301 3.628781382651376 1.907887502942579
1.6270052904702301 1.6918612935362813 1.6868723702235084
1.6270052904702301 1.6918612935362813 1.6893668318798953
1.6270052904702301 5.984506396896524 1.6893668318798953
1.6270052904702301 1.6918612935362813 1.6779434260200208
1.6270052904702301 5.984506396896524 1.9962647432383789
1.6270052904702301 5.984506396896524 1.8273242847802715
1.6270052904702301 3.502465617162436 2.08339733554511
1.6270052904702301 5.6693687780935385 3.182948293296662
1.1935239418275967 5.6693687780935385 3.0764364645896456
1.1935239418275967 5.6693687780935385 2.643088789206973
1.1935239418275967 5.460399190920491 3.5721525891700807
1.1935239418275967 3.2320691955487146 1.878257576998409
1.1935239418275967 1.724771157885677 1.7043385726526739
1.1935239418275967 1.724771157885677 1.7043385726526739
1.1935239418275967 5.8087476421273365 1.9776254394360262
1.1935239418275967 2.0036727037333297 1.7900919555438952
1.1935239418275967 4.337180630292259 1.948201077583588
1.1935239418275967 2.0036727037333297 1.725792537717878
1.1935239418275967 2.2578972858850297 1.848821644179267
1.1935239418275967 2.0036727037333297 1.5848084720898503
1.1935239418275967 5.452155273461013 1.6974450670703678
1.1935239418275967 1.737476070016179 1.6812672026234639
1.1935239418275967 1.737476070016179 1.6946562976839417
1.1935239418275967 5.452155273461013 1.979733284442045
1.1935239418275967 5.452155273461013 1.8339488903506012
1.1935239418275967 1.7336795071778899 1.693736199047989
1.1935239418275967 5.372243620211503 1.6739174379707884
1.1935239418275967 1.7208679813514398 1.6983462461110352
1.1935239418275967 5.372243620211503 2.501659146346443
0.971553048854759 5.372243620211503 1.574070645109927
0.971553048854759 4.0350629315781 2.090029284210895
0.971553048854759 4.0350629315781 1.5895093698591198
0.971553048854759 4.0350629315781 1.0893803520364256
0.971553048854759 0.971553048854759 0.9715530488547587
0.971553048854759 0.971553048854759 0.9715530488547587
0.971553048854759 5.392039948551439 1.9916654103232234
0.971553048854759 0.971553048854759 0.9715530488547587
0.971553048854759 0.971553048854759 0.9715530488547587
0.971553048854759 3.055377610690894 1.6928769356441902
0.971553048854759 1.38058316077688 1.0816765405260989
0.971553048854759 1.38058316077688 1.0030169036179988
0.971553048854759 3.1557002958424616 1.8116096823115677
0.971553048854759 3.1557002958424616 1.2235700388918014
0.971553048854759 3.1557002958424616 1.3160080364899576
0.971553048854759 1.9777490618557505 1.2688644598504442
2.4066394752525686 1.9777490618557505 0.8599762785155491
0.8806811047710927 2.4066394752525686 1.7133958361553447
2.4162201869245163 4.591366970659877 2.24073986799569
0.8806811047710927 4.818186419480842 2.444147364386744
2.4162201869245163 5.4229595191564215 2.8977922728653627
0.49084893514729844 3.292787739203924 1.839812744211082
0.49084893514729844 2.4162201869245163 1.0992208964051287
5.0702396811327475 2.4162201869245163 0.564901675600268
0.49084893514729844 5.0702396811327475 1.3715010016829614
0.49084893514729844 0.49084893514729844 0.4908489351472981
0.49084893514729844 0.49084893514729844 0.4908489351472981
0.49084893514729844 5.5444992682140715 0.8795912684601267
0.49084893514729844 5.5444992682140715 0.6852201018037125
0.49084893514729844 0.49084893514729844 0.4908489351472981
0.49084893514729844 0.49084893514729844 0.4908489351472981
0.49084893514729844 1.0391505298207027 0.5541145037634602
0.49084893514729844 1.0391505298207027 0.5119374580193521
0.49084893514729844 0.49084893514729844 0.4908489351472981
0.49084893514729844 0.49084893514729844 0.4908489351472981
0.49084893514729844 0.8559718966660452 0.5751080801131627
0.49084893514729844 0.8559718966660452 0.5189353168025863
0.29377258317858024 0.49084893514729844 0.4453697770006709
0.29377258317858024 0.5869561178927438 0.5014774850975638
0.29377258317858024 5.383353388437804 2.1773923545897023
0.29377258317858024 0.8970627528500512 0.5454668899478038
0.29376165909683083 0.8970627528500512 0.37876784766038735
0.29376165909683083 0.387864644482097 0.3033222240682225
0.29376165909683083 0.3065421723065431 0.3025556547747194
0.29376165909683083 4.8914188933509095 0.832996847536578
0.29376165909683083 0.30748212345202974 0.30439367955292684
0.29376165909683083 0.30748212345202974 0.3043976616304155
