2.5989609119355 7.781194623473413 5.193171884856742
2.5989609119355 8.550033462041057 5.69297234051616
2.5989609119355 9.089443593103178 5.350154389678023
2.5989609119355 9.089443593103178 3.738758749837664
2.5989609119355 4.378135871499467 3.5262946740101215
2.5989609119355 4.378135871499467 3.356285135498393
0.6955330172521319 4.121599704846766 2.552201419973588
0.6955330172521319 3.2114279355580213 0.9387157367780018
0.6955330172521319 0.6955330172521319 0.6955330172521316
1.335689118788022 0.6955330172521319 0.6955330172521316
0.6955330172521319 1.335689118788022 0.7940185713345762
0.6955330172521319 5.800260544683393 1.112825754036686
0.6955330172521319 1.335689118788022 0.7447757942933539
0.6955330172521319 0.6955330172521319 0.6955330172521316
1.5483840085995237 5.8106864952074595 2.466163067313592
0.6955330172521319 5.8106864952074595 0.8922696894811827
3.2018427617563074 3.043180103873681 1.2372977295494123
0.6955330172521319 7.205663556650423 3.244943844034305
0.6955330172521319 3.3192645363845483 1.0240501414454455
2.6001486290612985 5.577685338445892 1.9416826465340369
0.038526297658585396 2.6001486290612985 0.5816849552047643
0.038526297658585396 2.6772966848916906 0.9519468163161984
0.038526297658585396 0.038526297658585396 0.038526297658585396
0.038526297658585396 0.038526297658585396 0.038526297658585396
0.038526297658585396 0.038526297658585396 0.038526297658585396
0.038526297658585396 0.038526297658585396 0.038526297658585396
0.038526297658585396 0.038526297658585396 0.038526297658585396
0.038526297658585396 0.038526297658585396 0.038526297658585396
0.038526297658585396 0.038526297658585396 0.038526297658585396
0.038526297658585396 5.062173202089863 1.3910466180823904
0.038526297658585396 0.038526297658585396 0.038526297658585396
0.038526297658585396 0.038526297658585396 0.038526297658585396
0.038526297658585396 0.038526297658585396 0.038526297658585396
0.038526297658585396 2.595836173157729 0.2352424419277499
0.038526297658585396 3.1345637415454957 1.1102315666963618
0.038526297658585396 0.038526297658585396 0.038526297658585396
0.038526297658585396 0.038526297658585396 0.038526297658585396
0.038526297658585396 0.038526297658585396 0.038526297658585396
0.038526297658585396 0.038526297658585396 0.038526297658585396
0.038526297658585396 5.088987107811494 1.2040172538477178
0.038526297658585396 0.038526297658585396 0.038526297658585396
0.038526297658585396 0.038526297658585396 0.038526297658585396
0.038526297658585396 0.038526297658585396 0.038526297658585396
0.038526297658585396 0.038526297658585396 0.038526297658585396
0.038526297658585396 0.038526297658585396 0.038526297658585396
0.038526297658585396 2.3852692423487665 0.8105585829105296
0.038526297658585396 0.038526297658585396 0.038526297658585396
0.038526297658585396 0.038526297658585396 0.038526297658585396
0.038526297658585396 0.038526297658585396 0.038526297658585396
0.545881220829934 5.462746008427292 1.498893142865545
0.038526297658585396 0.545881220829934 0.13609455211461396
0.038526297658585396 2.282651820377613 0.470088898181475
0.038526297658585396 3.0684207865522883 0.5046639113345395
0.038526297658585396 0.038526297658585396 0.038526297658585396
0.038526297658585396 0.038526297658585396 0.038526297658585396
0.038526297658585396 0.04040868036950629 0.038888294333762494
0.038526297658585396 0.04040868036950629 0.03859869699362081
0.038526297658585396 0.038526297658585396 0.038526297658585396
0.038526297658585396 0.038526297658585396 0.038526297658585396
0.038526297658585396 0.038526297658585396 0.038526297658585396
0.038526297658585396 4.338103301861278 1.6922097608134667
0.038526297658585396 0.038526297658585396 0.038526297658585396
0.038526297658585396 0.038526297658585396 0.038526297658585396
0.038526297658585396 3.65278915115389 2.759905682768363
0.038526297658585396 3.1851840683768704 0.15955159653236556
4.250737174233851 0.038526297658585396 0.038526297658585396
0.038526297658585396 4.250737174233851 1.0473981147850842
0.038526297658585396 0.038526297658585396 0.038526297658585396
0.038526297658585396 0.038526297658585396 0.038526297658585396
0.038526297658585396 5.2749331428202595 1.426465427670192
0.038526297658585396 2.589917556648594 0.4310480298108941
5.630560081333854 0.038526297658585396 0.038526297658585396
0.038526297658585396 5.630560081333854 0.038526297658585396
0.038526297658585396 0.038526297658585396 0.038526297658585396
0.038526297658585396 5.630560081333854 1.5782396718402047
0.038526297658585396 5.362033575981513 1.2670279772715685
0.038526297658585396 0.038526297658585396 0.038526297658585396
0.038526297658585396 0.038526297658585396 0.038526297658585396
0.038526297658585396 0.5372892853760871 0.1919918323408935
0.038526297658585396 0.038526297658585396 0.038526297658585396
0.038526297658585396 0.038526297658585396 0.038526297658585396
0.038526297658585396 0.038526297658585396 0.038526297658585396
0.038526297658585396 2.1817799405697866 1.001028467225608
0.038526297658585396 0.17027778281489292 0.053728392099697805
0.038526297658585396 0.17027778281489292 0.04359366247228953
0.038526297658585396 3.987685754662881 1.5625011459354803
0.038526297658585396 2.5854697696352322 0.920160576419732
2.687740794859366 0.038526297658585396 0.038526297658585396
0.038526297658585396 2.873681897352274 1.2094088817608522
0.038526297658585396 4.9687382858276266 1.2642612544812917
0.038526297658585396 0.038526297658585396 0.038526297658585396
5.546033614741596 0.038526297658585396 0.038526297658585396
0.038526297658585396 5.546033614741596 1.0791006809198078
0.038526297658585396 0.038526297658585396 0.038526297658585396
0.038526297658585396 0.038526297658585396 0.038526297658585396
0.038526297658585396 3.3521342887675876 1.0580979872305858
0.038526297658585396 4.330409487114007 3.218857155369389
0.038526297658585396 0.038526297658585396 0.038526297658585396
0.038526297658585396 3.252434020899838 0.16213813316786424
0.038526297658585396 0.038526297658585396 0.038526297658585396
