2.1513684627056517 7.2867288151247145 5.540773603824954
2.1513684627056517 7.17929893899125 3.642347568677555
2.1513684627056517 7.17929893899125 2.517666515457915
2.1513684627056517 5.725407834425898 2.3258260113926705
2.1513684627056517 3.3168269148216365 2.1899043959645557
2.1513684627056517 2.1914458332949107 2.1899043959645557
2.1513684627056517 2.1914458332949107 2.1899043959645557
2.1513684627056517 3.3168269148216365 2.2749307341362557
2.1513684627056517 3.3168269148216365 2.5728878505950368
2.1513684627056517 2.931938178238813 2.615657363036424
2.1513684627056517 2.724145414071622 2.6816270859122877
2.1513684627056517 5.53503603323712 3.3300223936486733
0.3800309183877677 3.2929258692531715 1.7102210717611301
0.3800309183877677 5.079174074020479 2.8032767825206646
0.3800309183877677 7.7815852253353786 5.413357841394501
0.3800309183877677 7.7815852253353786 1.731006027294963
0.3800309183877677 3.2832086637723177 0.49169160090255787
0.14830486802999987 0.3800309183877677 0.31764313559913765
0.14830486802999987 5.689970638646102 1.8890542875472378
0.14233254165893117 0.19971671711931238 0.16731389167850244
0.14233254165893117 1.7685350085002693 0.5458648968085071
0.14233254165893117 2.9272445376952487 1.1532187733821906
0.14233254165893117 0.26072465496167085 0.18970490766714904
0.14233254165893117 3.1935107823168996 1.101020994405435
0.14233254165893117 3.1935107823168996 0.26850514768624206
0.14233254165893117 3.907916204962931 0.868144592785552
0.14233254165893117 0.144780767896187 0.14406279712647432
0.14233254165893117 0.14484807959180346 0.14432252952675045
0.14233254165893117 5.6669389525468965 1.4188368152619175
0.14233254165893117 5.2458359382487565 1.714092311177596
0.14233254165893117 0.1448711935833349 0.14443710655422073
0.14233254165893117 0.1445889681784185 0.1443286112723238
0.14233254165893117 0.1445889681784185 0.1442418256369589
0.14233254165893117 0.14535585130357775 0.14418201708322992
0.14233254165893117 0.14535585130357775 0.14478591659952159
0.14233254165893117 3.2382399195514187 0.9776298342313671
0.14233254165893117 2.949809457082939 0.36155497917686463
0.14233254165893117 0.1468873148835219 0.1457115545258652
0.14233254165893117 0.1468416487815145 0.1462856694994095
0.14233254165893117 5.074006065831625 1.2834531154935567
0.14233254165893117 0.7352898178552931 0.35002662842824844
0.14233254165893117 0.7352898178552931 0.16878391637131962
0.14233254165893117 5.70338564614384 1.0010217645468693
0.14233254165893117 0.14632495226781517 0.1460881180209201
0.14233254165893117 0.14626237431038236 0.14608959369030355
0.14233254165893117 0.14851968267967353 0.1462071577078486
0.14233254165893117 0.14851968267967353 0.1470246930885943
0.14233254165893117 5.3955640966492915 1.7623200372409493
0.14233254165893117 1.1534278478887328 0.49570858060064277
0.14233254165893117 1.1534278478887328 0.1861759650712248
0.14233254165893117 0.14814857766817413 0.14790113961830478
0.14233254165893117 5.502734794778547 0.9717044386503653
0.14233254165893117 0.14818412417241733 0.14790482617637596
0.14233254165893117 0.14818412417241733 0.14744638770870894
0.14233254165893117 2.9627566138892303 0.5809216936639056
0.14233254165893117 3.3896843637262255 0.8957348886424974
0.14233254165893117 3.3896843637262255 0.2723590050095665
0.14233254165893117 0.14812976883498452 0.1476838282829804
0.14233254165893117 0.14812976883498452 0.14746085800697836
0.14233254165893117 0.14812976883498452 0.14746085800697836
0.14233254165893117 2.8511227675683526 0.6520207254611547
0.14233254165893117 0.14812976883498452 0.14746085800697836
0.14233254165893117 0.14812976883498452 0.14723788773097632
0.14233254165893117 0.14812976883498452 0.1476838282829804
0.14233254165893117 0.14923896385850144 0.14845540068537014
0.14233254165893117 5.0545850929225615 1.280585409509558
0.14233254165893117 0.14923896385850144 0.14843442178821967
0.14233254165893117 0.14900661593910813 0.14806789603193146
0.14233254165893117 3.1398985620572977 1.183520428563801
0.14233254165893117 0.15403728611811163 0.1501763580541246
0.14233254165893117 0.15403728611811163 0.14883659673801752
0.14233254165893117 0.14900661593910813 0.14849322560986375
0.14233254165893117 1.3543963746825658 0.2395776714105519
0.14233254165893117 0.14900661593910813 0.14622812558201675
0.14233254165893117 0.14900661593910813 0.14611620811753617
0.14233254165893117 0.14737541218782058 0.14608966805634332
0.14233254165893117 0.14661250342106102 0.14622107527339334
0.14233254165893117 0.28055577574014423 0.17093974787934924
0.14233254165893117 0.4723026295058692 0.34778674474465887
0.14233254165893117 0.4723026295058692 0.3530529389434749
0.14233254165893117 4.750552377054483 1.4156656484963945
0.13290230274782688 0.5176331518530621 0.281751121114894
0.13290230274782688 0.5176331518530621 0.14959313659865828
0.13290230274782688 0.14616916678291902 0.13377526824575753
0.13290230274782688 0.13290230274782688 0.13290230274782688
0.13290230274782688 2.986997680242553 0.7915396975543019
0.13290230274782688 2.986997680242553 0.566832511722243
0.13290230274782688 0.13290230274782688 0.13290230274782688
0.13290230274782688 4.91905552058417 2.8035916778952084
0.13290230274782688 5.594745454262807 2.3644051622357782
0.13290230274782688 0.13290230274782688 0.13290230274782688
0.13290230274782688 0.13290230274782688 0.13290230274782688
0.13290230274782688 0.13290230274782688 0.13290230274782688
0.13290230274782688 0.13290230274782688 0.13290230274782688
0.13290230274782688 0.13290230274782688 0.13290230274782688
0.13290230274782688 0.13290230274782688 0.13290230274782688
0.13290230274782688 0.13290230274782688 0.13290230274782688
0.13290230274782688 5.018042406629494 1.448132330715968
0.13290230274782688 1.7385395884965367 0.6269445445166604
0.13290230274782688 0.13290230274782688 0.13290230274782688
