2.4487305572789784 7.773846076056792 5.160527159862475
2.4487305572789784 7.181308679767337 5.225798631985127
2.4487305572789784 7.250298059123727 4.971579333345066
0.5330874261590037 7.250298059123727 3.0035929644804
0.5330874261590037 4.584292732825478 1.0118672509057254
0.5330874261590037 0.5330874261590037 0.5330874261590034
0.5330874261590037 3.296415156564461 0.9582147692983045
0.5330874261590037 3.0914027789653464 1.1234678921912364
0.5330874261590037 3.0914027789653464 0.6314841704977089
0.5330874261590037 2.676959244416658 1.3576535101042555
0.5292087081780932 3.2297654602593835 1.465210266354205
1.2511745588668544 1.2110748076081994 0.685400773845853
5.1659018951172975 1.2511745588668544 0.5032930587016096
5.1659018951172975 2.0615915410329433 0.8671640465319871
0.21546602269517168 5.1659018951172975 1.605690324024612
0.21546602269517168 0.21546602269517168 0.21546602269517157
0.21546602269517168 2.6487894323720558 1.1513596418016652
0.21546602269517168 3.0494020499656362 1.9200377442114651
0.21546602269517168 2.567146086943851 0.39636448917583905
0.21546602269517168 0.21546602269517168 0.21546602269517157
0.21546602269517168 0.21546602269517168 0.21546602269517157
0.21546602269517168 5.678868368394774 2.1066437577450348
0.21546602269517168 0.21546602269517168 0.21546602269517157
0.21546602269517168 2.901900306678567 0.3187904182329944
0.21546602269517168 0.21546602269517168 0.21546602269517157
0.21546602269517168 2.770929509814675 0.5103271942858835
0.21546602269517168 0.9873231444370174 0.4826473340673487
0.21546602269517168 0.9873231444370174 0.24515283506985788
0.21546602269517168 0.21546602269517168 0.21546602269517157
0.21546602269517168 0.21546602269517168 0.21546602269517157
0.1610954410905454 0.21546602269517168 0.1987366129706712
0.15632553339029132 0.21546602269517168 0.18047084654309145
0.15632553339029132 0.2364181814907309 0.18547138359165458
0.15632553339029132 0.2364181814907309 0.17263816203016297
0.15632553339029132 0.17377924425316538 0.15937856553489618
0.15632553339029132 0.17377924425316538 0.16004986210654515
0.15632553339029132 0.17502873203789493 0.16365633993463222
3.167427921297126 0.17502873203789493 0.16559864378379244
3.167427921297126 0.17139386092459263 0.16372234438052743
3.167427921297126 0.17139386092459263 0.16690384702198785
3.167427921297126 4.6252044761111115 0.1702703445770797
3.167427921297126 4.6252044761111115 0.6847155346947944
3.167427921297126 0.6430990886703722 0.20709932738448705
3.167427921297126 2.7265514504828485 0.6621907693960145
3.167427921297126 0.17139386092459263 0.17081430986558102
3.167427921297126 6.307515517715366 0.6422441170212441
3.167427921297126 3.107185900167661 0.3960649156714208
3.167427921297126 2.780031349007157 0.9467370864437724
3.167427921297126 0.17139386092459263 0.1706240881232282
3.167427921297126 0.17139386092459263 0.17081430986558102
3.167427921297126 5.653703436861949 1.4353831224844207
3.167427921297126 5.653703436861949 0.7397475097758317
0.16311837356380154 3.167427921297126 0.7541877256653617
0.09776324674773251 5.506208067172302 2.40138127383162
0.09776324674773251 0.09776324674773251 0.09776324674773251
0.09776324674773251 3.22055263896856 0.4580850996962892
0.09776324674773251 5.046285015812462 1.7404926138530654
0.09776324674773251 0.4968835129076905 0.20521870302156725
0.09776324674773251 4.500461577437793 0.9444360026496669
0.09776324674773251 3.23429486751056 1.0628498992901407
4.906919321096996 0.09776324674773251 0.09776324674773251
0.09776324674773251 4.906919321096996 1.0226009533533598
0.09776324674773251 0.09776324674773251 0.09776324674773251
0.09776324674773251 0.09776324674773251 0.09776324674773251
2.6115299045603213 0.09776324674773251 0.09776324674773251
0.09776324674773251 2.805942315279854 1.0352098473934666
0.09776324674773251 2.6115299045603213 0.387813245726108
5.0457945713063985 0.09776324674773251 0.09776324674773251
0.09776324674773251 5.0457945713063985 1.0493077322397835
0.09776324674773251 0.09776324674773251 0.09776324674773251
0.09776324674773251 0.09776324674773251 0.09776324674773251
0.09776324674773251 2.806760096830598 0.2019554332893811
5.065212487795481 2.806760096830598 0.201955433289381
4.06965907638034 5.065212487795481 0.6709304668686263
0.09776324674773251 5.065212487795481 1.3581755563045017
4.923766044577523 2.7590480558985147 1.4185153680255003
0.09776324674773251 4.923766044577523 1.5826871845415138
0.09776324674773251 4.923766044577523 0.2833787389719552
0.09776324674773251 0.09776324674773251 0.09776324674773251
0.09776324674773251 0.09776324674773251 0.09776324674773251
0.09776324674773251 0.09776324674773251 0.09776324674773251
0.09776324674773251 0.09776324674773251 0.09776324674773251
0.09776324674773251 2.2804938148736835 0.8533238280220998
0.09776324674773251 5.012668148401438 2.5606846737092264
0.09776324674773251 0.09776324674773251 0.09776324674773251
0.09776324674773251 2.6845367644902116 1.952800276679933
0.09776324674773251 2.6845367644902116 0.3923151737570359
0.09776324674773251 0.09776324674773251 0.09776324674773251
0.09776324674773251 0.09776324674773251 0.09776324674773251
0.09776324674773251 0.09776324674773251 0.09776324674773251
0.09776324674773251 0.11513701143545463 0.10310902049780085
0.09776324674773251 0.11513701143545463 0.09976791190400815
0.09776324674773251 2.635776458094558 0.9763062814447103
0.09776324674773251 0.6038511279412231 0.27294751331470984
0.09776324674773251 5.283798988427613 1.892929465021537
0.09776324674773251 5.0402081976614 0.6680453564685399
0.09776324674773251 0.09776324674773251 0.09776324674773251
0.09776324674773251 5.662740800840002 0.5258384432163683
0.09776324674773251 0.09776324674773251 0.09776324674773251
0.09776324674773251 1.0699040556373345 0.4342735267479791
