1.3475673826046202 7.745744811214228 5.060032302707015
1.3475673826046202 6.954059286393754 3.253570665643501
1.3475673826046202 3.824473314844401 2.9280657750279553
1.0861392295638237 3.5057127284382763 1.4899017586967018
3.213268926327878 5.35618190296282 2.818032476314055
1.116210537729796 5.920123864074835 2.814615915246818
1.116210537729796 5.920123864074835 1.3009764348969126
1.116210537729796 1.116210537729796 1.1162105377297957
3.244840930425515 5.280728821510962 2.5322893200055225
1.116210537729796 5.186069362245014 3.0268819010893733
5.035281625667643 3.4482009035964585 1.0024250838918203
0.4725529929172265 5.035281625667643 2.117180057285186
0.4725529929172265 6.221072432028837 3.664848469614036
0.4725529929172265 6.221072432028837 2.5102807991846094
0.4725529929172265 5.671356626075511 0.6779893102682994
0.4725529929172265 3.4085639246402626 1.1530547226419676
0.4725529929172265 0.5495323754222885 0.4755137383981901
0.4725529929172265 0.5495323754222885 0.4755137383981901
0.4725529929172265 0.5495323754222885 0.4755137383981901
0.4725529929172265 0.4725529929172265 0.4725529929172262
0.4725529929172265 1.5072742794690979 0.7511318008350377
0.4725529929172265 1.5072742794690979 0.552146938036601
0.4725529929172265 2.712373621277749 0.5586999401618616
0.4725529929172265 0.4725529929172265 0.4725529929172262
0.4725529929172265 0.4725529929172265 0.4725529929172262
0.4725529929172265 4.885261326931559 2.311328705634314
0.4725529929172265 5.702810443395244 2.251582528987938
0.4725529929172265 5.702810443395244 0.6737167410125345
0.4725529929172265 0.4725529929172265 0.4725529929172262
0.4725529929172265 0.4725529929172265 0.4725529929172262
0.4725529929172265 0.4725529929172265 0.4725529929172262
3.178080479083228 0.4725529929172265 0.4725529929172262
4.324037228190463 3.8656659773246393 1.9287403684233015
0.4725529929172265 4.324037228190463 2.2794698782869327
0.4725529929172265 4.324037228190463 0.72474575143412
0.4725529929172265 0.4725529929172265 0.4725529929172262
0.4725529929172265 0.4725529929172265 0.4725529929172262
0.4725529929172265 0.4725529929172265 0.4725529929172262
0.4725529929172265 5.699509699072298 2.4829209568230235
0.4725529929172265 5.699509699072298 0.8746265856983856
0.4725529929172265 5.674012756577927 2.0730021509666736
0.4725529929172265 0.4725529929172265 0.4725529929172262
3.3145539950858844 2.9109719049894918 1.410406420637329
0.4725529929172265 3.3145539950858844 1.0190916471804297
0.4725529929172265 2.9976360824823414 0.7639087340208933
0.4725529929172265 2.551702901396777 1.0511739901267754
0.4725529929172265 2.551702901396777 0.6871433706189318
0.37952996340544987 2.9515067228234924 0.887532442345103
0.3708021867738833 2.979009415846957 0.7969435475425951
0.3708021867738833 5.6848462681617775 2.0595005857122475
0.3708021867738833 7.753697124566358 0.7445854858655186
0.33874520784108997 0.6621935096241427 0.4601043927520224
0.33215499131423387 0.6621935096241427 0.3913374390985868
0.33215499131423387 2.6995063379538604 1.0945752234750705
0.33215499131423387 2.6995063379538604 0.4563126939858001
0.33215499131423387 5.318964795542456 1.4319879801455844
0.33215499131423387 3.387672944512094 1.6169036240791574
0.33215499131423387 0.3712799423515567 0.35598090933257764
0.33215499131423387 0.3712799423515567 0.35595403323754404
0.33215499131423387 0.3635062703874188 0.35447259047465796
0.33215499131423387 0.3635062703874188 0.3502942661360048
0.33215499131423387 5.683731786309206 1.5823954222302974
0.33215499131423387 5.6399358455920705 1.5720480937227281
0.33215499131423387 0.3554468322689499 0.3412772851638748
0.33215499131423387 4.536988667237903 1.6352409503600762
0.33215499131423387 4.968876089135996 3.1225987146451666
0.33215499131423387 6.430175701528626 1.4206691818610744
0.33215499131423387 0.3538774991596516 0.33299047238521123
0.33215499131423387 0.3538774991596516 0.33299047238521123
0.33215499131423387 0.3538774991596516 0.33299047238521123
0.33215499131423387 0.33215499131423387 0.33215499131423365
0.33215499131423387 5.693088069816895 2.9595513036247665
0.33215499131423387 5.02620088363766 1.234856124453354
0.33215499131423387 0.33215499131423387 0.33215499131423365
0.33215499131423387 5.66152151076944 0.7421062620415569
0.33215499131423387 0.33215499131423387 0.33215499131423365
0.33215499131423387 5.470889287093687 0.7274422448357302
0.33215499131423387 0.33215499131423387 0.33215499131423365
0.33215499131423387 2.686790587748306 1.1876882099951203
0.33215499131423387 2.686790587748306 0.42271789886939026
0.33215499131423387 0.33215499131423387 0.33215499131423365
0.33215499131423387 0.33215499131423387 0.33215499131423365
0.33215499131423387 5.156092102389035 1.703540301342379
0.33215499131423387 2.669336365090317 0.42204658261331374
0.33215499131423387 0.33215499131423387 0.33215499131423365
0.33215499131423387 3.3501601876619387 0.6803863601235842
0.33215499131423387 0.33215499131423387 0.33215499131423365
5.1108600011347995 0.33215499131423387 0.33215499131423365
0.2981957811669358 5.1108600011347995 0.3295427443798261
0.2981957811669358 5.275702427949135 1.4716675070704686
0.2981957811669358 5.1108600011347995 0.5133390909113863
0.2981957811669358 5.703922652134864 2.3969133527780415
0.2981957811669358 0.33215499131423387 0.3295427443798261
0.2981957811669358 2.6440349234869136 1.129808874747292
0.2981957811669358 4.902131216154999 2.0604150412410647
0.2981957811669358 3.2569655178476187 0.4420354569388023
0.2981957811669358 0.33215499131423387 0.3308488678470299
0.2981957811669358 5.68715978128029 0.9474279124528324
0.20493221562026465 0.3970800292737242 0.3078770928476983
0.20493221562026465 3.256453916051868 0.8311108813187181
