3.45337354679635 7.181543355861125 5.610179891909868
3.45337354679635 7.148173482121681 4.800974808510669
6.229695820627271 5.452644454574472 4.352872398640206
2.7331979439932934 6.229695820627271 4.077454339171396
5.031554068160968 6.229695820627271 2.989651509777673
2.7331979439932934 6.229695820627271 2.867678631556139
2.7331979439932934 2.7331979439932934 2.7331979439932943
2.7331979439932934 2.7331979439932934 2.7331979439932943
2.7331979439932934 6.211888792709583 3.758166869577205
2.7331979439932934 6.211888792709583 3.5399168450923733
2.7331979439932934 6.250554627178012 4.3840272750979645
2.7331979439932934 5.911118322717709 4.3179792235015695
2.7331979439932934 5.408538857643965 4.550804454185007
2.565210009801597 5.408538857643965 3.5658364072165942
2.565210009801597 5.408538857643965 3.5770295835132986
1.8153469695011748 2.799787383430744 2.370571747190567
0.3940344604382138 2.837998781795872 1.9733614903156749
0.3940344604382138 6.031069768887818 2.1389784355989696
0.3940344604382138 3.373352107827064 1.3308307761876714
0.3884917877219327 3.373352107827064 0.9576839177459365
0.3884917877219327 2.295199456054544 0.4940154549213587
0.3884917877219327 0.43812056076943096 0.4083172632906186
0.3884917877219327 1.6439922601879542 0.8746796517032328
0.3884917877219327 0.3940344604382138 0.39106714383331376
0.3884917877219327 0.39105081214608406 0.3906434611903675
0.3884917877219327 5.4492023348919325 2.141393950667166
0.3884917877219327 5.0485466950074205 0.5686053015178403
0.3884917877219327 0.39105081214608406 0.38985795893520103
0.3884917877219327 0.39105081214608406 0.39041481958075924
0.3884917877219327 3.991053568002546 1.800247645320239
0.3884917877219327 3.2512292038294217 0.5016923826436067
0.3884917877219327 0.392060572841729 0.39192331187558277
0.3884917877219327 0.392060572841729 0.39192331187558277
0.3884917877219327 5.695042832657432 0.39178605090943674
0.3884917877219327 5.695042832657432 1.633286308925635
0.3884917877219327 3.1275384658237972 1.2323734687132128
0.3884917877219327 0.392060572841729 0.3889035706203705
0.3884917877219327 0.392060572841729 0.3887663096542245
0.3884917877219327 0.3884917877219327 0.3884917877219325
0.3884917877219327 0.3884917877219327 0.3884917877219325
0.3884917877219327 0.3884917877219327 0.3884917877219325
0.3884917877219327 0.3884917877219327 0.3884917877219325
0.3884917877219327 0.3884917877219327 0.3884917877219325
0.3884917877219327 0.3884917877219327 0.3884917877219325
0.3884917877219327 0.3884917877219327 0.3884917877219325
0.3884917877219327 3.2779415344729306 1.1203773297820858
0.3884917877219327 5.605420691061507 1.5028800286238122
0.3884917877219327 1.8201969205299773 0.7739508619394828
0.3884917877219327 0.3884917877219327 0.3884917877219325
2.8396913270669377 0.3884917877219327 0.3884917877219325
0.3884917877219327 2.8599748774198805 1.7138294186181122
0.3884917877219327 2.8599748774198805 0.5778257349928152
0.3884917877219327 0.3884917877219327 0.3884917877219325
0.3884917877219327 0.3884917877219327 0.3884917877219325
5.340002304674769 0.3884917877219327 0.3884917877219325
0.3884917877219327 5.340002304674769 0.9598199242934137
0.3884917877219327 0.3884917877219327 0.3884917877219325
0.3884917877219327 1.2968584519114406 0.6679892228571656
0.3884917877219327 1.2968584519114406 0.45836614650574076
0.3884917877219327 0.3884917877219327 0.3884917877219325
0.3884917877219327 0.9665442563630546 0.47742293674364344
0.9268764933514544 0.3884917877219327 0.3884917877219325
0.3884917877219327 0.9268764933514544 0.4506130999099542
0.3884917877219327 1.1657107440759202 0.6558712886558511
0.3884917877219327 1.1657107440759202 1.0162455601616915
0.3884917877219327 1.1657107440759202 0.7041137683013908
0.3884917877219327 0.4674629273752484 0.46138822432499305
0.3884917877219327 0.4674629273752484 0.4583508727998655
0.3884917877219327 0.4674629273752484 0.46138822432499305
0.3884917877219327 0.4674629273752484 0.46138822432499305
0.28962701527594037 0.4674629273752484 0.4378313444807146
0.28962701527594037 0.4674629273752484 0.4203491676866913
0.28962701527594037 0.4674629273752484 0.35802544300644323
0.28962701527594037 5.293282702385305 2.051106581524923
0.28962701527594037 0.36365955758764246 0.32749726371710725
0.28962701527594037 0.36365955758764246 0.31926779087631135
0.28962701527594037 0.36365955758764246 0.32232347676897977
0.28962701527594037 0.34761209016086925 0.33419874892412044
0.09616890436355563 0.34761209016086925 0.3112551561030771
0.09616890436355563 0.34761209016086925 0.13262227622141431
2.970263665956385 0.09616890436355563 0.09616890436355563
0.09616890436355563 2.970263665956385 0.09616890436355563
0.09616890436355563 2.970263665956385 0.5383373292239905
0.09616890436355563 0.09616890436355563 0.09616890436355563
0.09616890436355563 5.676336490359667 2.2423872066697528
0.09616890436355563 4.970661275201099 1.9709736623779963
0.09616890436355563 4.970661275201099 0.2836493801649993
0.09616890436355563 0.09616890436355563 0.09616890436355563
0.09616890436355563 0.09616890436355563 0.09616890436355563
0.09616890436355563 4.132027521796953 1.3379715558815244
0.09616890436355563 0.09616890436355563 0.09616890436355563
0.09616890436355563 0.09616890436355563 0.09616890436355563
0.09616890436355563 0.09616890436355563 0.09616890436355563
0.09616890436355563 4.793158398532828 1.979198639279492
0.09616890436355563 2.9509578606145124 0.8647659310465052
0.09616890436355563 5.661655525920779 2.8118574764122073
0.09616890436355563 5.661655525920779 0.48962508232249474
0.09616890436355563 0.09616890436355563 0.09616890436355563
0.09616890436355563 0.09616890436355563 0.09616890436355563
0.09616890436355563 0.09616890436355563 0.09616890436355563
