3.10241466667506 7.556519949902015 5.474128224817021
3.10241466667506 6.094538713891534 6.503440725052074
3.10241466667506 7.937580018292344 6.945113643542479
3.10241466667506 7.937580018292344 6.216332679830728
3.074632146807311 7.7039525607059165 4.300761592124115
3.074632146807311 5.585874644247969 4.017520736058059
4.181818958139704 5.585874644247969 3.1722869551653283
3.074632146807311 4.181818958139704 3.3301367955763257
3.074632146807311 6.39773025427386 4.472454828076601
3.074632146807311 6.39773025427386 4.165012059304653
3.074632146807311 8.115675443205637 5.3282136827353135
3.074632146807311 8.115675443205637 4.353974462822344
3.074632146807311 6.563549627706145 4.172548235876007
3.074632146807311 6.563549627706145 4.699527925543135
3.074632146807311 6.563549627706145 4.471001477430746
3.074632146807311 4.577070330565608 4.185440929668123
3.074632146807311 4.805230939443529 4.344805853619224
3.074632146807311 4.805230939443529 4.444478156557236
3.074632146807311 5.50444216906045 4.527084508181088
3.074632146807311 4.801785053197769 4.133335598604704
3.074632146807311 4.801785053197769 4.214029167623166
2.9949930282656188 4.801785053197769 3.8341735173538845
2.746726327047519 4.485747019907038 3.2798449037083026
2.72864709468794 3.504288257557143 2.9240321407190044
2.72864709468794 3.120625633559755 2.8144579092938162
2.72864709468794 3.120625633559755 2.773401746891586
0.753381746071295 2.746726327047519 1.9793599792736032
0.753381746071295 3.2336396558236307 1.5932051252634076
3.320583614361951 3.0431477387842993 1.783848495018711
3.320583614361951 3.728003558967448 1.9831074351904503
3.320583614361951 5.275750081975655 3.2201578496428875
3.320583614361951 5.620939658313901 3.7998444156004343
0.753381746071295 5.620939658313901 3.0753854867458896
3.0674704077390484 5.56380384768719 0.9383979807488292
0.753381746071295 5.752384603813706 2.7950706049059755
0.753381746071295 7.20725895491141 4.4162479372700725
0.753381746071295 3.3154653385710664 2.338133688624491
0.753381746071295 3.3154653385710664 1.78512093196138
0.5510730330684379 5.966377465364925 3.4906973241586576
0.5510730330684379 3.1321679157707867 1.2829996116466746
0.5510730330684379 2.370205934338085 0.774535205495731
0.4927856749981605 3.253207108527008 1.448474637594458
0.4927856749981605 6.423125694145725 3.781650849762325
0.4927856749981605 6.423125694145725 2.1909720114665197
0.4927856749981605 1.3052950072408547 0.8535441090351182
0.4927856749981605 5.191837762413929 3.1363522589352852
0.4927856749981605 5.191837762413929 2.3907838968196335
0.4927856749981605 1.352831084713284 1.001842193409256
0.4927856749981605 2.214631895885692 1.0326567271882312
0.4927856749981605 2.214631895885692 0.9285293434504557
0.4927856749981605 1.0278280332058576 0.686844475416321
0.4927856749981605 1.0278280332058576 0.7706182762830003
0.4782534511406067 1.0258873728540832 0.6965669545717096
0.39281655123163306 1.0258873728540832 0.5259032394113767
0.39281655123163306 0.809351513946329 0.5504810725181001
0.39281655123163306 2.762435461061742 1.2774308506902807
0.39281655123163306 0.4782534511406067 0.47168138191683917
0.39281655123163306 0.4782534511406067 0.47496741652872276
0.39281655123163306 0.4782534511406067 0.47496741652872276
0.3925031857537111 5.671418001771762 1.2489879324978441
0.3925031857537111 0.4958250040261416 0.4078300195195731
0.3892445647106517 5.488563668390267 2.155434059621128
0.3892445647106517 0.39458410256428467 0.3933533374024908
0.3892445647106517 0.39458410256428467 0.3943108716795691
0.3892445647106517 0.39458410256428467 0.39417336888323573
0.3892445647106517 5.140415246743611 3.331249065370162
0.3892445647106517 5.140415246743611 1.7724018847492333
0.3892445647106517 3.2889304827072228 2.2075539888537943
0.3892445647106517 1.9954112842446432 0.7598984230646495
0.3892445647106517 5.068936626527027 2.3691142831714256
0.3892445647106517 0.3892445647106517 0.3892445647106515
0.3892445647106517 0.3892445647106517 0.3892445647106515
5.0008839480194105 0.6572532589012678 0.5026328584066813
0.3892445647106517 5.0008839480194105 1.6720718900923346
0.3892445647106517 0.5568608393607346 0.47869286211732387
0.3892445647106517 2.895112112326171 0.608112901863232
0.3892445647106517 3.1429301780237044 0.929082868132914
0.35097547940928253 0.6006476564347918 0.4846301896717614
0.35097547940928253 0.6006476564347918 0.4528868244820591
0.35097547940928253 0.5213272920274119 0.4569621276912905
0.35097547940928253 2.776874839232065 1.0627451369871592
0.2920470555386889 2.776874839232065 0.48618173189762764
0.2920470555386889 0.47937191615539776 0.3951409143314507
0.2920470555386889 3.2922076664104805 1.4485037642400467
0.2920470555386889 5.621155895158388 2.4379593654740486
0.2920470555386889 5.621155895158388 1.2574360696991165
0.2920470555386889 1.0289080519554976 0.654409241724869
0.2920470555386889 3.8992380584256456 1.2816195781775226
0.2920470555386889 3.8992380584256456 0.7630575770642865
0.2920470555386889 0.7636150595091249 0.5730552478548402
0.2920470555386889 0.7337041407967395 0.3552108810601491
0.2920470555386889 3.194490285500898 1.1975538823130616
0.2920470555386889 3.194490285500898 0.5292898896115505
0.2920470555386889 0.31050237014642734 0.29520663795657864
0.2920470555386889 0.30797051260303876 0.2926594961950099
0.2920470555386889 0.2920470555386889 0.29204705553868876
5.558526052997706 5.31216567793134 0.6782100264919694
0.2920470555386889 5.558526052997706 0.8997177090916522
0.2920470555386889 0.2920470555386889 0.29204705553868876
0.2920470555386889 5.709535543614585 1.958966590331272
