2.9514140918260634 7.651462362049548 5.360044242375097
2.9514140918260634 6.768572757002808 4.7080637158269765
2.9514140918260634 6.051129667793621 4.0457443377777045
2.9514140918260634 3.9736912650219165 3.7652769428661323
2.9514140918260634 3.9736912650219165 3.7723027102375033
2.9514140918260634 6.3622077892504585 3.958422937685766
2.9514140918260634 4.435822467143716 4.23909085281202
2.9514140918260634 5.5673101117438755 4.95871579427693
2.9514140918260634 5.5673101117438755 4.722212856808716
2.9514140918260634 6.28972558598101 4.998427220904836
2.9514140918260634 6.28972558598101 5.069056135188484
2.9514140918260634 5.380109302766112 5.147308645614079
2.9514140918260634 5.380109302766112 4.82917399962878
2.9514140918260634 5.651529812646405 4.140626770819651
2.9514140918260634 5.651529812646405 3.045384718505605
2.9514140918260634 5.651529812646405 3.4095508513743984
2.9514140918260634 5.74489323710991 4.15905373742549
2.9514140918260634 6.701419509459068 4.592155632124556
2.9514140918260634 6.701419509459068 3.920721809468875
2.9514140918260634 5.043127152389186 3.364852136299736
2.9514140918260634 3.390075397899196 3.205476935932688
2.9514140918260634 3.390075397899196 3.1844062929521937
2.9514140918260634 3.34938145343352 3.2705127602554804
2.9514140918260634 4.460172288267728 3.453235905720936
2.9514140918260634 4.460172288267728 3.401308679577229
2.9514140918260634 4.460172288267728 3.3585859551605286
2.9514140918260634 6.519764670480054 4.449747101919533
2.0120359438155977 6.519764670480054 2.856915437384171
2.0120359438155977 5.32376046690084 3.18610496217787
2.0120359438155977 5.32376046690084 2.308192483989773
2.0120359438155977 6.201017153015606 3.300953238954063
2.0120359438155977 6.201017153015606 2.1731506057079057
0.43209620804496085 2.0120359438155977 1.7082013792443211
0.43209620804496085 2.78141295567804 2.374787567071233
0.291668334967508 4.3726350607476725 2.117814851744753
0.291668334967508 2.4248633983856895 0.3899175150694516
0.291668334967508 5.683346561339384 1.7486750833398388
0.291668334967508 0.4288747168798577 0.32333134617805
5.636928600862891 1.2646388048612178 0.6174369630960632
5.636928600862891 3.248218541692087 1.2368280846767858
0.291668334967508 5.636928600862891 1.5251899347895195
3.1204063315744404 5.636928600862891 0.49725526827117644
0.291668334967508 3.1204063315744404 0.9444540264921844
0.291668334967508 3.2470419167289326 2.3354202283181706
0.291668334967508 3.3976382796994256 2.1844246597230526
0.291668334967508 3.3976382796994256 0.411128717457197
0.291668334967508 0.291668334967508 0.2916683349675078
0.291668334967508 0.291668334967508 0.2916683349675078
0.291668334967508 0.291668334967508 0.2916683349675078
0.291668334967508 0.291668334967508 0.2916683349675078
0.291668334967508 0.291668334967508 0.2916683349675078
0.291668334967508 0.291668334967508 0.2916683349675078
0.291668334967508 4.906002342895427 1.4312829130096238
0.291668334967508 0.291668334967508 0.2916683349675078
0.291668334967508 5.6276664555310845 1.1125911227465193
0.291668334967508 0.291668334967508 0.2916683349675078
0.291668334967508 3.286786160378725 0.8676525321619726
0.291668334967508 0.291668334967508 0.2916683349675078
0.32558539507365625 0.6303115676046649 0.42191573213564504
0.291668334967508 1.8314375031792172 0.8246653547330993
0.291668334967508 0.32558539507365625 0.2981908465263825
0.291668334967508 0.32558539507365625 0.2942773395910577
0.291668334967508 5.508857867070912 3.172997354083582
0.291668334967508 5.508857867070912 1.9575829332520462
0.291668334967508 3.242740547760804 2.168751908848328
0.291668334967508 3.242740547760804 0.5027131010939778
0.291668334967508 0.291668334967508 0.2916683349675078
0.291668334967508 3.1387602216635497 1.2567179162674813
0.291668334967508 3.1681451154328184 1.0649742030247347
0.291668334967508 3.1387602216635497 0.4011718690712016
0.291668334967508 0.3912983937418031 0.318491812329818
0.06506263526440792 0.3912983937418031 0.13447879336893453
0.06506263526440792 0.291668334967508 0.07504147609608802
0.061275580525130824 0.06818646255802863 0.06555284655683356
0.061275580525130824 5.641965056700279 1.3573121137033786
0.05583420183160159 0.0965376220199663 0.07501427536557928
0.05583420183160159 5.660534821271739 2.005934727798474
0.05583420183160159 0.0717138764134515 0.06890783173745126
0.05583420183160159 0.0717138764134515 0.07031085407545137
0.05583420183160159 0.0717138764134515 0.06804933612533229
0.05583420183160159 0.08598182671722343 0.07551401927480955
0.05583420183160159 0.08598182671722343 0.07232036291712426
0.05583420183160159 0.0917404331071805 0.07792364208442838
0.05583420183160159 4.433235398047113 1.421291223980795
0.05583420183160159 0.09849248559232793 0.0784395677834806
0.05583420183160159 3.3242198528270674 1.7618574175806039
0.05583420183160159 4.9509269306443535 2.1274370032608845
0.05583420183160159 0.05583420183160159 0.05583420183160159
0.05583420183160159 0.05583420183160159 0.05583420183160159
0.05583420183160159 0.05583420183160159 0.05583420183160159
2.2214209471936255 5.572068990752879 2.1774629668013237
0.05583420183160159 2.2214209471936255 0.05583420183160159
2.2214209471936255 5.314268739597434 4.258469350441119
0.05583420183160159 4.884857229746892 0.6580248462441171
0.05583420183160159 0.05583420183160159 0.05583420183160159
0.05583420183160159 0.05583420183160159 0.05583420183160159
0.05583420183160159 2.5836453131652104 0.44472821895984893
0.05583420183160159 0.05583420183160159 0.05583420183160159
0.05583420183160159 4.667671546010908 1.6522394363552073
0.05583420183160159 4.667671546010908 0.233212561223113
