3.2660795294188785 7.650878260919104 5.273027513898712
3.2660795294188785 6.751312821353528 5.343937509148773
3.2660795294188785 9.301109920071603 5.762997343350961
2.771312283720285 9.301109920071603 3.636390357459475
3.2660795294188785 9.301109920071603 3.0886074052770764
2.771312283720285 3.2660795294188785 2.8284008120701234
2.771312283720285 2.771312283720285 2.7713122837202855
4.441228425308548 3.9529303834703566 3.180333933633773
2.771312283720285 5.180648081765181 3.4679014859358728
2.771312283720285 6.141126183521269 3.3880750269681696
2.771312283720285 6.229325746810115 5.259004121252019
2.2131927832816918 6.229325746810115 4.15608250250063
2.2131927832816918 6.229325746810115 3.933217776315828
2.2131927832816918 6.309017777903957 4.38065336464243
2.2131927832816918 6.309017777903957 3.691605556390494
2.2131927832816918 6.22571664655182 5.27765776240474
2.2131927832816918 6.14800978822899 5.38377049027582
2.2131927832816918 6.14800978822899 5.5251215744201225
2.2131927832816918 6.14800978822899 5.815393374571888
2.2131927832816918 6.14800978822899 5.659801539821934
2.2131927832816918 8.623595886368236 6.4627255629491644
2.2131927832816918 11.020906648154108 6.845878018169925
2.2131927832816918 11.020906648154108 8.90785071639125
2.2131927832816918 11.908053142090827 9.022999314060053
2.2131927832816918 14.136221622839642 9.994853075119254
2.2131927832816918 14.136221622839642 6.285741385722094
2.2131927832816918 10.94951357787196 3.7602482841585148
2.2131927832816918 4.6710016751286965 3.237658254359138
2.2131927832816918 4.545166901281206 3.9503374839828003
2.2131927832816918 4.545166901281206 4.083379843225186
2.2131927832816918 4.314069543312119 4.3657842768197055
4.686874599923048 5.607746935020522 3.8268649867520677
2.2131927832816918 5.607746935020522 3.7582867036968226
2.2131927832816918 5.583613034907234 3.8591713874321583
4.686874599923048 6.023224970333857 4.560836438273174
4.686874599923048 5.929473224328543 4.80268636685118
2.2131927832816918 6.40786629364921 4.689045046468585
2.2131927832816918 6.40786629364921 3.204440687103142
2.2131927832816918 6.40786629364921 2.842089971130941
2.2131927832816918 2.8505494692502436 2.6789534384125577
4.686874599923048 3.4084316869155775 2.823258037437849
2.2131927832816918 3.4084316869155775 2.610459820335538
2.2131927832816918 4.686874599923048 2.9207202256404736
2.2131927832816918 2.877994899039152 2.804065083731506
2.2131927832816918 2.895012855108018 2.8468013395808844
2.2131927832816918 2.895012855108018 2.747455408608014
2.2131927832816918 2.895012855108018 2.8266116736421614
2.2131927832816918 2.8986206180986156 2.8307318528047762
2.2131927832816918 2.901148091082885 2.8472445193119755
2.2131927832816918 2.901148091082885 2.871479707899159
2.2131927832816918 2.901148091082885 2.793179791267425
2.2131927832816918 2.901148091082885 2.4871294212744326
2.2131927832816918 5.892995354560764 3.8337936196003284
2.2131927832816918 5.892995354560764 4.3132233273079
2.2131927832816918 6.903681721969184 4.765570742690036
2.2131927832816918 5.959033091156449 5.153043622281927
2.2131927832816918 7.0500767931595 5.38113918480956
1.0995539533671637 7.0500767931595 2.898799849143811
1.0995539533671637 7.0500767931595 2.389566564810295
1.0995539533671637 3.8019171546435726 1.453546411875865
0.72446767413641 1.0995539533671637 0.980421621501876
0.72446767413641 1.1076660580183497 0.9996317124423546
0.15444326482256132 1.1076660580183497 0.6734909908841529
0.15444326482256132 3.2058850831057844 0.3551317429164955
0.15444326482256132 0.15444326482256132 0.15444326482256132
0.15444326482256132 5.239789079076964 1.3373754652095249
0.15444326482256132 0.15444326482256132 0.15444326482256132
0.15444326482256132 0.15444326482256132 0.15444326482256132
0.15444326482256132 2.6148803522803203 1.0061330258656314
0.15444326482256132 0.15444326482256132 0.15444326482256132
0.15444326482256132 0.15444326482256132 0.15444326482256132
0.15444326482256132 0.15444326482256132 0.15444326482256132
0.15444326482256132 0.15444326482256132 0.15444326482256132
0.15444326482256132 0.15444326482256132 0.15444326482256132
0.15444326482256132 0.15444326482256132 0.15444326482256132
0.15444326482256132 0.15444326482256132 0.15444326482256132
0.15444326482256132 0.15444326482256132 0.15444326482256132
0.15444326482256132 6.276289735661834 2.0380883327731065
0.15444326482256132 0.15444326482256132 0.15444326482256132
0.15444326482256132 0.15444326482256132 0.15444326482256132
0.15444326482256132 0.15444326482256132 0.15444326482256132
0.15444326482256132 0.15444326482256132 0.15444326482256132
0.15444326482256132 0.15444326482256132 0.15444326482256132
0.15444326482256132 0.15444326482256132 0.15444326482256132
0.15444326482256132 3.1984852086628455 1.1280269244542767
0.15444326482256132 0.29170606478003736 0.16500194174236713
0.15444326482256132 0.29170606478003736 0.15972260328246424
0.15444326482256132 3.2503289476613486 1.1022808082349387
0.15444326482256132 3.2503289476613486 0.9402132946280755
0.15444326482256132 0.15444326482256132 0.15444326482256132
2.7644330707771734 5.560206476548306 0.36235723450432056
0.3056768556311522 5.173991867753525 2.6990276132087896
0.15444326482256132 0.3056768556311522 0.20679335394861192
0.15444326482256132 0.3380099586585925 0.26166422492463065
0.15444326482256132 4.245124530321082 2.582364933230309
0.15444326482256132 0.3380099586585925 0.16856377973302522
0.15444326482256132 0.15444326482256132 0.15444326482256132
5.6615598491816 0.15444326482256132 0.15444326482256132
0.15444326482256132 5.6615598491816 1.6371284990730715
0.15444326482256132 4.616293664664802 1.527320310927866
