2.91833351630147 7.745518505367359 5.706983896163828
2.91833351630147 6.566163359459971 6.424719201861498
2.91833351630147 8.407220270380405 6.583095327086811
2.91833351630147 11.87478782123987 7.566766692948757
2.91833351630147 4.456525109101257 4.401213992977259
2.91833351630147 7.621817854438795 6.424385828254177
2.91833351630147 8.386941396437054 6.116792946654074
2.7460620350066525 6.001651289781108 4.312190306924287
2.7460620350066525 6.494506681259136 6.217307899384242
2.7460620350066525 5.53237373230229 5.1690339048455405
2.7460620350066525 7.519062480227179 5.267863898145053
2.7460620350066525 6.512576247162173 4.73180078427176
2.0129832381320125 4.389259317281784 3.1682573320613954
2.0129832381320125 6.149350715756373 5.787226033280081
2.0129832381320125 6.472102410031521 5.165881130735796
2.0129832381320125 4.388514925884223 3.9180898166989975
2.0129832381320125 5.355362818513761 5.046297371325651
2.0129832381320125 4.96596493306928 3.7478309883276877
2.0129832381320125 5.6730086571848055 4.955586322192243
2.0129832381320125 6.589420233543272 6.397264947047947
2.0129832381320125 7.682839888212323 6.84640288838691
2.0129832381320125 6.275458368627849 4.962991691515172
2.0129832381320125 5.529403690988012 4.154681855144979
2.0129832381320125 4.589637461186147 3.703594064840087
2.0129832381320125 6.268933287407247 6.122966504738379
