0.5175815737373743 7.767474119051959 5.291396015180261
0.5175815737373743 3.512499403755872 2.7702967738854567
0.5175815737373743 5.22599591385579 4.182412104130036
0.5175815737373743 4.42313428073674 2.6617691291767978
0.5175815737373743 5.483453342590984 5.1019334141516035
0.5175815737373743 5.0589207004030605 4.5972779430414
0.5175815737373743 5.438470610960167 4.696215615937388
0.5175815737373743 4.097143081213666 3.621560953591743
0.5175815737373743 3.255495378146169 3.2007371020579938
0.5175815737373743 6.388163911562032 6.072143405411473
0.5175815737373743 7.230105076562122 5.739553108187907
0.5175815737373743 7.680171057138464 5.900519291508456
0.5175815737373743 6.974847390405682 4.744180574974221
0.5175815737373743 6.974847390405682 5.9132762452409375
0.5175815737373743 6.59259140880344 4.812115580453648
0.5175815737373743 3.694452432978871 3.381733439836359
0.5175815737373743 5.380106694055559 4.507737265165287
0.5175815737373743 4.970784273977966 4.302911596066306
0.5175815737373743 6.359894770543864 5.861044906450201
0.5175815737373743 7.087987209765702 5.001812324901916
0.5175815737373743 5.5452201908656065 4.5744779190250275
0.5175815737373743 5.969885283996973 5.82226394338848
0.5175815737373743 3.279307021729029 2.4461999402939143
0.5175815737373743 3.481652669614857 3.1178816632948103
0.5175815737373743 6.468079210855663 6.260707119169269
