1.2761850099626106 7.633475360507408 5.363868895298688
1.2761850099626106 6.346295604618756 4.736241501660765
1.2761850099626106 6.2732332726747835 5.708315267332384
1.2761850099626106 6.196164599748272 5.745369128982612
1.2761850099626106 5.717904341263004 5.04838968300476
1.2761850099626106 9.51926138919769 6.753142469561286
1.2761850099626106 4.269233628213808 3.8132780818550573
1.2761850099626106 6.933915246989731 5.129379007223312
1.2761850099626106 6.212164665210956 5.213078107994224
1.2761850099626106 6.332079809404167 5.57719278391334
1.2761850099626106 4.611476115032385 4.164895938045506
1.2761850099626106 6.403834493872555 5.664406919188606
1.2761850099626106 4.244466081797132 4.0736757921902464
1.2761850099626106 5.09455153155497 4.312695296870324
1.2761850099626106 6.295569355644247 5.603795415575076
1.2761850099626106 4.545723260240461 3.906331056275844
1.2761850099626106 3.14917364728035 3.031535227192212
1.2761850099626106 6.190527222431857 5.938334484405134
1.2761850099626106 8.907859768132615 6.601388193766571
1.2761850099626106 5.669220059047582 4.813077044961085
1.2761850099626106 2.6323456999157213 2.5878772482285415
1.2761850099626106 5.583984073389015 4.06139299505715
1.2761850099626106 7.616166614193611 6.830962003405221
1.2761850099626106 6.287987979149207 4.645208436615404
1.2761850099626106 7.783661730674144 7.066223937449339
