0.5499088154897653 7.737260485123045 5.36701843902592
0.5499088154897653 5.601383621015756 5.248257246413259
0.5499088154897653 5.076181790824126 3.7928247655728216
0.5499088154897653 5.66606575058762 5.2039694156209135
0.5499088154897653 7.696724739749682 6.315155537289872
0.5499088154897653 5.513755785939519 4.923379537576634
0.5499088154897653 6.912393426554392 6.2192952839872495
0.5499088154897653 8.721826892530487 6.294790560794971
0.5499088154897653 6.575454728490559 5.060880639165973
0.5499088154897653 7.775792831057187 7.031053504386671
0.5499088154897653 6.638377334527753 6.362616955446233
0.5499088154897653 5.206322376145394 4.319464710709983
0.5499088154897653 7.227783359121608 6.72389464820595
0.5499088154897653 3.779720420734297 3.713189350166632
0.5499088154897653 3.7756895072701835 3.343458851725547
0.5499088154897653 6.79354200624071 6.233060555189508
0.5499088154897653 6.246296749611179 6.0831709804591245
0.5499088154897653 4.8951611323628725 4.7399997224776165
0.5499088154897653 6.0271126947741145 5.832885651478074
0.5499088154897653 7.352439577128564 5.893625724984763
0.5499088154897653 6.716147187027655 6.572835375156809
0.5499088154897653 6.206197088462801 5.7060467139154385
0.5499088154897653 4.563695753862028 4.294135803472152
0.5499088154897653 6.369202748127254 5.051222749145508
0.5499088154897653 7.171375918033073 6.321352351041299
