2.2723665162166893 7.755785107365153 5.530702373779848
2.2723665162166893 4.562674591381693 4.092339701520695
2.2723665162166893 7.184695921737534 6.621977757775702
2.2723665162166893 7.730422000696054 5.725176894041124
2.2723665162166893 4.639976053098259 4.40148675679242
2.2723665162166893 5.658381822766966 5.473360914450114
2.2723665162166893 7.468808510932233 7.256701029210868
2.2723665162166893 4.595414525839448 4.125164587618362
2.2723665162166893 7.3526559675351475 6.745879662255812
2.2723665162166893 6.669489212021393 6.39691084809867
2.2723665162166893 6.182980741034864 6.097357139712864
2.2723665162166893 7.367333692999187 6.583818530248276
2.2723665162166893 4.747397907032806 3.997137511863222
2.2723665162166893 7.588849467542703 5.361034260907976
2.2723665162166893 4.3135575182567365 3.8069339538523392
2.2723665162166893 6.616644392662643 5.883900346593051
2.2723665162166893 7.0112667094500765 5.459378894474888
2.2723665162166893 4.5177227532209265 4.048382096350215
2.2723665162166893 4.620584740192495 4.421452559310088
2.2723665162166893 5.8586554081631945 5.046574605951555
2.2723665162166893 7.625584295225595 5.220816989708322
2.2723665162166893 7.723790971804744 6.673582478168467
2.2723665162166893 6.660821703819135 5.489965706613379
2.2723665162166893 6.650799265654577 5.8885493831750635
2.2723665162166893 5.377827301100826 5.268730527583317
