1.6738711984311974 7.736823225781443 5.396562470912226
1.450918628769831 4.904096225772214 3.1819664786642505
1.450918628769831 5.410704804284713 3.9834246461205867
1.450918628769831 7.671433940986038 6.052308178599292
1.450918628769831 6.138970326002273 5.470718318522143
1.450918628769831 5.94217236842583 5.455650823248707
1.450918628769831 4.8883425356467605 4.517234818913195
1.450918628769831 6.280808090442175 4.988282760832349
1.450918628769831 7.75787146687891 5.648548351433228
1.450918628769831 5.570093077356116 5.382698500131742
1.450918628769831 7.171805940854565 6.410848356404383
1.450918628769831 5.824772558407442 4.2203260265835345
1.450918628769831 3.3920347091497693 3.021305939678939
1.450918628769831 5.769256297649388 4.388974604646782
1.450918628769831 3.3694616324971283 2.799112322243908
1.450918628769831 4.9915204616155755 3.9811552703097375
1.450918628769831 5.5105433478080315 5.176214504389779
1.450918628769831 5.7544993088964524 4.3704844260048334
1.450918628769831 5.853320743189478 4.787976964054906
1.450918628769831 7.262408898233751 4.7725475098595895
1.2115702404582085 6.304074586227891 3.7626093811092822
1.2115702404582085 3.4631285750125795 3.3975887301728176
1.2115702404582085 5.936899418142417 4.955119575921316
1.2115702404582085 5.049914190160507 4.652555029358403
1.2115702404582085 7.479099844633886 5.529224695008832
