0.8848275415409224 7.379013409061331 5.407498879628153
0.8848275415409224 7.015825990055626 5.685122198759107
0.8848275415409224 5.521340479753835 4.682321223241545
0.8848275415409224 6.257177029104664 5.031515516461289
0.8848275415409224 6.634489514701425 5.476341283234001
0.8848275415409224 6.63959755634335 5.478793143222127
0.8848275415409224 4.537511235504546 3.9371346366047044
0.8848275415409224 4.274910430667749 3.8823247468945796
0.8848275415409224 3.6215712200041783 3.5645300821398473
0.8848275415409224 5.298341462849525 4.405221467857585
0.8848275415409224 6.662409580080084 6.410403508088053
0.8848275415409224 6.256230118266615 5.011237673683437
0.8848275415409224 6.256230118266615 5.477586549358017
0.8848275415409224 6.343182715211917 5.881739389037521
0.8848275415409224 4.431259367702278 3.9420576253234265
0.8848275415409224 3.617787933107931 3.432505781422741
0.8848275415409224 7.598255842894341 6.847889977437474
0.8848275415409224 7.455222585002229 6.9469665768219855
0.8848275415409224 5.198465716993351 4.562717175158668
0.8848275415409224 5.9857150101206855 4.903181223889676
0.8848275415409224 4.371917917250865 3.6848392810431907
0.8848275415409224 6.615230074083904 4.74862824360194
0.8848275415409224 7.632173882242309 6.6383424555426425
0.8848275415409224 7.83372815317089 6.502642843835843
0.8848275415409224 6.837955308219149 6.548255336498355
