2.5030670681337672 7.713257772030209 5.756960269798249
2.5030670681337672 7.718465600165404 6.598147246414837
2.5030670681337672 9.869178722616201 6.991855200309945
2.5030670681337672 6.728204606340386 6.158415550630097
2.5030670681337672 6.593249638969372 5.258690860655041
2.5030670681337672 5.435273966074462 4.670088261385535
2.5030670681337672 5.435273966074462 5.1687420302922025
2.5030670681337672 6.65422867639062 5.50829345654775
2.5030670681337672 6.27048284512701 5.73004781449126
2.5030670681337672 7.034771359639588 5.687887053513678
2.5030670681337672 5.847685211426047 4.537512170954056
2.5030670681337672 3.3892187872262913 3.2742488066836897
1.1192579124945259 4.5868026628228655 2.8113555757649147
1.1192579124945259 5.616855989636232 4.187618922187589
1.1192579124945259 6.205964400860971 3.774232420614889
1.1192579124945259 2.8988702138072857 2.0996213152008636
1.1192579124945259 2.995347946196461 2.7773981048095724
1.1192579124945259 6.596763816238187 6.1494327056821625
1.1192579124945259 5.997275228794063 5.091702268874348
1.1192579124945259 5.60424733549495 4.358260781335585
1.1192579124945259 6.260480760855774 3.7309991232962654
1.1192579124945259 4.452020673969219 4.299925879907229
1.1192579124945259 7.76766805781234 5.323141406731875
1.1192579124945259 4.525046561791722 3.6995267853699896
1.1192579124945259 4.552478474370915 4.478655844980753
