2.812277482054235 7.682661708931686 5.3658004961991015
2.812277482054235 7.227787734493747 6.270887197982701
2.812277482054235 6.333051176694397 6.2290609887457125
2.812277482054235 6.621741455203157 5.438073033752021
2.812277482054235 7.65308336706477 5.938128938801771
2.812277482054235 3.572648709455493 3.2147953814795005
2.812277482054235 7.027605825479512 5.0891730828472665
2.812277482054235 6.065230599741252 5.2296849547605015
2.812277482054235 6.520384153863816 5.30048767784563
2.812277482054235 4.565921058040928 4.147246294204839
2.812277482054235 6.1077398346888465 6.033456749596796
2.801913584538003 6.088338820215316 4.445333480326982
2.801913584538003 6.505199230351625 5.765441172322721
1.1130573195285511 6.520788972710662 3.8507002714198
1.1130573195285511 5.643667892732893 5.26683288344892
0.9639069502043367 6.6859946662478436 3.827933815612576
0.9639069502043367 5.146276595925372 4.527572204414496
0.9639069502043367 4.356046401245116 3.701894081283417
0.9639069502043367 7.385912146367463 5.564124832710425
0.9639069502043367 5.1323232758505455 4.228311586264022
0.9639069502043367 6.483254340134355 5.342091573051337
0.9639069502043367 6.682410581767556 6.514747185805638
0.9639069502043367 4.11344619701168 2.920255266808088
0.9639069502043367 6.220438564322137 5.686828193988759
0.9639069502043367 6.4933780744398355 6.228094634143053
