2.7110961183684563 7.7065562070487115 5.163761215649795
2.7110961183684563 6.62551672566207 4.766352461071247
2.7110961183684563 5.755155306402017 5.423790074245451
2.7110961183684563 4.279734721982532 3.9878143861453954
2.7110961183684563 6.696316434780751 5.057001538571053
2.7110961183684563 6.514980036053974 6.340231578228492
2.7110961183684563 7.5318213150806095 6.828315392161275
2.7110961183684563 7.194061876267179 7.048538622717968
2.7110961183684563 4.57663578794622 3.8515608936897503
2.7110961183684563 5.804307530557356 5.006609555271095
2.7110961183684563 5.726622311500282 4.476897440362227
2.7110961183684563 7.647278149235049 5.482037935644422
2.7110961183684563 6.6578819167263745 6.035255737001596
2.7110961183684563 6.095990380965979 6.022031334996239
2.7110961183684563 4.161290237693414 3.9859485575906386
2.7110961183684563 6.537036092943346 6.191327109174691
2.7110961183684563 6.228314823989699 5.988219995503718
2.7110961183684563 7.343039461679805 5.947742233097058
2.7110961183684563 6.6250554348477095 6.2543392351784375
2.7110961183684563 7.649570650925126 7.07782018198186
2.7110961183684563 7.261341385976635 6.606622028521713
2.7110961183684563 6.344505496540904 5.347627900068107
2.7110961183684563 4.541673200169818 3.688905357037058
2.7110961183684563 6.5135029444367945 4.93913205521515
2.7110961183684563 6.411656381155936 5.7793655313810985
