2.432662703142477 7.722519624326816 5.534209811875549
2.432662703142477 7.625545692710572 6.866858292331113
2.432662703142477 9.111183194900407 8.148170898791797
2.432662703142477 6.9999890979933035 6.208529642166057
2.432662703142477 7.354908192735227 6.385989189537018
2.432662703142477 6.528163277762523 4.950202399523184
2.432662703142477 5.834985389557264 4.165415328609237
2.432662703142477 5.988458946209725 4.677360763876816
2.432662703142477 4.7698693682608635 4.4585827084199146
2.432662703142477 6.946455722281218 5.492321553077245
2.432662703142477 6.716856765257745 5.493276279046349
2.432662703142477 7.645156619430702 7.091928020422026
2.432662703142477 6.733590029538274 6.09538337562295
2.432662703142477 4.203456173858537 3.5912624854477575
2.432662703142477 7.635647737810082 5.167690977158116
2.432662703142477 6.730600073901227 6.423689345297522
2.432662703142477 4.789031504343509 3.807465558729278
2.432662703142477 5.733889501191889 5.659722631937813
2.432662703142477 5.783552653630252 4.604719152323137
2.057063550537024 3.7828231935040724 2.927455355072658
2.057063550537024 7.489319452461771 6.312678427479674
2.057063550537024 4.596511769415642 4.020314772460602
2.057063550537024 4.285560178719713 4.111174419584719
2.057063550537024 6.663168512184761 6.1377955696051565
2.057063550537024 5.909664401709573 5.454785702475608
