2.662103941025532 7.657487165161385 5.294741402993911
2.662103941025532 5.078595492122801 4.346007315039995
2.662103941025532 5.305442240071734 5.006300922209205
2.662103941025532 4.65021155306172 4.41885647602388
2.662103941025532 6.501961072597705 5.1917924126575965
2.662103941025532 7.547925509472753 7.128642030724137
2.662103941025532 7.585355325625201 6.770095778978109
2.662103941025532 5.980307590137979 5.806496545083677
2.662103941025532 6.492678848227481 6.171812464140944
2.662103941025532 6.341090799282487 5.24985470510103
2.662103941025532 7.662230488782182 5.881871784763526
2.662103941025532 4.301518142655134 4.090404317558789
2.662103941025532 6.5669826577418 6.211180262888572
2.662103941025532 6.081780479743987 5.187960111479586
2.662103941025532 6.6251023621890965 6.45597908869285
2.662103941025532 6.998903175695888 6.426014147085907
2.662103941025532 6.018896398696196 4.613864484840749
2.662103941025532 7.11141271798291 6.203029209423508
2.662103941025532 7.28018375616986 6.907398958411017
2.662103941025532 7.383576385665458 6.240922014824146
2.662103941025532 7.383576385665458 6.836099387218835
2.662103941025532 7.771697225984392 6.999848665214793
2.662103941025532 7.771697225984392 7.111923769825693
2.662103941025532 6.736535455170843 5.571392387665513
2.662103941025532 6.582468463518929 6.011168236182289
