1.4892023026577879 7.7227138092263825 5.453167733114022
1.4892023026577879 4.470898209042996 4.2505833413958
1.4892023026577879 4.046511394398841 3.6968741882173215
1.4892023026577879 6.380706219086406 5.287276895628797
1.4892023026577879 6.1839387064332705 5.127117200390773
1.4892023026577879 4.597012821577266 3.9472078875673047
1.4892023026577879 3.334305007657328 3.315853980607336
1.4892023026577879 4.870729457338054 4.084066205447695
1.4892023026577879 3.3599774157993356 3.3284334605969184
1.4892023026577879 5.891988204364839 5.462165743272529
1.4892023026577879 8.958538952107535 7.641594393718443
1.4892023026577879 6.614321710957196 6.4824734677050735
1.4892023026577879 7.3714848134882605 6.934080437114416
1.4892023026577879 9.07652958456662 6.066651663256054
1.4892023026577879 9.884931396436027 8.7807811054067
1.4892023026577879 8.633925315417276 8.14696786039952
1.4892023026577879 7.802904865636959 7.640669682735779
1.4892023026577879 7.599787474742161 5.433739756153952
1.4892023026577879 7.599787474742161 7.523919859275931
1.4892023026577879 7.163774956213613 7.003006467886903
1.4892023026577879 7.117724555000999 5.18452772685008
1.4892023026577879 8.041960394386273 6.892440200291894
1.4892023026577879 5.829730571575897 5.786325288886717
1.4892023026577879 6.28638822193518 6.010087537562765
1.4892023026577879 6.236476697382585 6.113755605598068
1.4892023026577879 6.304398232250076 6.246900014858602
1.4892023026577879 6.415874073675479 5.901339514934026
1.4892023026577879 3.646624615439173 3.182912817332108
1.4892023026577879 5.729465263272292 4.645642309749589
1.4892023026577879 5.729465263272292 5.3075273519660735
1.4892023026577879 6.520614604830552 5.6951905293296194
1.4892023026577879 4.859412299067117 4.664312019798968
1.4892023026577879 5.208696182684495 4.996859302075538
1.4892023026577879 4.859412299067117 4.825710199103024
1.4892023026577879 7.06299126961234 5.905463894670178
1.4892023026577879 8.785994000154199 7.8411768996124875
0.6831979020111132 7.260109010913 3.9797135004685247
0.6831979020111132 0.6831979020111132 0.6831979020111146
0.6831979020111132 5.738009706237964 5.597030816577091
0.6831979020111132 6.363029726228028 5.410379700692713
0.6831979020111132 6.034439036054749 4.753441338605753
0.6831979020111132 3.5293670235882826 3.202842224162775
0.6831979020111132 3.5293670235882826 3.5009053323725166
0.6831979020111132 5.727389884966815 3.5734990117053997
0.6831979020111132 5.727118088396228 4.986776920686001
0.6831979020111132 6.25121591129761 5.96638807642872
0.6831979020111132 6.965871487022149 6.612236778242668
0.6831979020111132 7.075806247188231 6.074826743896477
0.6831979020111132 9.480876611181385 8.353248685479512
0.6831979020111132 9.04132916213424 6.213085894077236
0.6831979020111132 10.389870451232921 7.9644448616536785
0.6831979020111132 7.688667040565054 6.94349583802211
0.6831979020111132 8.011482667640465 6.7760202082811745
0.6831979020111132 5.687123444234466 4.473749206264558
0.6831979020111132 5.687123444234466 3.8218979932126627
0.6831979020111132 5.8961814192253605 4.5713513797652645
0.6831979020111132 6.560768061806623 4.871025361073191
0.6831979020111132 6.2436839630506356 5.603766242599147
0.6831979020111132 5.592024357630471 5.289622697085889
0.6831979020111132 6.380248296531931 5.663142191999883
0.6831979020111132 7.822828991288192 7.586900853370909
0.6831979020111132 9.073602135470356 6.96317358453518
0.6831979020111132 5.020553118269195 4.977179566106624
0.6831979020111132 4.055272926572044 3.6575964202832916
0.6831979020111132 5.620944681071649 4.8043880535762415
0.6831979020111132 6.600804378295848 5.451986450330142
0.6831979020111132 5.969537563821049 5.502462832848896
0.6831979020111132 6.594021823952222 4.656957247498878
0.6831979020111132 5.651805280499595 4.9824577364355385
0.6831979020111132 3.6958187744411473 3.156103465092073
0.6831979020111132 4.434110883272044 4.235809145671394
0.6831979020111132 6.316438854226416 5.80286328931932
0.6831979020111132 6.199399781716462 5.027140249342213
0.6831979020111132 5.816810519405397 4.95816997674623
0.6831979020111132 3.349669951130132 1.9897692060794305
0.6831979020111132 5.71541791002911 4.23328887209957
0.6831979020111132 7.538871987546116 6.532005971084496
0.6831979020111132 7.68444301928292 6.090233869624136
0.6831979020111132 7.38334654661179 5.9048553847072505
0.6831979020111132 6.794664286309969 6.294508547001288
0.6831979020111132 4.487541384572875 4.124546419700675
0.6831979020111132 5.481484770185602 4.946469642553618
0.6831979020111132 8.21792326177006 5.323785108330378
0.6831979020111132 4.908476216333661 4.694143750225366
0.6831979020111132 4.871769602772272 4.11128256861152
0.6831979020111132 6.42940109882726 5.873877725618834
0.6831979020111132 6.542923979886336 5.094183502094351
0.6831979020111132 7.176766626022076 6.6139138283768
0.6831979020111132 7.176766626022076 7.111830938781964
0.6831979020111132 7.7738803316544995 7.404416654541847
0.6831979020111132 5.395836226464578 4.983575252249615
0.6831979020111132 6.315789035294177 5.559827588757966
0.6831979020111132 5.587872205696208 5.015143923963083
0.6831979020111132 4.591804490168094 4.451166865354305
0.6831979020111132 6.591129070681173 5.673938575915343
0.6831979020111132 6.609485159671099 6.375147745402382
0.6831979020111132 1.1090440039296614 0.8961209529703891
0.6831979020111132 5.028040707925211 2.8556193049681595
0.6831979020111132 4.1428840787365075 2.3784441286065534
0.6831979020111132 4.52210300117838 3.499643544720923
