1.842693500699085 7.75373019694471 5.468755689232123
1.842693500699085 5.7783318828830765 5.6108038542216505
1.842693500699085 5.906073866914802 5.699871492578589
1.842693500699085 5.568178824722846 5.53092397148261
1.842693500699085 6.501904725734061 5.997786921988218
1.842693500699085 6.501904725734061 6.341637648826752
1.842693500699085 7.711842589298172 7.150105006056643
1.842693500699085 7.711842589298172 7.653151098412169
1.842693500699085 7.711842589298172 7.653151098412169
1.842693500699085 7.711842589298172 7.621272019561221
1.842693500699085 6.39041055437173 6.171779826958325
1.842693500699085 5.5798876392903765 5.003652956270332
1.842693500699085 4.502162156022095 4.437976125818917
1.842693500699085 4.502162156022095 4.475567469468875
1.842693500699085 4.502162156022095 4.475567469468875
1.842693500699085 4.502162156022095 4.235368828185619
1.842693500699085 5.960588170265435 5.062209766388851
1.842693500699085 6.190600753117057 5.0265302918408885
1.842693500699085 6.45598277101702 6.18764783114526
1.842693500699085 6.513731116849019 6.313214044374678
1.842693500699085 7.425220306124217 7.194137440619176
1.842693500699085 7.470226205142383 7.154222884919568
1.842693500699085 8.694167035310524 7.690152807723441
1.842693500699085 7.946374981687308 7.400422618837581
1.842693500699085 9.974656121864976 9.110701317694938
1.842693500699085 3.3273325348254024 3.2470179120504703
1.842693500699085 6.490941562010178 5.30381137163336
1.842693500699085 6.602984383943255 6.529146982574307
1.842693500699085 8.520199332342486 8.065014977090804
1.842693500699085 4.588663177832771 4.424267342818089
1.842693500699085 6.562656277521132 5.3887293465991934
1.842693500699085 8.606642903277193 7.493907146815556
1.842693500699085 8.95511675848497 7.958013366528404
1.842693500699085 8.133215431354849 6.959678179601272
1.842693500699085 12.063651781311892 8.154268943825189
1.842693500699085 5.7567988150358005 5.063910990349897
1.842693500699085 6.295306843353671 5.3184804587238945
1.842693500699085 5.797326510163796 5.088136297153016
1.842693500699085 4.392726184517205 4.244012231544761
1.842693500699085 6.300729042126758 6.030542573500901
1.842693500699085 4.906816973296376 4.675833594829234
1.842693500699085 5.502814114753612 5.174174309299023
1.842693500699085 9.46095078085068 7.251852386107982
1.842693500699085 5.108061348317662 5.0754076698414865
1.842693500699085 5.336807021398116 4.785995952269618
1.842693500699085 5.336807021398116 5.301865886191116
1.842693500699085 5.90389328337519 5.585409017179658
1.842693500699085 7.511055180268253 7.03182261293294
1.842693500699085 9.271142638715398 6.652762000496881
1.842693500699085 9.271142638715398 7.7755432511924445
1.842693500699085 6.593620726091075 6.45080828163977
1.842693500699085 7.735115668025104 5.683196028852734
1.842693500699085 3.706915226456371 3.6687044366167254
1.842693500699085 5.145359433549956 4.427353862860722
1.842693500699085 6.598166991732889 6.410732916901591
1.842693500699085 3.780641510599079 3.7468074568024217
1.842693500699085 4.376816250243667 4.053387652925932
1.842693500699085 3.780641510599079 3.761262030500082
1.842693500699085 5.872775908002438 4.625750408592291
1.842693500699085 6.6668062311374925 6.389336116647379
1.842693500699085 6.208348256766023 5.435418842934961
1.842693500699085 4.763329338347216 4.727494841050959
1.842693500699085 5.296074991870007 5.043873317494431
1.842693500699085 6.2355639029137855 5.499780682692334
1.842693500699085 5.356662644581739 4.536838656818848
1.842693500699085 6.177415396011529 5.216863376147487
1.842693500699085 4.627065000099503 4.462448306301092
1.842693500699085 4.627065000099503 4.599221285105492
1.842693500699085 6.24950492691174 5.2488577636028495
1.842693500699085 5.697241198475357 4.831828847994522
1.842693500699085 3.501817414058181 3.3977188361790795
1.842693500699085 5.9878663819621 4.728250658876544
1.842693500699085 4.6813156076723885 3.93754854009296
1.842693500699085 3.250553914653001 3.2364753105134616
1.842693500699085 4.536218770683806 3.8793077385288672
1.842693500699085 4.521764980406303 4.373182952119512
1.842693500699085 4.775330170902382 4.128219285697761
1.842693500699085 6.614354362190809 5.136400186782423
1.842693500699085 6.364195509528624 5.233311538274944
1.842693500699085 6.364195509528624 6.126978556778863
1.842693500699085 6.506908253160397 6.037861854018068
1.842693500699085 6.461535890779864 5.94603839801919
1.842693500699085 5.522917753060117 5.4529597871467415
1.842693500699085 6.693613928127068 5.07831115383511
1.842693500699085 6.4041818557068275 5.13043586760297
1.842693500699085 4.543308381483637 4.323529001393842
1.842693500699085 4.860857978601523 4.225096604102642
1.842693500699085 5.705672254371493 5.25308347170749
1.842693500699085 4.692301411565619 3.7572091434903694
1.842693500699085 5.655584642279017 4.3893154606084686
1.842693500699085 5.655584642279017 5.617455730863209
1.842693500699085 5.655584642279017 5.617455730863209
1.842693500699085 6.2458411998227135 4.349471679550767
1.842693500699085 4.843627214216788 3.6854114476134128
1.842693500699085 6.423940823548087 5.44840280795465
1.842693500699085 4.545831081869288 4.50934793711525
1.842693500699085 5.163442474361531 4.7414918259834735
1.842693500699085 6.485082643885185 6.3782336883245785
1.842693500699085 6.364232515627698 5.528361851370815
1.842693500699085 6.393999768531856 5.543245477822894
