2.173556227887229 7.765214424331202 5.588729190850728
1.214543609295927 3.720746397525595 2.452173101714381
1.214543609295927 4.812538670103596 4.477482280941771
1.214543609295927 4.21438579299609 4.1635894384500896
1.214543609295927 4.937167574750717 4.445657727642333
1.214543609295927 5.266578916809316 4.619449070820696
1.214543609295927 6.197224051735574 5.6820746798480455
1.214543609295927 5.266578916809316 4.101543391577639
1.214543609295927 5.580703510993107 5.487840911180593
1.214543609295927 6.544877937817674 6.383648604865949
1.214543609295927 8.622674472428509 6.054013648629013
1.214543609295927 4.484488954478291 4.026302744833411
1.214543609295927 4.371981065874902 3.971173879417745
1.214543609295927 7.486257916968 6.494523073476618
1.214543609295927 7.649984730459643 7.503766912502197
1.214543609295927 7.649984730459643 7.100704016828346
1.214543609295927 6.660339215317478 5.3390806822905015
1.214543609295927 6.277166719991076 4.607844304973368
1.214543609295927 4.474109872369677 3.724346449638879
0.5750662179629491 2.9912620251606055 1.7653969374031337
0.5750662179629491 6.645980784260548 5.226439231136299
0.5750662179629491 3.872853422094686 3.165055071339181
0.5750662179629491 4.121162145638074 3.2556006515885536
0.5750662179629491 6.097598070119101 5.483056161066372
0.5750662179629491 9.00783632705673 7.339468857096904
0.5750662179629491 7.497059733018455 6.421340811956334
0.5750662179629491 6.666764969526273 6.454300652749768
0.5750662179629491 6.595194597310861 5.504277426369912
0.5750662179629491 7.560334954166807 6.972471753304587
0.5750662179629491 7.199819736397192 6.764320913755546
0.5750662179629491 6.949030153094581 5.304993978505177
0.5750662179629491 5.59732605086878 5.0924943662881805
0.5750662179629491 6.196055171207888 5.40823007392009
0.5750662179629491 5.424806015509013 5.164477683389544
0.5750662179629491 5.3112099550947285 4.571278848150258
0.5750662179629491 5.672224350289913 4.598212539085833
0.5750662179629491 6.0858443272711575 4.382583828301616
0.5750662179629491 2.789538891518227 2.767394164782674
0.5750662179629491 2.789538891518227 2.767394164782674
0.5750662179629491 6.0074519471662065 4.376350692606667
0.44273424348445944 1.5323267867593597 0.9779579094339463
0.44273424348445944 3.959288293372538 3.6863954987519247
0.44273424348445944 3.5886032183670378 3.240378154701598
0.44273424348445944 5.14884425778645 3.84172952911465
0.44273424348445944 6.497776976722715 4.576817057269934
0.44273424348445944 6.350738280421584 5.73629196924877
0.44273424348445944 7.622702421049617 6.5661724200603775
0.44273424348445944 6.056771900859818 4.614247069590482
0.44273424348445944 4.940197643514605 4.171104703675735
0.44273424348445944 3.074273813749017 2.7057797249010593
0.44273424348445944 6.4407832245034164 4.355369336170717
0.44273424348445944 3.4366705851704293 3.146163835936483
0.44273424348445944 5.3190743329319154 4.132662831700378
0.44273424348445944 3.1599375033739716 3.051468477046842
0.44273424348445944 6.9856937595704505 4.088468062995088
0.44273424348445944 1.2065180423980135 1.1988802044088802
0.44273424348445944 6.7903480175655115 3.9907951919926257
0.44273424348445944 5.039939144250361 4.251863433498238
0.44273424348445944 7.836972723974979 5.3403705532275625
0.44273424348445944 6.131066935062577 5.923630909342694
0.44273424348445944 6.179292230369395 5.8938691529239495
0.44273424348445944 6.649471172192143 6.365950948547495
0.44273424348445944 6.632730813325654 6.357580769114255
0.44273424348445944 6.632730813325654 6.089771774603727
0.44273424348445944 4.59391888030526 4.342702276315222
0.44273424348445944 7.547373602277476 6.794324225912562
0.44273424348445944 8.31515612153452 5.706072347166266
0.44273424348445944 3.134983460847668 1.7888588521660669
0.44273424348445944 6.324408846231513 4.456950618827616
0.2578148034822161 3.3970920540794407 1.7979098506748787
0.2578148034822161 5.564783176646404 4.0657063868188565
0.2578148034822161 3.164776585558297 2.728042927228415
0.2578148034822161 4.341478347247282 3.6443645898115027
0.2578148034822161 6.041918402958284 4.896108558341995
0.2578148034822161 6.174883097418707 5.310625441668282
0.2578148034822161 6.652328494798887 5.299674512011357
0.2578148034822161 6.104351233930284 4.503684386635136
0.2578148034822161 4.496857684169971 4.135195102457498
0.2578148034822161 4.558394892874208 4.433511247212369
0.2578148034822161 4.2863159865663185 3.891489490795372
0.2578148034822161 5.022729782453975 4.8037927592561696
0.2578148034822161 6.3888336688615475 6.270973028890913
0.2578148034822161 6.402118895570382 6.241955452494787
0.2578148034822161 8.226144146001337 7.158881571103517
0.2578148034822161 4.703214140956298 3.626768395606195
0.2578148034822161 2.597108524680053 2.5737155874680813
0.2578148034822161 4.185640961802683 3.233363851837154
0.2578148034822161 6.9352755583353165 6.598713630173956
0.2578148034822161 5.557179958192766 5.333068769960877
0.2578148034822161 6.559314000503061 6.404158800545696
0.2578148034822161 6.642019100834684 6.269288316027176
0.2578148034822161 5.760416457315014 5.087446915921478
0.2578148034822161 5.494584143416258 4.802935112741718
0.2578148034822161 6.455508585605461 4.89788156534213
0.2578148034822161 3.4031614785807673 3.371708011829783
0.2578148034822161 4.64680850326285 4.5187295027811345
0.2578148034822161 5.920705840697234 5.161125180589129
0.2578148034822161 6.600528299690577 4.773816985954603
0.2578148034822161 1.7371141152479734 1.5895235612363368
0.2578148034822161 1.466098684852096 1.4034597852118205
