0.3421528795597415 7.651403970136887 5.246404224799492
0.3421528795597415 5.83638224599634 4.42274224714773
0.3421528795597415 5.83638224599634 3.808776322175051
0.3421528795597415 7.076759076626619 6.36584504395002
0.3421528795597415 9.498715414954424 9.166813173975315
0.3421528795597415 13.408121579410937 10.73413873981271
0.3421528795597415 13.408121579410937 9.66736785759646
0.3421528795597415 13.51395554742709 9.478272970354801
0.3421528795597415 3.495980692880441 3.3394225243073437
0.3421528795597415 6.045554613370502 4.329663326976616
0.3421528795597415 5.538694485387769 4.968433341508472
0.3421528795597415 6.280309134314841 5.85012024730376
0.3421528795597415 5.733703639798552 4.513015590469374
0.3421528795597415 3.4518658026420295 3.3711033657376457
0.3421528795597415 4.14435161372737 3.8506090761408722
0.3421528795597415 3.8885366031236406 3.7200409342053558
0.3421528795597415 5.7367433199789595 4.758694057147119
0.3421528795597415 3.8885366031236406 3.743225705681761
0.3421528795597415 4.5889157768576965 3.8917143980469007
0.3421528795597415 4.175867534389667 3.5249687580387876
0.3421528795597415 4.573550502880497 3.7994133125308336
0.3421528795597415 6.954292733098114 5.564223167926523
0.3421528795597415 8.022668764339866 5.475398482150781
0.3421528795597415 3.420536652347988 3.2237417286216656
0.3421528795597415 4.0518991384864265 3.4054244410644334
0.3421528795597415 6.615872685934438 5.2738219453279775
0.3421528795597415 6.526139930481573 6.348079587130095
0.3421528795597415 5.523868776387811 4.438046947210902
0.3421528795597415 5.7314357481958496 4.444548936826306
0.3421528795597415 5.672148762498065 3.160186003049999
0.3421528795597415 3.1742390493035058 1.911231146452717
0.3421528795597415 0.6544695775619727 0.6513464105819518
0.3421528795597415 6.182254876194538 5.356421272287434
0.3421528795597415 6.182254876194538 6.123853856228181
0.3421528795597415 6.383480605636468 6.311151519519099
0.3421528795597415 5.21072829918128 4.84799493250535
0.3421528795597415 7.121537413751813 5.2911206052767055
0.3421528795597415 5.224166083259117 2.845426460661524
0.3421528795597415 2.604615687544119 2.0904090013310306
0.3421528795597415 6.617200484122723 5.128410890078094
0.3421528795597415 6.069973452991594 5.7743880274141315
0.3421528795597415 6.211713378644561 5.721035710980973
0.3421528795597415 6.211713378644561 5.345456265911128
0.3421528795597415 7.582136643727193 6.915906830506129
0.3421528795597415 11.427177878058188 5.971430180493043
0.3421528795597415 6.314576829235065 5.554224499462908
0.3421528795597415 4.913320648684248 4.000229873211947
0.3421528795597415 4.780596403198299 3.8265265527145003
0.3421528795597415 5.877070621621158 5.188261514168089
0.3421528795597415 5.822624327543448 5.451172137574424
0.3421528795597415 6.172711658348096 6.004577438840792
0.3421528795597415 7.674501805172273 6.740338868898115
0.3421528795597415 5.574783603399702 5.003171047285229
0.3421528795597415 3.2412937431299267 2.3057672148575312
0.3421528795597415 5.785647981008932 3.621705357299278
0.3421528795597415 7.565684758929098 7.482605509468104
0.3421528795597415 7.543996897594472 6.688061730059378
0.3421528795597415 3.261799672387817 1.7727798080454986
0.3421528795597415 6.129216911793904 5.7461341831743695
0.3421528795597415 5.478792735199512 5.286377246406195
0.3421528795597415 6.546862867857222 5.820412312735045
0.3421528795597415 5.796760440383501 5.095511321500037
0.3421528795597415 4.216632988820695 3.8872631870302974
0.3421528795597415 5.627579904354864 4.439465279278982
0.3421528795597415 5.183574271971967 4.652010716896459
0.15364313103062743 2.9060243343345324 1.5041950181348347
0.15364313103062743 0.15364313103062743 0.1536431310306271
0.15364313103062743 5.502743116517404 3.8712190927518693
0.15364313103062743 8.288819319259217 6.883222413233146
0.15364313103062743 7.341906814649068 5.326029590519828
0.15364313103062743 6.141649036317407 5.52206009529762
0.15364313103062743 5.881597822077325 5.7272562903270625
0.15364313103062743 6.333277142827697 5.8822378736658365
0.15364313103062743 5.908589013522146 5.538214776648665
0.15364313103062743 6.559625570050873 5.573181656562903
0.15364313103062743 7.758619987606229 7.606341583938156
0.15364313103062743 5.865476268093769 5.226289577788171
0.15364313103062743 5.331961381596074 3.5105376963867667
0.15364313103062743 6.194880992742672 5.826383983125791
0.15364313103062743 7.875180224634811 5.5428153984671304
0.15364313103062743 0.8928710368995749 0.7091278444603419
0.15364313103062743 7.698632244217032 5.229340492657675
0.15364313103062743 4.9693866915451785 2.850001668845917
0.15364313103062743 9.224200433853053 7.439937692683219
0.15364313103062743 8.641514231792046 7.628516468528871
0.15364313103062743 6.473743212023955 5.341343868327847
0.15364313103062743 6.633132700665588 5.65582087978466
0.15364313103062743 6.616552876693689 6.321104347263708
0.15364313103062743 8.280825857937371 5.684859694653656
0.15364313103062743 4.599626789960528 3.894554047385532
0.15364313103062743 6.644474625805042 5.517161464498998
0.15364313103062743 5.673199397569022 5.039825586707436
0.15364313103062743 5.649708104054543 4.2782755667474595
0.15364313103062743 7.548172945115731 5.50086388902351
0.15364313103062743 3.520899969704772 3.4872274013180307
0.15364313103062743 4.607403079159393 3.8714952756168066
0.15364313103062743 4.607403079159393 4.476183112861406
0.15364313103062743 5.353114502104081 5.2194233614546075
0.15364313103062743 6.320547718977739 5.830985773712285
0.15364313103062743 3.9209986627389353 2.588387112399462
