1.0633646514192105 7.754244433076673 5.419253344200651
1.0633646514192105 6.638289298415753 4.898070363590657
1.0633646514192105 3.381102373191809 2.5258954562325098
1.0633646514192105 2.6175042268439843 2.1607369738534254
1.0633646514192105 6.123186756811155 4.427741452958116
0.8916983394219185 6.57066578473605 3.6761090507458083
0.8916983394219185 0.8916983394219185 0.8916983394219202
0.8916983394219185 0.8916983394219185 0.8916983394219202
0.8916983394219185 5.286215317733657 3.0889568285777838
0.8916983394219185 3.3015480412869533 3.1592779978877252
0.8916983394219185 7.537493116435368 6.909492017795633
0.8916983394219185 6.414406814696175 5.5747414013698515
0.8916983394219185 4.81351226658683 4.774294127315178
0.8916983394219185 4.81351226658683 4.768186824608328
0.8916983394219185 5.888990176647006 4.575663455738068
0.8916983394219185 5.282390269068763 4.736644180059706
0.8916983394219185 3.941635827078603 3.9093085710804045
0.8916983394219185 4.816651936869572 4.316537552750685
0.8916983394219185 5.782252044842714 5.204120254845908
0.8916983394219185 5.782252044842714 5.733346507788513
0.8916983394219185 7.55990228266746 6.617062069112771
0.8916983394219185 7.719819857374823 7.612994221695651
0.8916983394219185 7.719819857374823 7.0330807813733145
0.8916983394219185 7.716163624979288 7.616141641976458
0.8916983394219185 10.237344135046246 7.628838368396936
0.8916983394219185 8.420509680333229 7.378424316924841
0.8916983394219185 6.226509302711975 5.879292213937618
0.8916983394219185 5.346744860300067 4.779753633141876
0.8916983394219185 4.301863336401233 4.231491982006393
0.8916983394219185 6.479523304460564 5.2985453663554605
0.8916983394219185 3.525214145980773 3.3503961005643497
0.8916983394219185 6.1553288614078845 5.826569706195984
0.8916983394219185 5.482503909359075 5.393290935490659
0.8916983394219185 5.848299548271637 5.259248718597172
0.8916983394219185 5.728639973068475 5.200615526747622
0.8916983394219185 4.9372641463579505 4.09879806966075
0.8916983394219185 5.728771772758616 5.335932302768186
0.8916983394219185 5.576516097569993 5.50180505502185
0.8916983394219185 6.244031102922101 5.9308389903005505
0.8916983394219185 4.977146908934024 4.389315797138734
0.8916983394219185 5.695657538978576 4.764271842628719
0.8916983394219185 8.129292228725001 6.926557001079523
0.8916983394219185 8.84426023773938 7.497029939679825
0.8916983394219185 6.443598391256838 6.304992768241695
0.8916983394219185 6.525610155516755 6.428265155225853
0.8916983394219185 6.3175054236971135 5.266950016410183
0.8916983394219185 5.933296108845912 5.058354853430149
0.8916983394219185 5.444751570178635 4.268979394859071
0.8916983394219185 7.876133172027092 5.9253049601253
0.8916983394219185 6.3131412186260185 6.119829522747113
0.8916983394219185 6.546241886298517 6.355872468411085
0.8916983394219185 7.844525565619332 4.892408100812575
0.8916983394219185 1.9616904787932445 1.6725889237954996
0.8916983394219185 4.441686299701541 4.009867956990223
0.8916983394219185 5.393823206264528 4.807796199933028
0.8916983394219185 6.663027672915799 5.070231343542888
0.8916983394219185 4.867319996186442 4.190334581945501
0.8916983394219185 7.564453265548817 6.700460794266446
0.8916983394219185 7.087492991217138 6.775104674112718
0.8916983394219185 10.626782610586318 8.311642913922174
0.8916983394219185 4.895043184148445 4.623743570842987
0.8916983394219185 6.245216313196089 4.829473647997366
0.8916983394219185 5.933298749949426 4.4924788330938545
0.8916983394219185 7.166132092898984 6.6189421240851445
0.8916983394219185 6.938324273696342 6.515157961849544
0.8916983394219185 6.588706565851304 4.2761262635648345
0.8916983394219185 5.587030738747522 3.820400554413388
0.8916983394219185 4.274884801799512 2.5928234831309087
0.8916983394219185 3.031017368430302 1.9496911049831607
0.8916983394219185 0.9111512221161893 0.9109566932892463
0.8916983394219185 0.9111512221161893 0.9109566932892463
0.8576208129730394 0.9111512221161893 0.8847267928091028
0.3083757059877539 0.9912716371807062 0.6553161226540842
0.3083757059877539 3.243896554537504 1.776136130262629
0.3083757059877539 2.0343976104608044 1.6223142652752882
0.3083757059877539 7.7134323011187345 6.552069788272328
0.3083757059877539 5.538808407328531 5.486504080315127
0.3083757059877539 6.224708301134974 5.823375960326502
0.3083757059877539 7.591709707186988 6.879598640915954
0.3083757059877539 6.287061286250186 5.2155345898601535
0.3083757059877539 7.470742617768117 6.163438689211517
0.3083757059877539 8.099832557088106 5.766725219178412
0.3083757059877539 11.918882366401487 10.039174613346725
0.3083757059877539 4.41812330749438 3.993702850762698
0.3083757059877539 4.56647109834655 4.451199726905398
0.3083757059877539 4.41812330749438 4.377025831479319
0.3083757059877539 4.41812330749438 3.996579341083444
0.3083757059877539 5.757589910084452 4.77834630885086
0.3083757059877539 4.481321662158866 3.9999329029668953
0.3083757059877539 4.602016286571359 4.34239521379539
0.3083757059877539 5.9192293707349855 5.132262886793502
0.3083757059877539 6.556215748657053 4.670891355676088
0.3083757059877539 3.926912297139751 3.4955758309486744
0.3083757059877539 3.926912297139751 3.5941902430562953
0.3083757059877539 3.333838920795874 2.1799197020793755
0.3083757059877539 5.7375797639557895 3.3577527152277344
0.3083757059877539 1.296581601725649 0.8062225422691337
0.3083757059877539 6.0209340352868 3.1780082990596963
0.3083757059877539 5.119484625643555 2.6794450239889103
0.3083757059877539 3.5828342323957547 1.9264863312974858
