1.5943303172391023 7.776940218169663 5.603010502763749
1.5943303172391023 7.13957598366842 5.18048311513246
1.5943303172391023 4.469282811369101 3.0728700037094216
1.5943303172391023 3.7686006740209206 2.701624260843129
1.5943303172391023 3.7686006740209206 3.7468579704531084
1.5943303172391023 3.7686006740209206 2.9178600628256883
1.5943303172391023 3.431523175773244 2.735773764038868
1.5943303172391023 5.816997573560361 4.592414885568312
1.5943303172391023 6.5305986118303885 5.481940863987401
1.5943303172391023 10.352747098089177 8.830529891077703
1.5943303172391023 7.459767865317703 6.266146932915863
1.5943303172391023 7.496102967681226 7.41891768999506
1.5943303172391023 6.1166734661092335 5.199661997509768
1.5943303172391023 7.070471769026497 6.5377478073610575
1.5943303172391023 7.070471769026497 6.908761652273757
1.5943303172391023 7.133434518076932 7.0708639087683505
1.5943303172391023 7.126464448621171 6.996102525706022
1.5943303172391023 5.6327770787153 5.534836598613421
1.5943303172391023 6.50040443518219 6.440513213416944
1.5943303172391023 6.606561458979694 6.53368580377233
1.5943303172391023 6.759786327772295 5.756242336996065
1.5943303172391023 10.25605629243126 8.01536760579882
1.5943303172391023 6.329914037200986 4.78508870991863
1.5943303172391023 7.652377012484566 6.273486855173262
1.5943303172391023 4.961949072976697 3.979629129840094
1.5943303172391023 3.064661561818227 2.982353966820741
1.5943303172391023 2.9266936382433326 2.91337000503329
1.080098481556345 4.2994381111046565 2.6627172183918435
1.080098481556345 5.7233752602005055 3.3553041030919792
1.080098481556345 3.2444842210911884 2.2537989070753905
1.080098481556345 5.2172804048587125 4.585110246529982
1.080098481556345 5.622120299315494 4.523584932554342
1.080098481556345 3.5050079032904446 3.237777356280064
1.0727161573092237 4.541463526994196 2.7724761916973337
1.0727161573092237 2.6071063550942246 2.217223428589643
1.0727161573092237 6.719113267936136 6.019389856650138
1.0727161573092237 7.211397880769278 6.26553216306671
0.7091018046051834 3.694033783557647 2.17535461781893
0.7091018046051834 6.35192297430013 3.4740841777557083
0.7091018046051834 6.211916574899746 5.337032295024692
0.7091018046051834 4.538740794956663 4.500444405053142
0.7091018046051834 5.637470229125679 5.049809122137647
0.7091018046051834 6.163393610982649 5.305952786825433
0.7091018046051834 6.211933717508341 3.7398326791480887
0.7091018046051834 5.961825644683373 3.663120097120233
0.7091018046051834 1.3777882790459093 1.3711014143015052
0.7091018046051834 3.770484761075498 2.5674496553162975
0.7091018046051834 4.235662004124109 3.6923517393518552
0.7091018046051834 4.462492081734666 4.321066567482443
0.7091018046051834 4.392234187655511 4.1294552970580956
0.7091018046051834 6.172986160683063 5.104240208047559
0.7091018046051834 5.181120020642325 4.597529735977084
0.7091018046051834 5.425405328543441 4.73044979197774
0.7091018046051834 5.644261309626497 5.487670283845578
0.7091018046051834 5.5591447684138835 5.463660776660175
0.7091018046051834 7.630981233200085 6.57381368616784
0.7091018046051834 4.274109043768622 4.185773125131022
0.7091018046051834 6.649792938824838 5.402544079954534
0.7091018046051834 7.041993208317518 5.662723367751564
0.7091018046051834 6.387150561569449 6.083612669080826
0.7091018046051834 6.352140277582844 5.072706042574696
0.7091018046051834 6.283877633273981 5.794790100962332
0.7091018046051834 6.7517441141924746 5.736316483576519
0.7091018046051834 6.142028971562265 5.871071638126806
0.7091018046051834 6.335215212699513 6.200626198381537
0.7091018046051834 6.178559452225446 4.885032281427852
0.7091018046051834 7.504428503003691 6.256317491048123
0.7091018046051834 5.516692964196231 4.071413262387254
0.7091018046051834 5.6355632767477815 3.8215387518033976
0.7091018046051834 7.5322932817713895 6.746603196655254
0.7091018046051834 5.884600751980344 4.9689512197782575
0.7091018046051834 6.509976418074608 5.275385296164439
0.7091018046051834 6.57993547599963 6.294853729366561
0.7091018046051834 6.4230973775830655 4.954897901175993
0.7091018046051834 3.5465421194057325 2.884832879497954
0.7091018046051834 6.231278719017062 4.82870210093963
0.7091018046051834 6.6561528477537735 5.00973560117867
0.7091018046051834 6.6561528477537735 5.567804493273559
0.7091018046051834 6.628158294731232 5.53866018240458
0.7091018046051834 5.245486968194985 4.2587966382269205
0.7091018046051834 4.298069726671713 3.4666125800595085
0.7091018046051834 3.9865483298655957 3.31396709562451
0.7091018046051834 4.478584669996195 4.095360976854478
0.7091018046051834 3.230494304374489 3.1078283022626945
0.7091018046051834 4.481442398937411 3.7932912188329846
0.7091018046051834 3.1805868506151964 3.0339596707018184
0.7091018046051834 3.0309991632656907 2.958173697177027
0.7091018046051834 5.615466432717064 4.305854400468155
0.7091018046051834 6.306895854338695 5.870527504686577
0.7091018046051834 6.404679077347229 3.945408101859238
0.7091018046051834 5.099940528755848 3.306086213049462
0.7091018046051834 5.892636505263255 5.559376789043284
0.7091018046051834 6.291266333939813 5.754705405094803
0.7091018046051834 7.294150811933706 6.354625445136687
0.7091018046051834 11.405876614314343 8.529216112116126
0.7091018046051834 4.935501461241625 4.051631388396325
0.7091018046051834 3.9723937133607348 3.5700775144558814
0.7091018046051834 6.053408464278103 4.516930076485595
0.7091018046051834 6.245364272276589 5.9648425872016695
0.7091018046051834 7.55981301519647 7.311537200202188
