2.863426883424719 7.763976398312957 5.655109859050692
2.863426883424719 6.869149524211622 6.706159690870785
2.863426883424719 7.6324251869584145 7.50655954574561
2.863426883424719 6.289854136943713 6.0259889544809235
2.863426883424719 7.133908300690873 6.434889761861367
2.255412976032226 7.767458506881187 4.96239542522215
2.255412976032226 7.55309897877839 4.852631065575558
2.255412976032226 6.244314847882027 5.300410464421478
2.255412976032226 7.659439478803922 7.218189299969027
2.255412976032226 7.1362964870466765 6.856202764929548
2.255412976032226 7.644634957106673 6.852032795372907
2.255412976032226 6.603153563774036 6.341706912639918
2.255412976032226 6.603153563774036 6.317780148434972
2.255412976032226 6.104547346644168 6.029858338334484
2.255412976032226 6.150615916469089 6.053239215234912
2.255412976032226 7.696632924412805 6.886684545162609
2.255412976032226 8.567542310240484 7.281131826980463
2.255412976032226 6.120963930404599 4.942970998927627
2.255412976032226 7.561000925354492 6.024503195845198
2.255412976032226 4.594117225322343 4.565437890532569
2.255412976032226 7.453097517554397 5.966108195231275
2.255412976032226 7.453097517554397 6.536734612680427
2.255412976032226 6.937180794070871 6.481237681098625
2.255412976032226 5.959992960732151 5.146818906663743
2.255412976032226 6.268972359440927 5.052671180871344
2.255412976032226 3.8686344314093124 3.8525022168555383
2.255412976032226 4.294626007979385 4.007336846440781
2.255412976032226 5.1478578674724105 4.692317488811493
2.255412976032226 7.653351894440414 5.344831980832777
2.255412976032226 6.544904747626056 5.5266888176113556
1.6060619526286257 8.156770625222519 4.822402712433674
1.6060619526286257 1.6060619526286257 1.6060619526286268
1.6060619526286257 3.5355660459802682 2.5708139993044483
1.6060619526286257 5.201224531354082 3.4036432419913547
1.6060619526286257 7.619500335840318 6.647416267061419
1.6060619526286257 6.352976320941256 4.540830399997601
1.6060619526286257 3.102402173779755 2.981712399008097
1.6060619526286257 6.1003298566038 4.466904910847493
1.6060619526286257 8.263713840850137 6.226694229644827
1.6060619526286257 8.679534216676528 7.144768796531891
1.6060619526286257 6.627845713439726 5.499350108512399
1.6060619526286257 4.407608015062987 3.655800623176072
1.6060619526286257 4.825386569448234 4.6902205269343025
1.6060619526286257 5.2724799935954465 4.891523508211756
1.6060619526286257 5.2724799935954465 4.723967759682996
1.6060619526286257 4.513429325877592 4.352032932501254
1.6060619526286257 5.601730838106267 4.898830143008468
1.6060619526286257 4.275848399333757 3.93061914964962
1.6060619526286257 6.59781270131279 5.097971928343472
1.6060619526286257 4.536591847373792 4.058383439189237
1.5526369704079177 4.155879377436413 2.8547924237443714
1.5526369704079177 5.061790519940676 4.007122173529684
1.5526369704079177 7.739781869835301 7.333245715498792
1.5526369704079177 6.129007986539481 5.4804035635015955
1.5526369704079177 6.129007986539481 5.258640776576084
1.5526369704079177 4.424550105201394 4.339137544005446
1.5526369704079177 7.600470310956741 5.994997661577742
1.5526369704079177 4.549883245921009 4.274929951290396
1.5526369704079177 3.8882059441943935 3.3346008128589673
1.5526369704079177 4.4996279695740355 3.8327259745356224
1.5526369704079177 3.2247637994805385 3.2080425311898098
1.5526369704079177 6.204761920529812 4.69804159171444
1.5526369704079177 6.4285935492797215 5.401406309171892
1.5526369704079177 6.5680726010013615 6.155585999680493
1.5526369704079177 8.939544037803524 7.60648598405887
1.5526369704079177 8.109887332018394 5.859366155943938
1.5526369704079177 7.930463287795945 7.1745486559483105
1.5526369704079177 3.14627413671143 3.0026185483290493
1.5526369704079177 4.372832891909294 3.7797282161714674
1.5526369704079177 4.372832891909294 4.319857320875655
1.5526369704079177 4.372832891909294 4.344630932694283
1.5526369704079177 4.372832891909294 3.805263101872178
1.5526369704079177 6.643246580748279 5.573775795911249
1.5526369704079177 4.6861842268753975 4.615615912749488
1.5526369704079177 4.6061172032810305 4.304160354430156
1.5075658690142295 4.393480324530525 2.950973807786312
1.5075658690142295 4.511122749231262 3.2797545998336837
1.5075658690142295 4.459134794174645 4.376064231009599
1.5075658690142295 6.521709015984623 5.504210719415287
1.5075658690142295 8.09262665317204 6.395495329202389
1.5075658690142295 4.830065220915891 4.479885619798771
1.5075658690142295 4.830065220915891 4.120656821512124
1.5075658690142295 5.023162082538324 4.891457689591868
1.5075658690142295 5.152759752852859 4.782805605212353
1.5075658690142295 6.550004194691578 6.440844095791319
1.5075658690142295 6.369380199764169 5.410572709128145
1.5075658690142295 7.496786760490631 5.8227439529157925
1.5075658690142295 4.271743344859782 4.242505257073566
1.5075658690142295 4.268485563170476 4.24087636622892
1.5075658690142295 6.50565807911638 5.609676345706631
1.5075658690142295 4.779125811139384 4.266444387812021
1.5075658690142295 3.799603721535075 3.364477878607674
1.2682876395326166 1.5075658690142295 1.3796179501230654
0.6045850485784823 5.637917510183172 3.1278883052903694
0.6045850485784823 5.42412453113122 5.129661593241841
0.6045850485784823 3.2638365462168832 2.871226233106477
0.6045850485784823 5.41057245300188 4.489068143921156
0.6045850485784823 3.6636835829288974 3.6330925975854016
0.6045850485784823 3.6636835829288974 2.6096673649448667
0.6045850485784823 1.616833117647833 1.6067106369571404
