1.6656320379108789 7.71013488898431 5.374436891073751
1.6656320379108789 9.093951179145842 8.839295427125032
1.6656320379108789 8.741938757188624 8.391158070158347
1.6656320379108789 9.317463792501217 7.760030807637701
1.6656320379108789 6.359840660338211 6.310837534902543
1.6656320379108789 5.996698636998353 5.225664478006214
1.6656320379108789 5.996698636998353 5.9496343365204165
1.6656320379108789 6.581642236931636 6.482331377737896
1.6656320379108789 9.764334456194785 8.677404885275502
1.6656320379108789 7.752449362721913 7.631294287989313
1.6656320379108789 7.752449362721913 7.691581189473797
1.6656320379108789 6.451405614890081 6.2511184600298755
1.6656320379108789 6.018257479298882 5.503245789036743
1.6656320379108789 6.018257479298882 5.458785763300563
1.6656320379108789 6.018257479298882 5.792225776344569
1.6656320379108789 6.406318022157123 5.795258338961681
1.6656320379108789 5.010104817144374 4.972332811672674
1.6656320379108789 5.305711871644551 5.124463616602137
1.6656320379108789 5.010104817144374 4.9766600893520465
1.6656320379108789 5.010104817144374 4.474775665532775
1.6656320379108789 6.300941511224959 5.120194012573059
1.6656320379108789 6.657727156563414 5.678064205912043
1.6656320379108789 8.628834580806176 5.646580012196273
1.6656320379108789 6.564462805108878 5.26854842502539
1.6656320379108789 8.358564736671543 7.8577721401908915
1.6656320379108789 11.249968917892733 8.09898781739068
1.6656320379108789 4.561355634122606 4.341853256599008
1.6656320379108789 6.779319244909718 4.202295194813681
1.6656320379108789 4.628175391141685 4.51877669897322
1.6656320379108789 5.828475191493073 5.352087561122534
1.6656320379108789 6.378433999940203 5.6291318166455095
1.6656320379108789 6.2916531844497 6.142966531089778
1.6656320379108789 6.270508382597907 6.131250998881487
1.6656320379108789 5.957852019128573 5.212537695610938
1.6656320379108789 4.553067771717654 4.524193414379595
1.6656320379108789 4.781476458111939 4.638397757576728
1.6656320379108789 4.509814282702699 4.270688431307583
1.6656320379108789 6.543026313594851 5.455052136471178
1.6656320379108789 7.021019092328473 5.503941326105397
1.6656320379108789 4.093971300970683 4.069687908340082
1.6656320379108789 5.8992502192945935 5.07801643044318
1.6656320379108789 5.8992502192945935 5.772720757110792
1.6656320379108789 5.99412646961688 5.904352162641897
1.6656320379108789 5.8992502192945935 5.560146302720268
1.6656320379108789 6.860936368326884 6.119008023315235
1.6656320379108789 7.556021512065289 6.459599743747058
1.6656320379108789 7.075780944408384 6.727511129729993
1.6656320379108789 7.075780944408384 6.585707271384745
1.6656320379108789 6.749855297015701 6.604503213073458
1.6656320379108789 9.489646916069853 8.125300510067664
1.6656320379108789 10.021957580940445 7.985941444274038
1.6656320379108789 9.120022515067053 7.557159909929502
1.6656320379108789 11.394188170933376 8.118489851572695
1.6656320379108789 10.282371421107564 7.118744935500573
1.6656320379108789 4.001842662383037 3.318917564126131
0.8491589312289816 5.039565650850918 2.9106229549105462
0.8491589312289816 3.432818990121785 3.2484606072827797
0.8491589312289816 5.938507670775206 5.844380160452888
0.8491589312289816 5.71690341403259 5.585535487480562
0.8491589312289816 5.953027449937657 5.783926746798036
0.8491589312289816 5.9535753516232255 5.750413565459715
0.8491589312289816 5.838638130525318 5.657888228880815
0.8491589312289816 7.532139607184423 5.949015620867198
0.8491589312289816 4.289513555579511 3.7202698913363155
0.8491589312289816 5.904187819604196 3.645741357722266
0.8491589312289816 4.585934444978431 2.9997972041556356
0.8491589312289816 4.6918583305806685 4.575748550446167
0.8491589312289816 6.215483244471738 5.510786212979998
0.8491589312289816 7.71635480024643 6.897247063668918
0.8491589312289816 7.647968317425743 6.658305644546507
0.8491589312289816 11.273655200143011 10.03665889782394
0.8491589312289816 6.662556909181312 5.290855291547104
0.8491589312289816 4.35912381825441 4.139138746083652
0.8491589312289816 5.846946382852813 4.80414177920359
0.8491589312289816 6.259438777992354 4.914952656925408
0.8491589312289816 5.818916716082381 4.697225952134197
0.8491589312289816 5.978920306633945 4.470812898921917
0.8491589312289816 4.186796033595929 3.720655793421807
0.8491589312289816 6.375555527630279 6.253004623107422
0.8491589312289816 6.211197398440923 4.53154783412128
0.8491589312289816 6.360037275544435 5.851786372915821
0.8491589312289816 6.6626347982980505 6.456227253478083
0.8491589312289816 7.129497137122813 5.835147527477143
0.8491589312289816 5.552663117220565 4.300711313492333
0.8491589312289816 6.275882336963072 5.218909657937148
0.8491589312289816 5.161153884951823 4.661545431931524
0.8491589312289816 4.598886745137342 4.367958952630145
0.8491589312289816 4.481412018598668 4.135947118660766
0.8491589312289816 4.481412018598668 4.0016460991449625
0.8491589312289816 5.6216496388721175 5.243208481565272
0.8491589312289816 4.9833905302827155 4.743218417311201
0.8491589312289816 5.331296289362143 5.116001093831893
0.8491589312289816 5.481962150302547 5.360301187641602
0.8491589312289816 9.675928765992348 8.029646172430425
0.8491589312289816 11.552489100443719 8.224767154131735
0.8491589312289816 4.979655131831798 4.938350169825776
0.8491589312289816 4.979655131831798 4.725468746286108
0.5738499062918021 5.190724748535974 2.8388716692408185
0.5738499062918021 3.0142900555690173 2.849587608216563
0.5738499062918021 5.393073587984144 4.038979374424127
