1.3557554332179973 7.761209549189891 5.531086000172662
1.3557554332179973 5.69974849530773 4.900292684804513
1.3557554332179973 7.196015709699525 6.389479499738811
1.3557554332179973 8.046562622323023 7.758595039826937
1.3557554332179973 6.666850230743648 5.532724369096702
1.3557554332179973 5.197451378071868 4.919288972261321
1.3557554332179973 4.708174956924907 4.605639343697632
1.3557554332179973 5.285409285185455 4.957495582535502
1.3557554332179973 5.9932093759879415 5.304317627028716
1.3557554332179973 6.380040265115252 6.159964455080871
1.3557554332179973 6.614830383151386 6.399544804049459
1.3557554332179973 7.73405287948076 6.899424929223843
1.3557554332179973 10.587636601327114 9.660946560587211
1.3557554332179973 10.587636601327114 8.13394876678536
1.3557554332179973 5.864898555605809 5.819807124381928
1.3557554332179973 5.864898555605809 4.6315343007542005
1.3557554332179973 4.546404188357084 3.985472060802328
1.3557554332179973 4.546404188357084 4.478481069572672
1.3557554332179973 5.0609259973827285 4.730596755995241
1.3557554332179973 5.0609259973827285 4.990879082296207
1.3557554332179973 6.94447951672735 5.932655841968515
1.3557554332179973 6.35450855758846 5.832438820723186
1.3557554332179973 4.131151958529234 3.408659234184764
1.3557554332179973 6.406752199562078 6.242063553080498
1.3557554332179973 9.220585646324475 7.036020272987278
1.3557554332179973 6.52499235786852 4.874526336094221
1.3557554332179973 5.6916201739906 5.597211016173304
1.3557554332179973 5.093087792317242 4.20363746675267
1.3557554332179973 6.527653113047304 5.752301710595531
1.3557554332179973 5.419165870411252 5.374779318397385
1.3557554332179973 5.923136197317241 4.945613663538335
1.3557554332179973 5.9733776304060555 5.252724455596041
1.3557554332179973 6.332605213544841 5.116684094220617
1.3557554332179973 4.4322259477457315 3.9977988262781174
1.3557554332179973 6.2879440452555535 5.114481522900426
1.3557554332179973 6.382395076169221 4.010822127878383
1.3557554332179973 3.6097771694369922 2.9604127399347986
1.3557554332179973 5.877018993382887 4.652252165232824
1.3557554332179973 7.655597048004379 5.988749295837184
1.3557554332179973 4.932444871122577 4.621673110062676
1.3557554332179973 5.060183458522111 4.6764127122258845
1.3557554332179973 4.2231099933181575 3.9033795895095507
1.3557554332179973 5.699716707383182 4.647504083706217
1.3557554332179973 8.965030598988516 7.599436501512659
1.3557554332179973 3.6196407336625325 3.4315477032846102
0.009924508049963254 2.951224623192893 1.4940328748731113
0.009924508049963254 6.423872025452312 5.6055014686746425
0.009924508049963254 5.48494037237818 5.414600492947597
0.009924508049963254 5.387784939109544 2.9463431605340444
0.009924508049963254 5.661825096406432 5.586061856088078
0.009924508049963254 5.645084597245507 4.089995517732152
0.009924508049963254 0.009924508049963254 0.009924508049963254
0.009924508049963254 5.592062749922455 2.7451722465674866
0.009924508049963254 4.8865847468926695 3.8266632711340276
0.009924508049963254 3.4795144488589433 1.8903574347549281
0.009924508049963254 5.681464291112086 3.0224215781754173
0.009924508049963254 5.34640176785798 2.964137886438698
0.009924508049963254 0.009924508049963254 0.009924508049963254
0.009924508049963254 6.430088221833458 6.201124811125685
0.009924508049963254 6.517967396132683 6.445266975281842
0.009924508049963254 1.7713849141258184 0.873040107027132
0.009924508049963254 0.21144038157262246 0.11068244481129258
0.009924508049963254 3.2412024162492448 1.6255634621496073
0.009924508049963254 5.64839272917332 3.142494115079194
0.009924508049963254 7.655731339923218 3.7563698556678555
0.009924508049963254 0.009924508049963254 0.009924508049963254
0.004163899618181421 0.009924508049963254 0.007101809918390156
0.004163899618181421 5.537105319134504 4.1191295012511135
0.004163899618181421 4.6965212915766195 4.128379234510495
0.004163899618181421 7.5349328706383005 5.948893164390832
0.004163899618181421 3.8224400267361784 3.183562921656937
0.004163899618181421 0.004163899618181421 0.004163899618181421
0.004163899618181421 3.912620213747559 3.3065055496416984
0.004163899618181421 0.8010051096594464 0.3946160925384016
0.004163899618181421 1.964857263314443 1.0847574983505661
0.004163899618181421 5.632464193747989 2.8183140466830836
0.004163899618181421 7.664025038942036 3.834094469280109
0.004163899618181421 6.628164621129887 3.3161642603740322
0.004163899618181421 0.004163899618181421 0.004163899618181421
0.004163899618181421 5.60571460294128 5.441000360939582
0.004163899618181421 5.045406229905353 2.474372641458898
0.004163899618181421 6.66152306486299 4.6764767379410275
0.004163899618181421 3.229101955900689 1.6166329277594358
0.004163899618181421 4.890057383845214 3.516862258147901
0.004163899618181421 6.798651379660983 3.3334627648391564
0.004163899618181421 6.326413849792605 5.657294573974557
0.004163899618181421 5.710973356147804 4.823476809588163
0.004163899618181421 0.004163899618181421 0.004163899618181421
0.004163899618181421 3.7627095465905787 1.845851266634657
0.004163899618181421 0.8324813642780993 0.41003945730154157
0.004163899618181421 5.101838319659677 4.073455485304132
0.004163899618181421 6.18948222683499 3.0968230632265845
0.004163899618181421 2.0635041798296787 1.0338340397239294
0.004163899618181421 4.010168230515941 2.219915170566176
0.004163899618181421 5.832698417819056 2.9503828611087886
0.004163899618181421 5.516451427452971 2.786867811942554
0.004163899618181421 6.664911349618038 5.726061171442914
0.004163899618181421 5.613246561367564 2.8087052304928743
0.004163899618181421 5.012808156829998 3.8081038201997734
0.004163899618181421 6.85286142218958 5.669942796492349
