2.1645952019920007 7.776486463045435 5.624967819590421
2.1645952019920007 6.129971110234621 6.007074580388338
2.1645952019920007 7.585349524130859 6.879195659396475
2.1645952019920007 6.49549607651327 6.347307862017954
2.1645952019920007 5.5450901351739965 4.694905739267682
2.1645952019920007 3.9123312420249907 3.2968615872698814
2.1645952019920007 5.6602127616463065 4.664812173456581
2.1645952019920007 5.621085794159111 5.5851331383322
2.1645952019920007 6.502980974437005 6.020052855241922
2.1645952019920007 6.905600120180374 6.714522125601374
2.1645952019920007 7.597060361315059 6.051765452510816
2.1645952019920007 10.260526553524933 9.219850824342918
2.1645952019920007 8.63521509322432 6.282167380465873
2.1645952019920007 10.09092309552997 7.781437173822488
2.1645952019920007 3.2509038821464284 3.1654134722631455
2.1645952019920007 6.519571018807131 4.802791899808884
2.1645952019920007 4.585824893602375 3.8045904442591323
2.1645952019920007 4.7104347656308505 3.8820358233219157
2.1645952019920007 4.249358024833757 3.99863209834699
2.1645952019920007 4.249358024833757 3.7047358921997517
2.1645952019920007 4.98679237709581 4.083928558418888
2.1645952019920007 4.938858407773996 4.066762300991631
2.1645952019920007 4.760332281166377 4.6418998671366865
2.1645952019920007 4.760332281166377 4.6079366031070235
2.1645952019920007 4.760332281166377 4.734374910374628
2.1645952019920007 6.261637536382402 5.307916557991864
2.1645952019920007 6.261637536382402 4.618720715091602
2.1645952019920007 4.886476438560614 4.578590216094009
2.1645952019920007 5.598455835937916 4.351756101914675
1.1938502435804534 7.479166716641949 4.283362764964702
1.1938502435804534 6.971713085471006 5.034294817498881
1.1938502435804534 6.279888872486406 4.4681986376817315
1.1938502435804534 2.686358569393317 2.6714334861351903
1.1938502435804534 6.436646579063638 4.923369743932897
1.1938502435804534 9.246605465566317 8.40621993286407
1.1938502435804534 8.472039594451369 8.014214866205446
1.1938502435804534 7.701953924976943 7.636872888162964
1.1938502435804534 7.701953924976943 7.555951854520267
1.1938502435804534 7.540111857691544 6.718896902402031
1.1938502435804534 7.58850394172558 6.426688936595065
1.1938502435804534 7.58850394172558 7.524557404744127
1.1938502435804534 7.58850394172558 7.524557404744127
1.1938502435804534 7.58850394172558 7.040326801563228
1.1938502435804534 7.353094120528748 6.735787197425599
1.1938502435804534 7.525171512880867 6.8329401832883345
1.1938502435804534 6.241665151861412 6.191187002778602
1.1938502435804534 6.241665151861412 6.133599425849602
1.1938502435804534 6.14823401308297 5.279167553249224
1.1938502435804534 6.323406009566352 5.220583105114509
1.1938502435804534 4.554293463603116 4.336026832132896
1.1938502435804534 6.2809528852309064 5.151108676340325
1.1938502435804534 4.078966798549104 4.050115632999427
1.1938502435804534 4.078966798549104 4.050115632999427
1.1938502435804534 5.5081640653951816 5.373905073817869
1.1938502435804534 5.322213344254035 4.64543030756186
1.1938502435804534 6.280386574352843 4.9688861745781745
1.1938502435804534 6.3453452142944755 4.938887420257048
1.1938502435804534 7.1862612062678615 5.901543074338199
1.1938502435804534 6.377212286328579 5.580461444447253
1.1938502435804534 7.62153256036275 7.0351201917364135
1.1938502435804534 9.618882646520378 7.84122633958493
1.1938502435804534 9.618882646520378 9.09685075292471
1.1938502435804534 9.60597194739407 8.597377256816317
1.1938502435804534 7.799873876164421 7.574447432959175
1.1938502435804534 7.48114146240561 6.8222513317233515
1.1938502435804534 5.407516829412053 4.532733376788135
1.1938502435804534 5.512033054457458 4.807677027103025
1.1938502435804534 4.710511058194744 4.544138622273781
1.1938502435804534 6.248570163864965 6.1304124939517495
1.1938502435804534 4.987361656830551 4.064708854098572
1.1938502435804534 6.634172673456369 5.756363940844704
1.1938502435804534 7.360125762723957 6.1755293177030195
1.1938502435804534 6.192125111778907 5.737865619755476
1.1938502435804534 7.216296540527271 6.236044279397491
1.1938502435804534 10.163192193292565 9.86897113724815
1.1938502435804534 9.745788853400114 8.410758990033813
1.1938502435804534 7.567187011244236 7.321458068955873
1.1938502435804534 6.6403495142077205 6.318980649828405
1.1938502435804534 6.286320804511654 5.991027579793191
1.1938502435804534 4.099322736846624 3.7376494650721925
1.1938502435804534 4.587798591443331 4.163084248612848
1.1938502435804534 5.3336614149895105 4.804573273376326
1.1938502435804534 6.640653900327035 6.418088267335917
1.1938502435804534 5.347584530908307 5.247425577859028
1.1938502435804534 5.3670657767673475 5.302819668984313
1.1938502435804534 5.3670657767673475 5.325333621435469
1.1938502435804534 5.3670657767673475 5.141500946844644
1.1938502435804534 6.322207265709345 5.622748344807459
1.1938502435804534 6.390056326226805 4.557298333493644
1.1938502435804534 5.679784722246744 4.202162531503615
1.1938502435804534 6.22478107735737 4.439970687427077
1.1938502435804534 4.3238199120992675 4.099869598567774
1.1938502435804534 4.314042667959619 3.4432891157137986
1.1938502435804534 5.511147753445545 4.839417084321246
1.1938502435804534 4.254032365394245 3.5867416564242585
1.1938502435804534 4.389683829975478 3.7444720700599317
1.1938502435804534 6.51980140473573 3.8807153284697606
1.1938502435804534 3.4024655856225086 3.2259866295834256
1.1938502435804534 4.546215895212303 4.463904436300777
1.1938502435804534 4.546215895212303 4.512692238695982
