2.4544262458393793 7.750745755585546 5.425941982930814
2.4544262458393793 3.451413382944765 3.3735445350931133
2.4544262458393793 5.703046921946893 4.622590858570978
2.4544262458393793 5.703046921946893 4.40686844381077
2.4544262458393793 5.878897753681176 5.634199448301124
2.4544262458393793 5.4494006306166085 5.4194508867688285
2.4544262458393793 7.537520293743835 6.463510718332451
2.4544262458393793 8.374048813093532 6.34316965899954
2.4544262458393793 8.375358299553936 8.315494235786574
2.4544262458393793 8.375358299553936 8.316148979016774
2.4544262458393793 8.375358299553936 6.410261703298664
2.4544262458393793 7.649310181193178 7.34980521062263
2.4544262458393793 7.649310181193178 7.597097387231788
2.4544262458393793 8.446446891448236 7.319707476171507
2.4544262458393793 9.399309003428847 7.846266755413366
2.4544262458393793 8.892317591223742 8.515532216505296
2.4544262458393793 9.911057821255397 7.004112901490967
2.4544262458393793 10.738869317451815 10.410413155275227
2.4544262458393793 10.563060662824718 9.078626948486233
2.4544262458393793 8.580976680275388 6.305923129241916
2.4544262458393793 10.211505160045917 8.735926247546232
2.4544262458393793 7.474153400787618 6.817124027791333
2.4544262458393793 9.266213395563593 7.886355103639497
2.4544262458393793 5.244970512073564 4.467156226782929
2.4544262458393793 6.974957237434616 5.120144474998758
2.4544262458393793 5.773637178335758 4.555676594499725
2.4544262458393793 4.66403714865465 4.395277990163816
2.4544262458393793 6.258084212954078 4.992161376126206
2.4544262458393793 6.258084212954078 5.945123813782061
2.4544262458393793 6.523627581586453 6.350163883912796
2.4544262458393793 8.776832585273944 7.538297236805745
2.4544262458393793 7.634529544382447 6.327619345260847
2.4544262458393793 5.1243112121100935 4.732422962779455
2.4544262458393793 4.119558932880235 4.061493315516818
2.4544262458393793 4.95438655047786 4.00856450976899
1.1908961143069203 3.3058951728779573 2.239880954322056
1.1908961143069203 3.744117409193152 3.429872321615794
1.1908961143069203 3.3621859012679143 3.1089188438515687
1.1908961143069203 5.32432201556912 4.065639944766372
1.1908961143069203 3.0944586553454454 2.975055220890332
1.1908961143069203 2.9940719813492405 2.832348806720392
1.1908961143069203 4.97106320681306 3.807002638055734
1.1908961143069203 6.838945020445635 6.526836919473161
1.1908961143069203 6.3276897966234635 5.900577519519178
1.1908961143069203 6.658258687890555 6.467377879807018
1.1908961143069203 6.530005088741479 6.40597522387943
1.1908961143069203 6.529750980453159 6.0923008359445285
1.1908961143069203 7.4541156852247425 6.994904554569766
1.1908961143069203 7.4541156852247425 7.391483489515576
1.1908961143069203 7.4541156852247425 5.608067069160188
1.1908961143069203 6.5469339429332045 5.163548015437337
1.1908961143069203 5.903406468270852 5.703701734760171
1.1908961143069203 5.801851297276524 5.715161248999051
1.1908961143069203 7.514239568007918 6.594811998105206
1.1908961143069203 7.109462514211698 6.532887311201308
1.1908961143069203 6.372994633620969 5.770169393119647
1.1908961143069203 5.2709861230046045 5.230185222917628
1.1908961143069203 6.904129723469987 6.395188570738806
1.1908961143069203 7.483900022813801 6.67251739163367
1.1908961143069203 6.141203485107525 6.040950117336052
1.1908961143069203 3.883612300969166 3.5273403498734632
1.1908961143069203 6.128639477277478 4.649853938027621
1.1908961143069203 8.18896215254002 7.380696919224874
1.1908961143069203 4.447523305109922 4.362868847328784
1.1908961143069203 4.462093790697121 4.426890860765864
1.1908961143069203 6.637718496958136 6.5321688056471645
1.1908961143069203 6.535555561989238 6.332195180202387
1.1908961143069203 6.232245213795352 6.177496727529823
1.1908961143069203 7.354743061957965 6.705628449672068
1.1908961143069203 6.906470244864131 5.516056201092344
1.1908961143069203 7.725460390481057 6.103054746749966
1.1908961143069203 4.030261382501401 3.4484020344101793
1.1908961143069203 7.756086379327218 5.864780228232366
1.1908961143069203 7.761634544355649 6.924413978858719
1.1908961143069203 5.978597123858133 5.056258992917134
1.1908961143069203 3.9039433919521547 3.84126133338112
1.1908961143069203 3.9039433919521547 3.4668428117146353
1.1908961143069203 4.539752449498597 4.424878524008904
1.1908961143069203 6.274272861214104 6.13188853219557
1.1908961143069203 6.543476850755159 6.466363929711713
1.1908961143069203 3.731527590267064 3.3303825599862926
1.1908961143069203 4.604440116300452 3.81216794148618
1.1908961143069203 5.6704220753975285 5.261854726437405
1.1908961143069203 6.547250290697374 6.386231720467174
1.1908961143069203 6.547250290697374 6.406766043463863
1.1908961143069203 7.585868622852102 7.0040446584532186
1.1908961143069203 6.337194056884858 4.943530235968471
1.1908961143069203 6.337194056884858 5.817533686941963
1.1908961143069203 5.40943381961862 4.709093371612957
1.1908961143069203 6.362725142816441 5.184715480550161
1.1908961143069203 8.30599971332983 6.583852786529576
1.1908961143069203 5.870248011203639 5.785341341308406
1.1908961143069203 6.46821282067982 6.116457248877995
1.1908961143069203 5.936701322859118 5.784679340086026
1.1908961143069203 6.009707084372884 5.828238620135594
1.1908961143069203 6.247047345473639 3.9057364086454407
1.1908961143069203 3.1098465005035156 2.368507994610087
1.1908961143069203 6.06140741741282 5.863171632181146
1.1908961143069203 5.902550213581783 5.164481223308583
1.1908961143069203 4.560402242605235 4.112761746945092
