3.5827390745219536 7.589435892151984 5.791132511666672
3.5827390745219536 6.933533864465868 6.4563434898402345
3.5827390745219536 6.933533864465868 6.115147742604053
5.731771426727214 8.88254612895343 5.70548517428853
3.529964383537138 8.88254612895343 5.1128453089654515
3.52598119450639 5.731771426727214 3.867163489731866
3.52598119450639 5.731771426727214 4.335240114342837
3.52598119450639 6.481074019531182 5.31573775682652
3.52598119450639 6.481074019531182 5.284923018365744
3.52598119450639 6.0158606009214886 5.097942295711088
3.52598119450639 6.0158606009214886 4.7470739916578975
3.249250463152681 6.0158606009214886 4.131948627677269
3.249250463152681 6.0158606009214886 4.119430144461432
2.9569576128875856 4.422375514335599 3.306727937499407
2.9569576128875856 6.375413097330991 4.729574762148578
2.9569576128875856 6.445422601001855 4.377568621109576
2.9569576128875856 4.5689484630879456 3.1773577660986785
2.9569576128875856 3.290494825347999 3.0829428339272646
2.8108683888211066 3.214569211496926 2.899141492633294
2.8108683888211066 6.10536972247759 4.250342580243844
2.8108683888211066 6.10536972247759 4.571596936230577
2.8108683888211066 6.10536972247759 4.088226341203495
2.8108683888211066 4.5598602925843394 4.20724227282137
2.6848352263176847 4.414789414897278 3.8683826441464957
2.6848352263176847 4.414789414897278 3.280423615058811
