4.761342295672417 7.70089801031472 5.646547446292299
4.761342295672417 6.396105004931883 4.011301983611454
2.144670241729074 6.396105004931883 3.695040143549621
2.144670241729074 5.465772537700769 2.8007189860730084
2.144670241729074 3.2071638096624153 2.306809852689872
2.144670241729074 2.144670241729074 2.144670241729074
2.144670241729074 2.144670241729074 2.144670241729074
2.144670241729074 2.144670241729074 2.144670241729074
2.144670241729074 2.144670241729074 2.144670241729074
2.144670241729074 2.144670241729074 2.144670241729074
2.144670241729074 2.144670241729074 2.144670241729074
2.144670241729074 5.8432302609490065 3.1404364007498247
2.144670241729074 2.144670241729074 2.144670241729074
2.144670241729074 2.144670241729074 2.144670241729074
2.144670241729074 3.1257295943567738 2.4088016058980704
0.7178501323215909 5.672077154931653 2.765090539266503
0.7178501323215909 2.618332949513903 2.1498766954979063
0.7178501323215909 2.618332949513903 1.7587628431684028
0.7178501323215909 2.8161953482245115 2.050155222042979
0.7178501323215909 2.8161953482245115 1.7231285200064692
0.7178501323215909 6.008244118419636 4.145767836638973
0.7178501323215909 6.0159951462411705 4.148128414813927
0.7178501323215909 6.0159951462411705 3.1387083346250404
0.7178501323215909 7.595888786878504 3.8030320537470295
0.7178501323215909 7.595888786878504 3.498661067001686
