2.6958042637071142 7.763407124360617 5.680566812627905
2.6958042637071142 7.763407124360617 4.052499274421383
2.6958042637071142 5.697398424550784 3.3035036933119817
2.6958042637071142 5.697398424550784 3.412334015898482
2.6958042637071142 5.697398424550784 3.2757733956063535
2.6958042637071142 3.2447862304587756 3.2025568484009566
2.6958042637071142 3.2447862304587756 3.2025568484009557
2.6958042637071142 3.2447862304587756 3.1063002051575834
2.6958042637071142 3.526912234639241 3.1255329999370707
2.6958042637071142 3.63861078965012 3.573322449033181
2.6958042637071142 3.63861078965012 3.4814218986143337
2.6958042637071142 3.647839990449111 3.5621839722479556
2.6958042637071142 3.647839990449111 3.6055082835944976
2.6958042637071142 3.647839990449111 3.6086354508392597
2.6958042637071142 3.647839990449111 3.611223231728267
2.6958042637071142 3.647839990449111 3.611223231728267
2.6958042637071142 3.647839990449111 3.611223231728267
2.6958042637071142 4.587862378459079 3.8643061823463345
2.6958042637071142 4.596507862714628 4.07832445535775
2.6958042637071142 4.596507862714628 4.153284774466595
2.6958042637071142 4.587862378459079 3.6821464917214914
2.6958042637071142 5.531736503047334 4.068465023313943
2.6958042637071142 5.531736503047334 5.049407323609098
2.6958042637071142 5.531736503047334 4.989060181171018
2.6958042637071142 5.531736503047334 4.877290601661132
