2.108292142024894 7.769710137685065 5.28770474903084
2.108292142024894 7.720291880809301 4.637051570304901
2.108292142024894 6.5453429254464055 3.9833013667867285
3.4653167025358695 3.4519032728587686 2.506072388137391
3.4653167025358695 2.8893040048142606 2.259638687675288
1.8914857502077536 3.4653167025358695 2.58368234860944
1.8914857502077536 3.4653167025358695 2.7992241213592237
1.8914857502077536 3.4653167025358695 2.826732814914952
1.8914857502077536 3.4653167025358695 2.796325463810496
1.8914857502077536 2.8893040048142606 2.774171129282742
1.8914857502077536 5.512530519010678 3.619695374212659
1.8914857502077536 5.512530519010678 2.9134420819290083
1.8914857502077536 2.8893040048142606 2.8509263796370883
1.8914857502077536 2.8893040048142606 2.774171129282742
1.8914857502077536 5.971159448659641 3.947358586310762
1.8914857502077536 5.971159448659641 5.20018275242151
2.510247404890024 5.85262232809788 3.784552663818948
1.863807339972713 5.6019862892838646 3.1049575530921554
1.863807339972713 3.455813927318957 3.0639234152190005
2.510247404890024 3.455813927318957 2.1645976580445203
1.863807339972713 3.455813927318957 2.0954849444872985
1.863807339972713 5.9959209993320925 4.700554981371465
1.863807339972713 6.912598795798843 5.454489384686591
1.863807339972713 6.912598795798843 2.9369100414030664
1.863807339972713 5.71655954691504 2.0119901171628034
