2.6955235758731964 7.763293002720392 5.242538834213786
2.6955235758731964 7.786825490228335 6.191460479047849
2.6955235758731964 10.063898673909522 7.398935983103211
2.6955235758731964 10.063898673909522 8.130554384437275
2.6955235758731964 10.694458870344414 5.591321020034
2.6955235758731964 10.063898673909522 4.0332427738936625
2.6955235758731964 6.4178558038866775 3.88155989216452
2.6955235758731964 3.778322431666901 3.132377824465967
2.6955235758731964 6.47066766003185 3.924316081444087
2.613570596245897 5.934568815537315 3.076756423388375
2.613570596245897 3.1545917885773993 2.897367705464724
4.909120156475115 3.1545917885773993 3.0585118839484053
4.909120156475115 4.930929443721183 3.399604626408566
4.909120156475115 4.930929443721183 3.741713650983264
4.909120156475115 3.167972285109123 3.0790737519465425
4.909120156475115 5.055542485280355 4.004391943777483
4.909120156475115 5.63643491365292 4.128742016049295
4.909120156475115 5.63643491365292 3.9367447676113345
4.909120156475115 3.5822456210801943 3.8895820447862652
4.909120156475115 4.541504676756439 4.0686541910735565
4.909120156475115 7.09658596859779 4.984237084849661
4.909120156475115 7.09658596859779 4.4411249969284405
4.909120156475115 8.222077574212284 5.309042513361279
3.5822456210801943 8.78280206081935 5.505871075338608
3.5822456210801943 8.78280206081935 4.754572076418722
