2.1352965850332777 7.728684308005517 5.344445120310411
2.1352965850332777 6.425820786296068 4.263382869288774
2.1352965850332777 6.425820786296068 3.514948275807766
2.1352965850332777 4.402395845783911 3.984571439742641
2.1352965850332777 4.402395845783911 3.905590676448318
2.1352965850332777 4.427080069820917 3.9406402625293535
2.1352965850332777 4.530592259150655 4.223133593523454
2.1352965850332777 4.530592259150655 3.949608490950918
2.1352965850332777 4.530592259150655 4.179971543616748
2.1352965850332777 4.372767860393164 4.265178576581313
2.1352965850332777 4.372767860393164 4.196361443988961
2.1352965850332777 4.372767860393164 4.110367394535321
2.1352965850332777 4.953490523505163 3.768843297467483
2.1352965850332777 4.953490523505163 3.871596858430545
0.31829818179206315 4.953490523505163 2.2934220163688432
0.08990231279172223 4.8990400436357255 1.7251528513146874
0.08990231279172223 0.31829818179206315 0.10747122579174845
0.08990231279172223 0.31829818179206315 0.09868676929173534
3.25267792579761 0.08990231279172223 0.08990231279172223
0.08990231279172223 3.7227441118180846 1.238947661834584
0.08990231279172223 0.08990231279172223 0.08990231279172223
0.08990231279172223 0.08990231279172223 0.08990231279172223
0.08990231279172223 4.900985201153194 1.7552771587630005
0.08990231279172223 0.08990231279172223 0.08990231279172223
0.08990231279172223 0.08990231279172223 0.08990231279172223
