6.12337759002088 7.685644192289235 5.503213819620089
6.12337759002088 7.685644192289235 5.035695205818104
6.12337759002088 7.663003695193412 4.404766405785918
6.12337759002088 4.935622969646975 4.42988804199334
6.12337759002088 4.935622969646975 4.707408643404927
6.12337759002088 7.341565310448054 5.297477671182163
6.12337759002088 4.935622969646975 4.124199424658184
6.12337759002088 5.1412498176105785 4.502895654332067
6.12337759002088 5.331051578380418 4.374741854298266
6.12337759002088 5.331051578380418 4.405174248254638
6.12337759002088 6.908045462267099 4.874420919081454
6.12337759002088 6.908045462267099 4.0956792285646735
5.799532097930285 6.12337759002088 4.476159073371209
3.147817614971022 6.12337759002088 4.372325973211488
3.147817614971022 6.895802980803815 5.814614796090907
3.147817614971022 9.725804789771658 7.169647723663777
3.147817614971022 10.024699723763325 7.7330438990451436
2.854522265894009 7.275620361082902 4.895192606022069
2.854522265894009 6.17084676959486 3.7188161959931167
2.854522265894009 6.17084676959486 3.1096241507940743
2.854522265894009 2.854522265894009 2.8545222658940097
2.854522265894009 2.854522265894009 2.8545222658940097
2.854522265894009 6.587719778799801 4.407762778862395
2.854522265894009 6.587719778799801 3.4613687986208364
2.854522265894009 4.630567919875002 3.8606427966041292
