2.7671921610518493 7.769013489039498 5.041986349768096
2.7671921610518493 6.229808706260595 3.869676960813515
2.7370123209646633 4.649407536930102 3.198401811474312
6.318026984256484 3.5188651409965 3.0919071044723907
5.858040193024554 6.318026984256484 4.155310915551334
5.858040193024554 6.318026984256484 5.406826360722804
5.858040193024554 7.610909379420594 5.244097352847114
5.858040193024554 6.406421710123052 4.875016011048154
3.82705918273436 7.610909379420594 5.612756212617347
3.82705918273436 6.97112665571529 5.787432920132285
3.82705918273436 5.858040193024554 5.62369623029876
3.081419069126579 5.858040193024554 5.352753058182933
3.081419069126579 5.858040193024554 5.352753058182933
3.081419069126579 6.535180015198591 5.482972254754864
3.081419069126579 6.535180015198591 5.7438477350658745
3.081419069126579 7.3505948418148535 5.996397768687084
3.081419069126579 7.3505948418148535 6.2382106232781585
3.081419069126579 6.600957147508403 5.082546024000179
3.081419069126579 6.600957147508403 4.520060026547019
3.081419069126579 5.588820306666534 4.709347263221702
3.081419069126579 6.904096401506406 4.637846218316543
3.081419069126579 5.588820306666534 3.7125620337324885
3.081419069126579 5.588820306666534 4.441476046304475
3.081419069126579 7.705413558796003 5.418849951485011
3.081419069126579 5.465047249462767 4.481094308355494
