1.3600580316378879 7.7732735907821375 5.581347476034892
1.3600580316378879 7.770546169353715 6.6919262762535325
1.3600580316378879 8.52781069215975 7.518242111609732
1.3600580316378879 8.52781069215975 7.071492841805804
1.3600580316378879 8.52781069215975 5.706869794311823
1.3600580316378879 7.61067797775886 6.157364951143869
1.3600580316378879 7.297569152466963 3.4371086037218714
1.3600580316378879 4.486511614028984 3.1873588685814043
1.3600580316378879 4.701269464659319 3.7096646139913747
1.1950782601149368 4.701269464659319 2.809548615770449
3.390727516833199 4.701269464659319 2.654518999194812
3.390727516833199 3.6832597042198505 3.1550201351081917
0.9940715710717147 3.6832597042198505 2.997910000336931
0.9940715710717147 7.102730675288511 4.624660540759767
0.9940715710717147 7.102730675288511 4.645449616601163
3.390727516833199 6.596959231996504 1.6655589808802491
0.9484592853405123 3.5498602701953463 1.379093917456308
0.9484592853405123 6.125140192639023 5.431493609467527
0.9484592853405123 7.774675343746837 5.747547516208494
3.2054901082407565 7.949606713994186 5.188082344670281
0.9484592853405123 7.949606713994186 4.713465010433328
3.2054901082407565 6.323406974270906 5.300923969011432
3.2054901082407565 6.323406974270906 4.985471852264052
3.2054901082407565 6.114977197622622 3.575399272041752
3.2054901082407565 5.656384849500093 3.77030855304581
3.2054901082407565 4.162942382226554 2.9066002734809673
3.2054901082407565 4.162942382226554 3.164078520646943
3.2054901082407565 5.53955622652029 2.9208589930269238
3.2054901082407565 5.53955622652029 4.526667177790417
3.2054901082407565 6.6605149638631005 5.280684102525824
3.2054901082407565 8.360719844414799 6.294364062190715
3.2054901082407565 8.360719844414799 6.343855771980206
3.2054901082407565 9.195678978295613 8.186932007009364
3.2054901082407565 9.195678978295613 8.393702922452741
3.2054901082407565 9.195678978295613 6.168864467692481
3.2054901082407565 6.642132042221409 5.490224064545264
3.2054901082407565 7.3883469186040145 5.620279463363307
3.2054901082407565 7.3883469186040145 4.04822134849094
2.208040572072403 7.3883469186040145 4.0744352653934275
4.532238669031926 6.251527205788928 3.654024255659954
4.532238669031926 6.251527205788928 3.901097638417295
3.9983533872762327 6.251527205788928 5.518614707760966
3.9983533872762327 6.533587443040542 5.645725100567368
3.9983533872762327 6.480071165741158 5.689175267966687
3.9983533872762327 6.480071165741158 5.907366022972339
3.9983533872762327 7.624333175804246 6.783474624513712
3.9983533872762327 7.6862813843023705 7.3799734598517865
3.9983533872762327 7.6862813843023705 6.5833251239174215
3.9983533872762327 7.6862813843023705 6.862588897196053
3.9983533872762327 7.644124273975436 5.996968609949721
3.9983533872762327 7.579528671647491 6.339700276842088
3.9983533872762327 7.5282840359609295 6.527919847402156
3.9983533872762327 7.5282840359609295 6.174642741896131
3.9983533872762327 6.366916086279428 6.006858473266313
3.9983533872762327 8.101641651854898 7.605322812360392
3.9983533872762327 8.807006094524878 8.37150997789189
3.6140488938351827 8.807006094524878 6.271691188677616
3.456059496435689 8.807006094524878 3.701902168974088
3.456059496435689 3.6253743506699405 3.607488437038074
3.456059496435689 3.6253743506699405 3.549520853355059
2.6671841070905598 3.6253743506699405 3.214216486046737
2.580682594314443 3.6253743506699405 3.5462178787554057
2.580682594314443 7.571624624881245 5.169262923486185
2.580682594314443 7.876267874258884 5.647383928827636
2.580682594314443 7.876267874258884 4.347026356467779
2.580682594314443 7.876267874258884 6.452799081932553
2.580682594314443 7.876267874258884 6.394271389488922
2.580682594314443 7.019093815836625 5.068973852650803
2.580682594314443 6.631720224529758 3.558007875379875
2.580682594314443 5.649120668701094 4.149139160945935
2.580682594314443 5.649120668701094 3.408846336174956
2.580682594314443 5.654208752497176 4.102841323095548
2.580682594314443 6.5879245997631095 4.744280866713296
2.3509045824605335 6.635414060091527 4.398271328225414
0.4203486852238112 6.635414060091527 2.5117228378427154
0.4203486852238112 4.809336743058047 2.2795734731322246
0.4203486852238112 4.809336743058047 0.5520183269588389
3.2524052568246558 0.4203486852238112 0.4203486852238117
5.719879505696145 3.2524052568246558 1.7342036615119778
0.4203486852238112 5.034518393073078 4.155677976756752
5.719879505696145 5.034518393073078 3.76798086071918
3.2482701834475667 5.034518393073078 0.6222803726550878
0.4203486852238112 5.719879505696145 0.8055683296958831
0.4203486852238112 7.31848304482155 6.101914685091091
0.4203486852238112 9.699930884319773 6.165492115876771
0.4203486852238112 9.699930884319773 2.643567505653624
0.4203486852238112 5.87541305537513 3.46047107638887
5.670079585592678 5.87541305537513 4.0011599308539045
5.670079585592678 5.87541305537513 3.3897506556698973
5.670079585592678 4.949033012912583 3.1202762143706746
5.670079585592678 4.606286912548921 3.324825709980244
5.670079585592678 5.721719944039858 4.55427883127394
5.670079585592678 7.968740159126481 4.729988580995294
5.670079585592678 4.181415330683137 3.4915732074945227
0.4203486852238112 6.225854410461341 3.569197728445766
0.4203486852238112 6.225854410461341 3.0310012680949825
0.4203486852238112 4.956555440275018 1.733026497765597
0.4203486852238112 5.164183113853582 4.340727865331801
0.4203486852238112 5.164183113853582 3.056271549483971
0.4203486852238112 5.164183113853582 2.7694115283960543
