2.654935997529144 7.570412483030289 5.467626999136631
2.654935997529144 7.3768860321679455 5.361921791728579
2.654935997529144 6.247676976911318 5.113666171343893
2.654935997529144 6.247676976911318 4.215351034381738
2.654935997529144 7.734072373026217 6.567688759585902
2.654935997529144 7.734072373026217 4.041627020025783
2.654935997529144 7.734072373026217 4.711476389308788
2.654935997529144 7.988048680605514 5.870728910009751
2.654935997529144 6.6510703560998365 4.694840424225495
2.654935997529144 4.662316899881329 4.48688710816266
2.654935997529144 5.993535300514981 5.069388215105261
2.654935997529144 5.993535300514981 4.438838362514535
2.654935997529144 8.32391816636241 7.121056569041209
2.654935997529144 8.32391816636241 6.922014067021205
2.654935997529144 9.130988954839934 6.2916656870931975
2.654935997529144 9.130988954839934 5.107073831299358
2.654935997529144 9.130988954839934 3.5700018389707098
2.654935997529144 3.8740359463691587 3.804286321734985
2.654935997529144 6.913461222806264 5.071221147710204
2.654935997529144 6.913461222806264 4.798528237037725
2.654935997529144 6.913461222806264 5.917671210212797
2.654935997529144 6.549712198047615 6.3806793531411925
2.654935997529144 7.553575446718622 6.050012944437843
2.654935997529144 7.553575446718622 4.81974937424354
2.654935997529144 7.553575446718622 4.826609354595992
2.654935997529144 7.087769745844122 5.595038839603746
2.654935997529144 7.087769745844122 6.166170786901116
2.654935997529144 7.087769745844122 5.033626413253596
2.654935997529144 6.223033748678191 4.0568186808704585
2.654935997529144 6.223033748678191 4.851176202308099
2.654935997529144 6.201295455603574 4.841700096839719
2.654935997529144 6.201295455603574 4.383491707230644
2.654935997529144 6.201295455603574 4.637325112854595
2.654935997529144 5.716552847260907 4.903637653313477
2.654935997529144 6.371152636568567 5.424805831368157
2.654935997529144 7.165036963527921 6.328352588247969
2.654935997529144 7.496194441082768 6.6776031013830774
2.654935997529144 9.22109597085345 7.7279292467677685
2.654935997529144 11.095911316024807 7.428548350813858
2.654935997529144 8.543604870062248 5.6535693294623455
2.654935997529144 8.543604870062248 4.329760206688918
2.654935997529144 6.868438963554423 6.138383137827834
2.654935997529144 7.589608421472148 6.501426976261055
2.654935997529144 7.589608421472148 6.230227366813587
2.654935997529144 7.589608421472148 6.060720715051141
2.654935997529144 7.291117128337504 5.9213714354249145
2.654935997529144 10.188280619691191 7.180594558755647
2.654935997529144 10.188280619691191 5.39214898270292
2.654935997529144 6.674939793721478 5.73636026712532
2.654935997529144 6.674939793721478 5.4075872442391
2.654935997529144 5.850838714687974 5.0496741113782715
1.480296258949228 7.4973349832142855 4.504441558563079
1.480296258949228 7.642928523155053 4.312195229685093
1.480296258949228 7.642928523155053 3.461866231707924
1.480296258949228 3.88748514184497 2.720812946347829
3.6471867147902377 5.726807727379136 4.209753235250066
3.6471867147902377 8.079975446399072 5.224375111726056
3.6471867147902377 6.1579679363398725 5.073710997394763
3.6471867147902377 7.649377116244212 4.25033406011228
3.6471867147902377 7.649377116244212 5.641044162012013
3.6471867147902377 6.473945110482834 4.935921594570692
3.6471867147902377 6.546148205555944 5.8629684217665945
3.2841590411650654 6.546148205555944 4.826017392244117
3.2841590411650654 7.135159158657235 5.145203129100619
5.582639140293331 7.135159158657235 4.842686737747732
5.582639140293331 7.135159158657235 5.912636766279636
5.582639140293331 6.670386714757303 5.460494855689091
2.690250339335116 7.165028399884342 5.9835501012024315
2.690250339335116 7.165028399884342 5.685045196484119
2.690250339335116 8.870146216458792 7.462037896394929
2.690250339335116 5.402865659841002 7.427598283019491
2.690250339335116 8.462869906735708 6.370801810354979
2.690250339335116 8.462869906735708 5.29838769034642
2.690250339335116 8.018489033825205 4.575346800480838
2.690250339335116 13.397900808793182 10.68092408629866
2.690250339335116 13.397900808793182 5.640978461997569
2.690250339335116 6.683017018965256 5.097757674564317
2.690250339335116 6.683017018965256 4.676268712292079
2.690250339335116 7.303519062574299 5.507383138155154
2.690250339335116 8.500993763762581 5.974225343153068
2.690250339335116 8.500993763762581 7.074482179652136
2.690250339335116 9.10740210776276 8.23068200801499
2.690250339335116 9.265132848294886 8.818029931959865
2.690250339335116 9.265132848294886 7.014442636925757
2.690250339335116 9.265132848294886 7.010467066634931
2.690250339335116 8.378562054620293 6.436596776632132
2.690250339335116 9.241962842816514 7.068966468196164
2.690250339335116 9.241962842816514 6.476948935735172
2.690250339335116 9.241962842816514 5.856388130550613
2.690250339335116 7.586103983936887 5.993537771890657
2.690250339335116 7.691280447392318 6.799515421112816
2.690250339335116 7.691280447392318 6.792806178627486
2.690250339335116 7.9370046329016635 7.695698341807909
2.690250339335116 7.984341536999297 5.996467135674418
2.690250339335116 7.984341536999297 3.8656988889588098
0.8909686449273875 3.3841765006021487 1.922757260889003
0.8909686449273875 5.764812747690762 4.168484216974543
0.8909686449273875 5.764812747690762 2.5518698706066085
0.8909686449273875 3.753888717879026 1.5715147601582442
0.8909686449273875 4.477379590802535 2.7928816212336813
