2.609139884951649 7.759773023019093 5.524469951695473
2.609139884951649 6.8855832523871285 6.077819673203566
2.609139884951649 7.71756102589206 5.795614473377478
2.609139884951649 7.71756102589206 5.436109322013866
2.609139884951649 7.691961525924459 5.455348969297559
2.609139884951649 6.440308030698276 6.1883611743902724
2.609139884951649 7.398188579720312 6.331448463248361
2.609139884951649 7.398188579720312 6.1236411004409055
2.609139884951649 7.377871646445753 6.5551937856877895
2.609139884951649 7.680528666422621 6.558791767036282
2.609139884951649 8.37031842776931 6.320620897984131
2.609139884951649 8.37031842776931 4.700278067595724
2.609139884951649 8.37031842776931 5.721466955953177
2.609139884951649 6.667905529029824 4.7017299662396175
2.609139884951649 6.374596696322698 5.302161314039884
2.609139884951649 7.663606731573482 6.407982781232502
2.609139884951649 7.663606731573482 6.053040015047788
2.609139884951649 7.663606731573482 5.581112583858161
2.609139884951649 6.638221288130346 5.1077175234260075
2.609139884951649 6.638221288130346 4.071147512737407
2.609139884951649 5.262680309943903 4.817142060708778
1.647990313121817 5.262680309943903 3.666619309642059
5.583006191998042 5.237508999437072 2.349148845772219
1.647990313121817 5.583006191998042 3.8232781454687266
1.647990313121817 4.733862110586152 4.488875681745917
1.647990313121817 4.733862110586152 4.246988551799519
1.647990313121817 5.967176138636809 4.360348274646544
1.647990313121817 5.967176138636809 3.9371373524345525
1.647990313121817 5.967176138636809 4.313688006628774
1.647990313121817 6.263917076307287 4.606319685725273
1.647990313121817 6.263917076307287 3.934132672590039
1.647990313121817 6.661673685213028 6.258253326852394
1.647990313121817 8.185295088259402 7.535604696620911
1.647990313121817 8.185295088259402 6.469760990703538
1.647990313121817 8.00914996616777 3.8727652456308106
1.647990313121817 8.00914996616777 4.064814847903837
1.647990313121817 5.531620594525865 2.9323084204124554
1.647990313121817 4.354995684552062 2.918988225124662
1.647990313121817 4.675224854670972 2.929416333518869
1.647990313121817 4.675224854670972 2.8094125475396834
1.647990313121817 5.760982777994567 4.059913947669782
1.647990313121817 5.760982777994567 3.596508237553889
1.647990313121817 4.44673855084465 2.759652859581949
1.647990313121817 3.296870556675373 2.8565993903179656
1.647990313121817 6.662440343979853 4.671278232829844
1.647990313121817 6.662440343979853 4.120292567732537
1.647990313121817 6.662440343979853 2.9921614150186957
1.647990313121817 4.6237398608608125 3.692657126944575
1.647990313121817 1.0611696262053703 4.678034013704374
1.647990313121817 6.393179284114975 4.718057366400654
2.53152028825679 4.764625328355905 4.425636217885077
2.53152028825679 6.254767521088631 5.8709490411777665
2.53152028825679 6.254767521088631 5.93283242224723
2.53152028825679 8.657474661737778 6.997544913973273
2.53152028825679 8.657474661737778 5.4753532990770255
2.53152028825679 6.273678021466427 5.175860379283518
2.53152028825679 6.273678021466427 5.198464480730539
2.53152028825679 6.105476551045342 5.081748673804998
2.53152028825679 6.5755443280515955 4.970687868086795
2.53152028825679 7.360024529225571 6.65425673979805
2.53152028825679 10.170105374146148 7.103886351273882
2.53152028825679 10.170105374146148 5.084542346445314
2.53152028825679 4.761665591952376 4.717062685878455
2.53152028825679 4.793377143266174 4.073799558796917
2.53152028825679 6.166414004795662 4.492748421692114
2.53152028825679 7.292043087373081 5.320412992343922
2.53152028825679 7.292043087373081 5.100796375611547
2.53152028825679 5.855205275944822 4.5504351862833685
2.53152028825679 5.855205275944822 3.7313132290268385
2.53152028825679 5.855205275944822 4.2943136482470825
2.53152028825679 4.822097822490207 4.488290879364981
2.53152028825679 6.556237878359603 5.6570038259689035
2.53152028825679 6.590099608132785 5.034253006269703
2.53152028825679 6.8058104554326295 5.943191603864358
2.53152028825679 7.683303235922333 5.559388752820923
2.6110367630291305 7.683303235922333 2.563699714491786
0.2807357986823189 4.589950557201213 1.9279132908025098
0.2807357986823189 3.2369823164757254 1.2636376216778558
2.8043428305668106 0.5756496061438274 0.41103038761222016
0.2807357986823189 4.017995684283331 3.35252439852629
0.2807357986823189 6.457798177643568 4.702996113412378
0.2807357986823189 6.457798177643568 2.7398730433860345
0.2807357986823189 2.708908205800942 0.37683364925541396
0.2807357986823189 5.682833629311194 3.645878335040265
0.2807357986823189 5.682833629311194 1.8493526646630378
0.2807357986823189 6.625723274799814 3.6997338631438668
0.2807357986823189 5.697784220038855 1.8798122370886778
0.2807357986823189 1.6472379868932134 0.3217308643286454
2.295271503472318 3.2485102397805297 1.6595770634696039
0.2807357986823189 2.8227107698630793 1.6601422140168225
0.2807357986823189 5.205212879492461 3.5378524928529727
0.2807357986823189 5.205212879492461 3.2610540256574008
3.2550243229355265 2.872936085629132 2.6857054197212893
0.2269307662404505 3.031696270672502 1.72094496194659
0.2269307662404505 6.113071350364223 3.813697701073246
0.2269307662404505 3.6277835341453373 0.2912202294864497
2.973895258729844 1.3920275538488949 0.6696675455316597
0.2269307662404505 5.575447854912859 2.742577212312479
0.2269307662404505 3.2513136123902453 1.5274153900848655
0.2269307662404505 5.664943956295371 2.1907230396826702
