3.685524511845767 7.779764798143528 5.575816776621403
3.685524511845767 6.865337550461042 4.839257192322225
3.685524511845767 5.42201098796809 4.289219264540507
3.685524511845767 5.410863197676413 4.837537741053733
3.685524511845767 6.1360959512634 5.570062158906482
3.685524511845767 6.17361596156816 5.604797397482527
3.685524511845767 6.17361596156816 3.2384996957483088
3.685524511845767 4.025083898043615 3.6907316751676817
3.685524511845767 6.897930586545094 4.5894869962724
3.685524511845767 6.897930586545094 3.420228394845773
3.685524511845767 6.897930586545094 3.3261064388238357
3.685524511845767 6.711318904022612 4.305598814191936
3.685524511845767 9.825604052472336 6.030465332739515
3.070166921099791 9.825604052472336 3.467976797344204
3.0657642169096175 6.711318904022612 3.6555151848672303
3.0657642169096175 6.711318904022612 4.8883515740094845
3.0657642169096175 6.711318904022612 4.946522088086242
3.0657642169096175 6.129612233757673 5.635347714754511
3.0657642169096175 6.129612233757673 5.099438102106519
3.0657642169096175 6.129612233757673 4.737341481458356
3.0657642169096175 6.129612233757673 4.924262339564625
3.0657642169096175 5.719807107073894 5.067297647347831
3.0657642169096175 7.11531455860095 6.548257570374123
3.0657642169096175 7.11531455860095 5.485651933721512
3.0657642169096175 7.11531455860095 5.349432212415539
3.0657642169096175 5.475314642931423 5.444107706616024
3.0657642169096175 7.1433654777525994 6.194866802998201
3.0657642169096175 7.1433654777525994 6.082230438482525
3.0657642169096175 8.029580212871348 6.61560369240513
3.0657642169096175 8.029580212871348 7.35630864808553
3.0657642169096175 8.029580212871348 5.135614849313288
3.0657642169096175 8.029580212871348 4.766683387040083
3.0657642169096175 9.823583590041089 8.445739124485117
3.0657642169096175 9.823583590041089 7.148496981622012
3.0657642169096175 9.365606510514834 4.776971460736843
3.0657642169096175 9.365606510514834 5.752490904211908
3.0657642169096175 6.643555112780536 4.402690237061196
3.0657642169096175 6.643555112780536 5.2974229118287
3.0657642169096175 6.643555112780536 4.639696084201428
3.0657642169096175 7.517734233363628 5.802840524552336
3.0657642169096175 8.99450567111953 6.356018818152643
3.0657642169096175 9.17507118935878 6.860477824189063
3.0657642169096175 9.17507118935878 5.2398739127482985
3.0657642169096175 9.17507118935878 4.645209494065673
3.0657642169096175 6.087364815472917 4.763150001514032
3.0657642169096175 6.087364815472917 5.239410070004562
2.7397308417599473 6.087364815472917 4.257112970613736
2.7397308417599473 6.087364815472917 5.009588769747982
2.7397308417599473 8.015043066001251 5.519785832453205
2.7397308417599473 8.015043066001251 4.07953396324695
2.7397308417599473 9.090545523915038 6.371095086232433
2.7397308417599473 9.090545523915038 4.912714954582108
2.7397308417599473 6.406966430187488 5.3463194429353225
2.7397308417599473 7.323763619802653 5.992706604005058
2.7397308417599473 7.323763619802653 5.821493781066614
2.7397308417599473 6.627637926170053 5.022935756774995
2.7397308417599473 6.627637926170053 5.765028424209342
2.7397308417599473 6.580918255182347 5.079052280509371
2.7397308417599473 5.893770055302465 4.943223689806456
2.7397308417599473 5.219127890069149 4.753397681610255
2.7397308417599473 6.8685789157796595 5.3164687342395744
2.7397308417599473 6.8685789157796595 4.473424043094158
2.7397308417599473 6.8685789157796595 5.26642701328821
2.7397308417599473 7.249655721935984 5.333772877361301
2.7397308417599473 7.249655721935984 5.69807053446661
2.7397308417599473 7.249655721935984 5.101899752757714
2.7397308417599473 5.269824268104728 4.7874305971736515
2.7397308417599473 6.740538116481508 5.733747506098428
2.7397308417599473 8.277330191552089 6.572560726016341
2.7397308417599473 6.740538116481508 5.627368989052961
2.7397308417599473 8.550514174420716 6.920868700345158
2.7397308417599473 6.00786331417919 4.428967004709667
2.7397308417599473 6.00786331417919 4.7696195778531
2.7397308417599473 6.00786331417919 4.399464619505995
2.7397308417599473 5.523391838320524 4.63333001183636
2.7397308417599473 6.654225303858247 6.246762589458544
2.7397308417599473 7.613494916645047 6.818682320329641
2.7397308417599473 7.64622417240523 6.987326663608934
2.7397308417599473 7.64622417240523 6.385263685098085
2.7397308417599473 6.658849792363469 6.061673348626001
2.7397308417599473 6.658849792363469 6.024808801832323
2.7397308417599473 6.884854506827187 6.033942557864368
1.9855946981734047 6.884854506827187 4.190088313427645
1.9855946981734047 8.127100542040477 5.496657162320389
1.9855946981734047 8.127100542040477 5.88008277878172
1.9855946981734047 6.960454980680799 5.992587573654929
1.9855946981734047 6.767302325601417 6.215244487642866
1.9855946981734047 6.767302325601417 5.3986138026475485
1.9855946981734047 6.552184960242084 5.063144412739366
0.15513547485796098 6.465146523982206 3.3600752390894053
0.15513547485796098 5.663094249513932 2.06012230090886
0.15513547485796098 6.645089428266136 2.5776289514688386
0.15513547485796098 6.645089428266136 2.7466711913227
0.15513547485796098 5.5423972148824845 2.449911391581708
0.15513547485796098 7.665979538432065 3.0605503795914273
5.137477895348514 5.707052278516144 2.3068405750883363
5.137477895348514 5.707052278516144 1.3415666837368396
5.137477895348514 6.313750427293304 3.06673449728843
5.137477895348514 5.165074844039712 3.3351014436267676
0.2144594250191365 5.137477895348514 1.5045173369841784
