1.4915113572742453 7.712224376634007 5.251309929819658
1.4915113572742453 6.86477562612772 4.2842332922205175
1.4915113572742453 7.63524431971773 6.450811075249972
1.4915113572742453 7.63524431971773 4.874148866366163
1.4915113572742453 7.63524431971773 5.142645319984426
1.4915113572742453 6.410443439585407 3.8981295196810755
1.4915113572742453 6.516822558539509 5.603195897813049
1.4915113572742453 7.646537604683534 6.272784861918626
1.4915113572742453 7.646537604683534 6.36446969655125
1.4915113572742453 7.646537604683534 5.393962567242215
1.4915113572742453 6.516822558539509 4.129947708448324
1.4915113572742453 4.971114585588932 3.3989109113225093
1.4915113572742453 5.394580417584063 4.390723784484554
1.4915113572742453 5.394580417584063 2.8873052271265918
1.4915113572742453 5.976641953267407 4.286726872511396
1.4915113572742453 5.976641953267407 4.10652822926702
1.4915113572742453 6.508158203021534 5.303951234936033
1.4915113572742453 6.508158203021534 5.906825414045832
1.4915113572742453 7.5225357127675 5.154217070601751
1.4915113572742453 6.354297708122225 4.8507253664658645
1.4915113572742453 6.354297708122225 4.0108466650493435
1.4915113572742453 5.73586715908505 3.9921262792552157
1.4915113572742453 6.195089700048602 4.0053282433540405
1.4915113572742453 6.195089700048602 3.976000401521578
1.4915113572742453 6.195089700048602 2.6381560744535495
1.4915113572742453 2.642986493586197 2.592688192105925
1.4915113572742453 5.962858711515569 4.534363033561098
1.4915113572742453 6.314178589330069 4.893323258341394
1.4915113572742453 6.314178589330069 4.239835496181536
1.4915113572742453 4.311339864342166 4.063662702078861
1.4915113572742453 6.155423100184549 5.437005645259227
1.4915113572742453 8.480137267344663 6.178830534551108
1.4915113572742453 8.480137267344663 6.196374314340147
1.4915113572742453 8.480137267344663 5.149611518226325
1.4915113572742453 6.105252341443411 4.913226411137943
1.4915113572742453 8.245268287177769 7.084707220002884
1.4915113572742453 8.64930660993004 7.841209149526171
1.4915113572742453 8.64930660993004 5.463680055320328
1.4915113572742453 7.378980816680189 5.096114660520033
1.4915113572742453 7.378980816680189 6.346296847866773
1.4915113572742453 7.538063690992642 5.865814310887475
1.4915113572742453 7.538063690992642 6.014574004014091
2.4721940421699817 7.538063690992642 3.3473729563059713
0.8845571326748467 6.993554313583838 3.209041987310333
3.7483904845666953 5.601014707456137 1.9855695274644005
0.8845571326748467 5.601014707456137 1.3272141924025047
0.8845571326748467 2.344420957923909 1.4539040245219814
0.8845571326748467 2.7951362391479226 2.452797579858624
0.8845571326748467 4.32188617289793 3.485745552642425
5.438409113571797 4.32188617289793 3.0283749703060026
5.438409113571797 5.337161490506716 3.2057384454403985
5.438409113571797 6.24047995122724 5.465328451933406
5.438409113571797 6.304068148805342 4.251037983439968
5.438409113571797 4.046067082165717 3.010178281644562
5.438409113571797 6.296559165312761 5.442664410297998
5.438409113571797 7.537830361658672 5.498705170268181
5.438409113571797 7.537830361658672 4.632242650091914
5.438409113571797 6.780135584783832 5.208312314785145
5.438409113571797 6.780135584783832 4.653351548862708
5.438409113571797 6.473003473898562 5.999904342750727
5.438409113571797 7.593949301601965 6.477488427435844
5.438409113571797 10.029359680565905 7.642883578648493
5.438409113571797 12.850168110986333 9.64074246780378
5.438409113571797 12.850168110986333 8.148811623668738
3.868113124788828 12.850168110986333 6.645563756294458
3.868113124788828 9.663700590376745 7.5371001869590035
3.868113124788828 10.05592640931234 7.698333020656357
2.619379127998972 10.05592640931234 4.720507420014876
2.619379127998972 10.05592640931234 5.018929114667582
2.619379127998972 8.383748886727792 5.742215949536149
2.619379127998972 10.378890795543096 6.90844121496644
2.619379127998972 10.378890795543096 4.592711148931994
2.619379127998972 4.616683839096158 4.302987488118911
2.619379127998972 6.251713365385893 5.043853765433044
2.619379127998972 6.251713365385893 4.854369458859104
2.619379127998972 5.117004741353718 4.851339148062646
2.619379127998972 5.117004741353718 4.894120330251786
2.619379127998972 6.501633888063992 5.692126370476725
2.619379127998972 6.501633888063992 5.021825429369998
2.619379127998972 6.501633888063992 4.742645065020644
2.619379127998972 5.153225351905135 3.9180640396612954
2.619379127998972 4.255384022653956 3.340088396296729
2.619379127998972 4.229666852304717 3.161226857419948
2.619379127998972 6.503090854771273 3.321172297208701
2.619379127998972 5.250168318684398 3.8749338933850304
2.619379127998972 5.250168318684398 3.2322671878831866
2.619379127998972 6.346697843737125 4.856075386491422
2.619379127998972 6.543107943160923 5.886307032998236
0.8173242665659157 6.543107943160923 2.486913977001288
0.8173242665659157 4.200778272919706 1.8019915220640954
5.70053626661532 5.260524133126186 2.276466596264235
5.70053626661532 6.248969093791885 4.591390083248485
5.70053626661532 6.248969093791885 4.058169082073693
2.2678943535733613 5.70053626661532 3.248454222047855
1.0776723670195314 5.272974237274639 2.906226325600398
1.0776723670195314 5.658108006611471 3.89812205918207
1.0776723670195314 6.590605159232972 5.559778723335095
1.0776723670195314 8.460131275163084 6.328165337988695
1.0776723670195314 9.625870366002243 7.2154376600450725
1.0776723670195314 9.625870366002243 5.479487408045645
