6.788372818991153 7.744240023318138 5.551181604478575
6.788372818991153 7.739962192195497 5.104362834978915
6.788372818991153 7.739962192195497 6.355472725602192
6.788372818991153 6.549259368155006 4.931729984542926
6.788372818991153 6.549259368155006 5.380109975983905
6.788372818991153 6.258094155342484 4.376445434601634
6.788372818991153 6.254387463073485 4.988502367852679
6.788372818991153 6.254387463073485 5.834086549567308
6.788372818991153 4.487837796576574 6.058062067631722
6.788372818991153 6.528839958123903 5.1270143753265165
6.788372818991153 6.528839958123903 5.156530664071493
6.788372818991153 6.433129699662192 4.756573589487862
6.788372818991153 6.714144097239888 6.0023321763309285
6.788372818991153 9.871691902180832 7.361112958923566
6.788372818991153 9.871691902180832 6.025017158780908
6.788372818991153 6.176150347037304 5.721610041768984
6.788372818991153 6.176150347037304 6.011503795535914
6.788372818991153 6.251410105974685 5.309639648968454
5.36532034916274 7.6958877453379415 5.3366274356200485
3.2501468398501996 7.6958877453379415 4.706562887777344
3.2501468398501996 6.788372818991153 5.360422034130363
3.2501468398501996 6.788372818991153 5.794418383844931
3.2501468398501996 10.005444023514476 7.493452341673343
2.001807496450294 10.005444023514476 2.638549462805118
2.001807496450294 3.5064311773188916 2.9910383000335066
3.8284004783485845 4.115361963614372 3.606539378022859
3.8284004783485845 5.0547718026702455 3.960781887435815
3.8284004783485845 5.0547718026702455 3.2182362798810957
3.8284004783485845 6.552126347855669 5.457530952805086
3.8284004783485845 6.552126347855669 5.92323668689493
3.1859176768359387 6.503750058963796 5.749744032779376
3.1859176768359387 6.332017434443582 5.323689553406935
3.1859176768359387 7.407066120441392 5.940996598400051
3.1859176768359387 7.726840229928191 6.740903725645795
3.1859176768359387 7.726840229928191 5.19779240227949
3.1859176768359387 6.446148979731536 5.97746037713154
3.1859176768359387 8.43180476347827 7.451980572041569
3.1859176768359387 8.43180476347827 5.9009769847338225
3.1859176768359387 8.43180476347827 5.264709351371822
3.1859176768359387 7.6586625292597805 4.480019602463793
3.1859176768359387 6.340633855621714 5.1477898854156035
3.1859176768359387 6.340633855621714 5.232416253163146
3.1859176768359387 9.025931633026124 7.245903743976441
3.1859176768359387 9.025931633026124 5.9852892479176685
3.1859176768359387 6.548110437758883 5.091240491950436
3.1859176768359387 6.018921223351956 4.9754712906209875
3.1859176768359387 7.649297091354207 6.798681466733282
3.1859176768359387 7.649297091354207 7.0575777174344685
3.1859176768359387 7.649297091354207 5.9914205102649545
3.1859176768359387 6.633870050554883 5.046826275647837
2.7746061680144654 7.744964985732851 3.627792712161363
3.3276609881879904 7.744964985732851 4.763631620127432
1.5592962342841017 8.013434597866663 5.583897679661298
3.3276609881879904 8.705460171155266 6.986608003132733
3.3276609881879904 8.705460171155266 4.420651580450029
3.3276609881879904 7.347120337509287 4.162842921233059
3.3276609881879904 6.014587077616433 5.177902472880974
3.3276609881879904 8.480169413670414 7.684420896071538
3.3276609881879904 8.480169413670414 7.824447780938447
3.3276609881879904 8.471380812132402 6.968965407388254
3.3276609881879904 8.471380812132402 4.5150086827989675
3.3276609881879904 5.385544062179484 4.11764172575497
3.3276609881879904 6.576343771398278 5.70261038394288
3.3276609881879904 7.629497963468264 5.627766996709751
3.3276609881879904 10.083552178938133 8.545546964976923
3.3276609881879904 10.083552178938133 8.184874664827833
3.3276609881879904 10.083552178938133 8.251706709379345
3.3276609881879904 8.51448294954941 6.207565989580572
3.3276609881879904 8.51448294954941 6.450951756549907
3.3276609881879904 8.444585121583625 7.578608449816979
3.3276609881879904 8.444585121583625 6.181029359699537
3.3276609881879904 8.444585121583625 4.294398327775396
2.985110266619355 4.94674183175465 3.4475372859815523
2.985110266619355 4.94674183175465 3.511596712478956
4.7957796867452664 5.17670722148911 2.1670413904665056
0.35774360429183405 4.7957796867452664 1.1262849444780578
0.35774360429183405 4.5094899749280835 1.976924688839973
0.35774360429183405 4.5094899749280835 2.731311564520297
5.339604111432671 5.690981307991553 2.7755525996545423
4.912045101533931 5.690981307991553 2.4219085936889413
2.7445878717969845 5.030597443649903 4.063887018681021
2.7445878717969845 5.030597443649903 3.4254387438247598
0.7168833729295909 3.948607336893073 1.8360813779300043
0.7168833729295909 5.077002021409442 3.7595068934917526
0.7168833729295909 5.784944523595048 3.7993288712992497
0.7168833729295909 7.629056412955006 5.944053498316473
0.7168833729295909 7.629056412955006 4.506230764843342
0.7168833729295909 7.1283486395138365 4.829064164604695
0.7168833729295909 7.1283486395138365 1.1110823933677616
0.7168833729295909 5.396248677811247 4.4757040892922255
2.6023923163520064 5.396248677811247 0.8790953490080906
3.3112283979347628 6.3650960670339956 3.2402228440121217
0.7168833729295909 6.3650960670339956 2.143720691195297
1.513723828298453 6.3650960670339956 2.4616220514708544
0.7168833729295909 5.869740805571766 3.943667479273125
5.005631567779918 6.646688927544719 5.324015061442704
0.7168833729295909 6.646688927544719 5.0362174339139605
0.7168833729295909 7.468939897840206 6.0868867692861155
0.7168833729295909 7.468939897840206 5.753113856037973
0.7168833729295909 7.0160784188700855 3.3147302547717006
