0.8232739178138258 7.755160139982685 5.335861549732844
0.8232739178138258 6.5962153290780385 5.679110804589864
0.8232739178138258 7.469779697926954 6.420413247094176
0.8232739178138258 7.469779697926954 5.037695000569286
0.8232739178138258 7.469779697926954 6.04465730528433
0.8232739178138258 6.970338001330287 1.3448065014101707
0.7516747021425094 3.1572255225540933 1.0775723927409835
0.7699240225792612 3.005487236659285 1.6700411592232762
0.7699240225792612 4.775372615952389 2.761655388457547
0.7699240225792612 5.908607539277753 5.262310321946839
0.7699240225792612 5.908607539277753 3.4103321873694314
0.7699240225792612 6.592379054288916 3.9958874094464147
0.7699240225792612 6.592379054288916 1.6643519431618692
0.7699240225792612 5.1714709629245625 3.2231095900909117
0.7699240225792612 5.770609347147339 5.005158196773169
0.7699240225792612 8.328539644980161 6.403503672296268
0.7699240225792612 9.265754207734012 6.576973260033671
0.7699240225792612 10.402275054393725 6.554958288030042
0.7699240225792612 9.265754207734012 3.7533580173858905
0.7699240225792612 9.265754207734012 3.2436033530960344
0.7699240225792612 9.265754207734012 4.833141326468328
0.7699240225792612 6.14595634791803 2.061327623269964
3.3978792758391454 2.808425335407368 0.8718490882206662
0.7699240225792612 3.3978792758391454 1.7020024298246366
0.7699240225792612 3.2318891651319004 0.9501756098211607
3.5655596805896335 7.374986977641061 5.38612569973113
3.5655596805896335 7.374986977641061 4.6058811391692
3.5655596805896335 5.7053652603971265 3.5929779089304077
5.793045416064558 5.1082810790494335 2.2428410042167486
5.793045416064558 5.478757337500273 3.503906402625987
5.793045416064558 5.566736003893659 3.894464240816973
5.793045416064558 5.566736003893659 2.959856843326621
5.793045416064558 5.566736003893659 2.9802637075830067
5.793045416064558 3.975293392856465 2.6777161888285366
5.793045416064558 3.975293392856465 3.29194276555189
5.793045416064558 5.676051524381627 3.9697849874459865
5.793045416064558 5.676051524381627 3.717904423645473
5.793045416064558 5.676051524381627 4.3374559157523995
5.793045416064558 6.14568531670605 5.03668044298399
3.9226379233619153 6.666589516051133 5.4711178014862165
3.9226379233619153 7.468274104530426 6.617993090145924
3.9226379233619153 7.468274104530426 6.453650445315486
3.9226379233619153 6.953571287346026 6.744350786076265
3.9226379233619153 6.953571287346026 6.493656304572961
3.9226379233619153 6.923248808427436 6.6691711108361895
3.9226379233619153 6.923248808427436 5.272778459094584
3.9226379233619153 6.923248808427436 4.9010999661661705
3.9226379233619153 9.14121647610612 6.517037077068348
3.9226379233619153 9.14121647610612 5.850284239594503
3.9226379233619153 7.218583242251718 4.686991651277349
3.9226379233619153 7.218583242251718 4.569081923115928
3.9226379233619153 6.736943273598268 4.488180201324276
3.9226379233619153 6.736943273598268 4.788607570869107
3.9226379233619153 7.560602193620097 6.075530827705072
3.9226379233619153 7.560602193620097 4.693149774604125
3.9226379233619153 7.560602193620097 4.52796190200395
3.555218018849875 4.570791595332906 4.091893993292683
3.555218018849875 4.570791595332906 3.9853854842585714
3.555218018849875 6.245580062196282 4.3901957342023135
3.555218018849875 6.245580062196282 3.9276864305332566
3.555218018849875 6.245580062196282 4.004111084310579
3.555218018849875 4.754142582625107 4.165924982720935
3.555218018849875 6.574898677666102 4.938201406988556
3.555218018849875 6.574898677666102 4.930655920319939
3.555218018849875 7.131935100961488 5.75928688661613
3.555218018849875 8.354847340660832 7.010715770008297
3.555218018849875 8.354847340660832 6.346614896513034
3.555218018849875 6.321022170396397 5.7723833585333235
3.555218018849875 6.321022170396397 5.748231664204721
3.555218018849875 6.525235491410605 6.099380122854268
3.555218018849875 10.359004354676017 6.99005478771893
3.555218018849875 10.359004354676017 6.459123454070183
3.2780607138247224 6.727974879801735 3.6268930304681657
3.2780607138247224 6.006546556951918 4.941293341014411
3.2780607138247224 6.006546556951918 4.976282205430921
3.2780607138247224 7.110984760653572 6.10556474752221
3.232717810170485 7.110984760653572 5.1682501345231175
3.232717810170485 7.107356650082682 3.514065705792863
3.0708495745383364 3.232717810170485 3.221387033676237
6.342765816379856 5.60052789239084 4.106696391287892
3.232717810170485 6.342765816379856 5.261725683417886
3.232717810170485 6.604079867169915 6.238237474316052
3.232717810170485 7.389462977100674 5.953194823932801
3.232717810170485 7.389462977100674 5.837703851375231
3.232717810170485 7.389462977100674 5.079567063525898
3.232717810170485 7.389462977100674 4.5511220119125175
3.064776139015905 5.933571794765438 4.4624488752246405
3.064776139015905 6.624204688235874 4.794969505492747
3.064776139015905 6.192990129253587 3.265916265967381
3.064776139015905 3.064776139015905 3.064776139015913
1.1632571683534505 3.064776139015905 2.3421989301641775
1.1632571683534505 6.194535274436049 4.450293032721915
1.1632571683534505 6.458364809722077 5.262219838198671
1.1632571683534505 6.458364809722077 4.576843455231813
0.3406520783220697 6.458364809722077 1.609600970736742
0.3406520783220697 0.5756982260602759 0.4464228448042627
0.1456255741468344 6.326943984358316 2.3938502416602545
0.1456255741468344 6.326943984358316 1.203521168072606
0.1456255741468344 5.607408292266189 4.441931319255911
0.1456255741468344 5.551199967513206 2.956468360731404
