5.861454057240685 7.7351056976716155 5.580718909252082
5.861454057240685 8.917648562514517 7.267711865631162
5.861454057240685 8.917648562514517 6.146942501924235
5.861454057240685 7.07949828372535 3.427977606888669
5.861454057240685 4.564717800393559 4.192146392098521
5.861454057240685 4.564717800393559 3.1377253423902522
5.861454057240685 4.913262590264548 3.7165918676706986
5.861454057240685 6.213749143292237 4.390524179582945
5.861454057240685 6.6449181670233415 5.889429041343047
5.861454057240685 6.645761409940935 6.295905424691494
5.861454057240685 8.017201680750567 6.959030767712206
5.861454057240685 8.386021868826985 7.567336243979541
5.861454057240685 9.279682129509427 8.263174966137914
5.861454057240685 9.279682129509427 6.352519510094071
5.861454057240685 9.279682129509427 6.281675035691763
5.01544136958416 6.426749063223138 5.855819218437095
5.389195904532478 6.426749063223138 5.306793309267826
5.01544136958416 7.026064034265248 6.197417196902733
5.01544136958416 7.026064034265248 5.912770752588613
5.01544136958416 7.61978511320822 6.401558841196101
5.01544136958416 7.61978511320822 6.688200734659753
5.01544136958416 7.61978511320822 6.144448255869435
4.418289969732239 7.117415611279913 5.380819082970524
4.227898854145476 7.235852845082622 6.60108858910223
4.227898854145476 7.269000407730523 6.876189825653631
4.227898854145476 7.293999890271957 6.672189377412256
4.227898854145476 7.293999890271957 6.000910318131495
4.227898854145476 7.293999890271957 6.043833762882839
3.2286842282452466 10.997399562303258 6.93864737120213
3.2286842282452466 8.117384628331322 6.593073552734875
1.31857444452918 8.117384628331322 2.9441563920664606
1.31857444452918 6.078251049255879 3.9178866338711087
0.6238215835696832 6.078251049255879 2.2734941311515713
0.6238215835696832 7.652369776212437 3.552514471675228
5.70405382197502 7.652369776212437 0.9077356412850487
2.666447082192619 5.70405382197502 1.3813218029372125
0.6238215835696832 5.70405382197502 3.878256033198195
0.6238215835696832 5.211721345774926 4.003723033412861
0.6238215835696832 6.582169068428829 4.026630954437705
0.6238215835696832 6.432531247175358 4.915224784090926
0.6238215835696832 8.065151687908731 6.64070537954013
0.6238215835696832 10.70551792778334 7.835351322961384
0.6238215835696832 10.70551792778334 4.454237929767124
0.6238215835696832 5.71622395041269 2.9323854108838368
0.6238215835696832 7.563434549233648 4.824452246879741
0.6238215835696832 9.253498500273583 8.166879942837175
0.6238215835696832 9.253498500273583 5.2823649959695445
0.6238215835696832 6.870343180598249 5.536138799776278
0.6238215835696832 6.870343180598249 4.119037668829006
3.0783540004544823 5.833198529030646 1.532854486398586
0.5120063885584476 4.41352931851128 2.397578808192878
4.91009392540019 4.060826119672097 0.5778032459270483
0.5120063885584476 6.224094894879915 4.279369846470657
0.5120063885584476 6.224094894879915 3.9072364507632233
0.5120063885584476 5.305658389258941 2.9603978357643723
5.312326306748481 3.7819378628542855 2.0167780983242234
0.39560145265224067 5.312326306748481 2.803662984460548
0.39560145265224067 5.312326306748481 1.618199474016413
0.39560145265224067 5.443576102782071 3.3145221728446312
0.39560145265224067 5.443576102782071 0.7362822859858568
0.16347750416848728 3.3115657258494378 1.4601907135187018
3.002249973512488 0.6937936897892034 0.17342314499436917
0.16347750416848728 5.739294769538233 2.555207595981598
4.956021754945731 5.739294769538233 2.7639665621167766
3.002249973512488 5.291248132168327 3.8611268914402466
5.7485795513313285 5.291248132168327 1.5276553344472084
0.16347750416848728 4.429317101192197 2.0442422071041157
5.681799747624588 4.429317101192197 1.3610982948353498
5.681799747624588 4.929253643784001 4.377869609848828
5.7485795513313285 8.78566695308029 6.136929539219179
5.7485795513313285 10.423844906767037 9.00048299161373
5.7485795513313285 10.423844906767037 4.324019784800427
5.7485795513313285 5.3831214171413215 4.2142482601539495
5.7485795513313285 6.390739200988193 4.297941965903022
5.7485795513313285 6.390739200988193 5.405596153127817
5.7485795513313285 7.276625528082327 5.431405561321028
5.7485795513313285 6.520981156170663 5.081226464890726
5.7485795513313285 6.520981156170663 4.598445826180233
5.7485795513313285 6.520981156170663 4.597149835476941
5.7485795513313285 6.373839094497029 5.093363800917382
5.7485795513313285 6.3377091356201944 4.915711223030633
5.7485795513313285 6.3377091356201944 4.346640284216013
5.7485795513313285 6.3377091356201944 4.11225386784884
5.7485795513313285 4.875471118133866 4.063274206177527
5.7485795513313285 3.9874261323178115 4.0717541700873205
5.7485795513313285 5.971222025080024 5.09273467675882
2.0337220879098443 6.057985376695928 4.828124434936112
2.0337220879098443 6.666569419429557 5.945282706487391
2.0337220879098443 6.666569419429557 4.512152082659296
2.0337220879098443 8.095544513754156 5.919988249008095
2.0337220879098443 8.095544513754156 4.354163910987098
2.0337220879098443 7.617716116161089 5.679340183124658
2.0337220879098443 7.617716116161089 3.990448552243919
2.0337220879098443 6.188760399301906 4.473598480347674
2.0337220879098443 6.188760399301906 4.524896013919505
2.0337220879098443 5.77754156529355 4.439638407607725
2.0337220879098443 5.77754156529355 5.00333139519177
2.0337220879098443 5.843904661056772 4.846254762448488
2.0337220879098443 7.318368529453027 5.2292027305019095
2.0337220879098443 7.318368529453027 4.307671414147141
