3.1071395302736495 7.662780986811521 5.047199619791993
3.1071395302736495 8.768795296161528 7.697877892035877
3.1071395302736495 8.768795296161528 4.225332652340976
3.1071395302736495 6.352164225753494 2.3854146437197725
3.1071395302736495 6.352164225753494 2.9425049142477753
1.1709871525496465 4.507478872223981 2.613999085390228
1.1709871525496465 6.494637968622456 3.068897392788311
0.9013840440420329 6.494637968622456 2.0457930462715215
0.9013840440420329 5.215667660817061 3.490663646337637
0.9013840440420329 5.215667660817061 3.363292603138735
0.9013840440420329 6.9113430179361846 4.886306487011585
0.9013840440420329 7.867805695587778 5.679299654386395
0.9013840440420329 7.867805695587778 4.193899224151875
0.9013840440420329 6.09537229781726 4.91798044877001
0.9013840440420329 6.09537229781726 3.757686306602931
0.9013840440420329 5.530887362362677 5.168525227234839
0.9013840440420329 5.482514453527607 4.556115018729256
0.9013840440420329 5.951206481462933 5.16414753812679
0.9013840440420329 7.330233264716718 5.673598983598046
0.9013840440420329 7.330233264716718 6.202037611441228
0.9013840440420329 9.140900072705838 6.826928551282331
0.9013840440420329 9.389637409995041 6.89766169761166
0.9013840440420329 9.389637409995041 5.789634917508006
0.9013840440420329 7.651407194409083 4.2112358522084925
0.9013840440420329 7.02411631485907 5.784979222522563
0.9013840440420329 7.758290899723075 4.083541667304194
0.9013840440420329 5.40222262875346 3.7729434805122555
0.9013840440420329 5.40222262875346 2.5099008087795127
0.9013840440420329 3.125384069693063 2.8789917122639967
0.9013840440420329 4.9960196425501024 3.611495568715899
0.9013840440420329 7.6535872061626335 4.055862180755608
0.9013840440420329 5.497133685876928 3.607849599769642
0.9013840440420329 5.497133685876928 2.6507095693482485
0.9013840440420329 5.667928134181114 3.8218680067962976
0.9013840440420329 5.667928134181114 3.2045112532379276
0.35431296332013007 5.667928134181114 1.4650639600849698
0.2085440739877389 5.454222422358814 2.455956984520079
0.2085440739877389 5.454222422358814 1.215775812047997
0.5949422834298557 2.5951146498115425 0.2534884110536205
0.2085440739877389 3.1872259999677124 1.4676091362873387
0.2085440739877389 5.139837014976504 3.9107338896628017
0.2085440739877389 5.139837014976504 0.6038824292916977
0.2085440739877389 6.653933353392393 3.1089692497198405
0.2085440739877389 6.653933353392393 1.8194280099973041
0.2085440739877389 4.359946982098371 1.8275912081508878
0.2085440739877389 4.524258264129742 3.420789992363952
2.39583606403933 4.524258264129742 2.353557816662698
4.335806173555191 2.792505257542626 1.4650713799025885
2.39583606403933 4.335806173555191 3.6046491089337502
2.39583606403933 6.30269555243801 4.561663514258857
2.39583606403933 6.636023666890381 5.625042513622593
2.39583606403933 7.710815397788544 6.448910535863157
2.39583606403933 7.710815397788544 7.411180231434592
2.39583606403933 7.710815397788544 7.509084841481791
2.39583606403933 7.710815397788544 6.813590393993836
2.39583606403933 7.710815397788544 5.4915476106885865
2.39583606403933 7.710815397788544 5.137728647017088
2.39583606403933 6.446714162900591 4.973134238552703
2.0397578388103175 6.446714162900591 2.9439357968695172
2.0397578388103175 6.273016851708647 4.359140028829087
2.0397578388103175 6.278286666678312 4.530751761722944
2.0397578388103175 7.351917686061222 5.902040911661048
2.0397578388103175 10.34860770271366 7.728538247781355
2.0397578388103175 10.34860770271366 5.764356936853277
2.0397578388103175 6.473144399655467 4.699804824161801
2.0397578388103175 6.473144399655467 4.270034453429798
2.0397578388103175 4.7089701821786285 3.8830069711515494
2.0397578388103175 5.330330192299872 4.1705657827180245
2.0397578388103175 7.62669757145764 6.048552027850122
2.0397578388103175 7.62669757145764 5.772559575740686
2.0397578388103175 7.62669757145764 5.405465648181369
2.0397578388103175 5.962768845158802 5.46981752090435
2.0397578388103175 5.962768845158802 4.575972856917687
2.0397578388103175 8.531505026045842 6.834948362223157
2.0397578388103175 8.531505026045842 5.530295438164327
2.0397578388103175 8.531505026045842 6.202915209242499
2.0397578388103175 8.181780506181125 5.369209172333324
2.0397578388103175 8.181780506181125 3.4292002651555515
2.0397578388103175 7.539318041829212 2.826953698162754
2.0397578388103175 5.886023098382051 4.583459725677736
2.0397578388103175 6.250250275275391 5.607617460914415
2.0397578388103175 6.250250275275391 3.6404808812835494
2.0397578388103175 6.250250275275391 3.618584677314415
0.7986611244607436 6.250250275275391 4.146276485188389
0.8682725963922882 6.250250275275391 1.266704945449643
0.7986611244607436 6.250250275275391 2.8260232647512957
0.7986611244607436 5.926927488433442 5.15748369923357
0.7986611244607436 5.926927488433442 5.071617814687679
0.7986611244607436 8.51532786570874 6.923772661788211
0.7986611244607436 8.51532786570874 5.313809260776416
0.7986611244607436 8.51532786570874 7.141322592870563
0.7986611244607436 10.155499230148404 6.171530858789813
0.7986611244607436 10.891904046856023 6.605436384405434
0.7986611244607436 10.891904046856023 6.319615827922387
0.7986611244607436 9.801019546464836 5.841158818269367
0.7986611244607436 9.041391750432858 6.433638110209334
5.602264604706853 9.041391750432858 3.07367686898562
0.7986611244607436 5.956656237738592 4.6550307240675854
0.7986611244607436 6.394725364579475 4.631968072995482
0.7986611244607436 7.657355222991756 6.369403092638177
