1.188387858011009 7.724799707018207 5.4955012014678815
1.188387858011009 7.658746463054788 5.252899492821761
1.188387858011009 6.763119061429073 4.906213959511357
1.188387858011009 7.192815431159756 5.390209925191857
1.188387858011009 7.192815431159756 5.526007269584155
1.188387858011009 5.851856793081151 5.2676601554411295
1.188387858011009 5.851856793081151 4.548317523865731
1.188387858011009 5.6774124620487 4.529660319058875
1.188387858011009 5.6774124620487 4.107410556282253
1.188387858011009 6.33820497506359 4.815276341644844
1.188387858011009 6.33820497506359 4.655651685637702
1.188387858011009 8.48985135601355 5.718627198107788
1.188387858011009 8.48985135601355 4.917388508819702
1.188387858011009 8.48985135601355 5.781829318998056
1.188387858011009 6.100103649820415 4.7915801091875405
1.188387858011009 6.432816275587562 5.581878208461103
1.188387858011009 6.432816275587562 4.244068240889258
1.188387858011009 6.3408595773553635 5.131876857320057
1.188387858011009 6.480159341796561 6.24036060848854
1.188387858011009 7.087634868112282 5.874235440929372
1.188387858011009 7.087634868112282 4.71042486174009
3.6867261603300006 7.087634868112282 3.8709090485556037
0.9980382067441202 4.269779562442352 1.8490230744191174
1.4261838741628456 5.76880540945098 4.948694636016637
5.737030468001851 6.167364986516105 4.498930403630192
5.737030468001851 7.12001900567812 5.638772394481292
5.737030468001851 8.854689740634154 6.57258935108871
3.1579061524724534 8.854689740634154 5.221080353699174
3.1579061524724534 5.737030468001851 5.048437983640311
2.805716921686973 5.713722946122662 4.267978522473642
0.5008909266458983 8.586181676257784 4.327996637480693
0.5008909266458983 5.330835376906698 2.432868706750215
0.5008909266458983 3.247540424310611 1.5995507257117831
0.5008909266458983 5.360806280126141 2.569521870084244
0.5008909266458983 5.669727216770912 3.532718398174428
0.5008909266458983 5.669727216770912 0.6173796974753342
3.257914686253049 3.2958693668510723 1.474556633467464
3.257914686253049 5.4832155215718785 4.641174996271795
0.09071127506838339 5.4832155215718785 1.0080789016049652
0.09071127506838339 4.9486397669876006 2.276779096432031
0.09071127506838339 2.7984066629494895 1.146712476342016
0.09071127506838339 5.4354540236123015 1.9884481909375638
3.0862886341484814 0.09071127506838339 0.09071127506838314
0.09071127506838339 3.0862886341484814 0.3603132373855922
0.09071127506838339 1.8862109624746535 0.8089111500308926
4.43872649086747 2.5922568229774154 1.1772703989383044
3.244025160000039 4.43872649086747 1.7082251626979517
3.244025160000039 3.69039466823465 2.9301027599628684
3.1954425446148247 5.617192375648891 2.996943801023519
0.09071127506838339 5.120824226617781 2.719369534666588
3.3505641026313104 5.120824226617781 0.1720597172793415
5.406555829431621 5.383704103004977 2.2386278137180393
3.3505641026313104 5.688644893285407 2.49658767640396
3.3505641026313104 6.011956516472594 3.5568895851224096
5.406555829431621 6.174788083632642 3.8127828225530633
3.3505641026313104 5.406555829431621 3.3496702602771182
3.3505641026313104 5.840104965190548 3.1085623068863955
0.09071127506838339 4.341385369233926 2.2918715125202938
0.09071127506838339 4.341385369233926 0.13321801601003858
0.09071127506838339 3.236525763685265 0.755399079923631
0.09071127506838339 1.0011347353752105 0.11802397887758787
0.09071127506838339 5.310862365769946 3.462858186928982
0.09071127506838339 5.972474175531506 2.5022340642582632
5.3733860214674145 4.53648281079116 1.9740244281803212
0.023166972094916805 5.585948660886288 3.05061391040737
0.023166972094916805 0.6041905452682639 0.27300710855945565
3.056163669229385 3.2509257560338694 1.267146017186918
3.056163669229385 3.4635842675097135 1.7342671366886435
0.023166972094916805 5.66445741590373 2.7346326541886135
0.023166972094916805 4.994380332577855 3.7391312220662063
0.023166972094916805 4.994380332577855 0.07287910569974596
0.08250286514490357 0.21307589700402874 0.09153418506219685
0.023166972094916805 3.388721074147093 1.4366996949568316
0.023166972094916805 0.08250286514490357 0.026133766747416142
0.023166972094916805 0.023166972094916805 0.023166972094916805
0.023166972094916805 2.60837795165719 1.1348076933066935
0.023166972094916805 3.229257504683265 2.435618011717583
0.023166972094916805 0.667762782013519 0.2745593379631713
0.023166972094916805 3.1522255802935892 1.399952759702332
0.023166972094916805 0.670018973920055 0.26250221277021757
0.023166972094916805 2.7893259455271076 1.114906011769974
0.8804162406980152 2.629029083411972 1.1325177714323083
0.8804162406980152 4.12818857825053 1.5888875210755498
0.023166972094916805 3.2497045547585413 1.4746952815295693
0.023166972094916805 6.617473812758785 2.9672016522323386
0.023166972094916805 0.10216040827931439 0.09268119593718643
0.023166972094916805 5.3130465217178475 3.515462478243056
0.023166972094916805 4.889615659191154 0.1277584818820256
0.023166972094916805 0.023166972094916805 0.023166972094916805
0.023166972094916805 5.303424593211609 2.519278066469514
0.023166972094916805 5.638776897825995 2.0447865453581047
5.553313111356122 0.023166972094916805 0.023166972094916805
1.5711294065286237 5.553313111356122 2.4798628665112905
3.0121419223219346 1.5711294065286237 0.27084096160430954
0.023166972094916805 3.0121419223219346 0.20250546910853753
4.971428917166527 0.1921375299976309 0.09751401757211074
0.023166972094916805 4.971428917166527 1.012819361109238
3.1929468290590646 5.247008568503478 1.3028236246346379
0.023166972094916805 3.1929468290590646 1.5336752665898794
0.023166972094916805 4.75832990133965 3.0282388859903984
