1.6663728250145344 7.75153746268847 5.447159084419188
1.6663728250145344 7.205703936965708 5.3512150810042645
1.6663728250145344 7.272815221072419 4.578655238776606
1.6663728250145344 4.746056041642152 3.8554330784369863
1.6663728250145344 6.520699682030411 5.542775420729576
1.1285954557477393 6.520699682030411 2.529261922261547
1.1285954557477393 5.183116176987625 4.456658261589988
1.1285954557477393 5.183116176987625 2.872427613973094
1.1285954557477393 4.6475727861165765 3.6916065620825607
1.1285954557477393 4.078944919608237 3.8053152652935216
1.1285954557477393 7.236746573943989 6.104317779398197
4.257619960637221 7.236746573943989 2.50276016003467
5.837091362541717 4.257619960637221 2.586931408035168
2.546099042329701 5.837091362541717 4.968701476954723
2.546099042329701 6.438403105131481 5.812614214579821
2.546099042329701 6.438403105131481 5.740622545978433
2.546099042329701 6.438403105131481 6.022093968631898
2.546099042329701 6.898573124888067 6.406437147300283
2.546099042329701 7.500893373503281 6.69376953340562
2.546099042329701 7.500893373503281 5.725554561170097
2.546099042329701 6.389077962525903 5.785458563568602
2.546099042329701 7.066366665917423 5.182672801240233
2.546099042329701 7.066366665917423 5.941799336077147
2.546099042329701 7.066366665917423 3.9041218221539165
2.546099042329701 6.66790829192211 4.3132208236172165
5.623289467976388 4.708945967657538 3.122895429746432
5.623289467976388 5.349744785054245 4.017252155613502
5.623289467976388 6.005150917450646 4.575080129818821
3.161990040789274 6.049742121960502 3.904407363569641
3.161990040789274 5.986944163186678 5.0398162486925875
3.161990040789274 5.986944163186678 4.340459860815232
3.161990040789274 6.404060133798033 5.420051501678583
3.161990040789274 6.404060133798033 5.525395580400551
3.161990040789274 6.61615694298386 5.700568824533186
3.161990040789274 6.61615694298386 6.321128593620359
3.161990040789274 6.61615694298386 6.468681359923839
3.161990040789274 6.61615694298386 5.764907596372738
3.161990040789274 6.61615694298386 5.422851266120329
3.161990040789274 6.61615694298386 5.288334855339591
3.161990040789274 6.61615694298386 4.7610205152028495
3.161990040789274 6.358872730786462 5.267211335765324
3.161990040789274 6.376461809280219 5.324196674410683
3.161990040789274 7.0191266993705135 5.955594742353842
4.922179517739256 6.376461809280219 5.585026540791482
3.161990040789274 6.728584811129743 6.199346203781253
3.161990040789274 6.728584811129743 5.442876015647275
3.161990040789274 6.728584811129743 4.722897072813655
3.161990040789274 4.580874830003328 4.082468669966819
3.1115022124174563 4.580874830003328 3.8145758423600244
3.1115022124174563 2.661149858366873 4.967751256215709
2.661149858366873 6.4635601452106854 5.753739007029625
2.661149858366873 6.4635601452106854 5.155963355191724
1.8523661444500985 6.4635601452106854 4.2781755140857
1.8523661444500985 6.156319004663807 4.711604005071595
1.8523661444500985 6.156319004663807 5.57590626430961
4.039482284307439 6.046330894067378 2.5209337872318494
3.6118606768473076 7.772318838988227 5.496085461184318
3.6118606768473076 7.772318838988227 4.714457552484978
2.863962507635492 7.772318838988227 3.4554363401139456
2.863962507635492 6.605158500215708 5.10066499843713
2.863962507635492 6.605158500215708 5.858423684662796
4.8017754875814305 6.580106266384224 5.932321393090546
3.8992386370339607 7.773976652207752 5.824786684444006
3.8992386370339607 6.128362952132065 5.922649630382735
3.37129727681646 7.417082311912827 5.433746792719899
3.37129727681646 8.224099943653805 5.824466572608348
3.37129727681646 8.224099943653805 5.145785460723917
3.37129727681646 8.224099943653805 4.189558354777926
3.1614443059601496 6.328957155337015 3.7147448709533357
3.1614443059601496 5.905607221664599 4.734499306510221
3.1614443059601496 6.326123400483613 5.772501223100838
3.1614443059601496 7.413529113792615 6.174437280213475
3.1614443059601496 10.224217452927515 7.47021277935376
3.1614443059601496 7.4943084980213985 4.971199886532851
3.0928505324049245 8.61479462523321 8.170638012692224
3.0928505324049245 9.221485963676596 8.685492077900618
3.0928505324049245 9.23557836171558 8.198426075117169
3.0928505324049245 9.23557836171558 7.4414793567509365
3.0928505324049245 9.176580891894188 6.409364819188045
3.0928505324049245 9.176580891894188 5.166610566752245
3.0928505324049245 9.176580891894188 3.992336551913374
3.0928505324049245 7.980140611495466 6.2634950237371365
3.0928505324049245 7.980140611495466 5.2215563749912315
3.0928505324049245 6.334290007334062 4.2122105792010585
3.0928505324049245 6.245140731067735 6.160335306505062
3.0928505324049245 6.334290007334062 5.626057221324251
3.0928505324049245 7.058649732971174 4.928235338524089
3.0928505324049245 7.058649732971174 4.084030003037722
3.0928505324049245 5.659448846127589 4.529094993205613
2.6311437199412038 5.659448846127589 4.002480753014403
2.6311437199412038 5.098338567055837 3.8149550794385925
2.6311437199412038 6.469125081088098 5.711750958508634
2.6311437199412038 6.469125081088098 6.083430617823475
2.6311437199412038 6.658571382240673 6.598888949871923
2.6311437199412038 8.083749885708658 5.8964983872271475
2.6311437199412038 8.083749885708658 4.673842064732583
2.6311437199412038 4.665179439265955 3.8706086678728657
2.6311437199412038 4.6268028682918505 2.9641396629852412
1.3668075836473617 5.7195474342276675 2.9745377704002136
0.3210731031710421 6.386049989528672 3.0858733363762685
