2.0131539951331843 7.639875482293753 5.4193272500741
2.0131539951331843 6.6623375140872945 5.72172011031088
2.0131539951331843 8.568721403985759 6.744638645330075
3.4730480972170494 8.568721403985759 3.9798652204641773
3.4730480972170494 5.549838389023474 4.3910533843752155
3.4730480972170494 8.076475399911644 6.512974237027732
3.4730480972170494 8.076475399911644 5.950733439927228
3.4730480972170494 6.5594360047783375 5.3363191092863165
3.4730480972170494 6.364742596483971 5.132532736690782
3.4730480972170494 6.364742596483971 4.811383535668977
3.4730480972170494 6.364742596483971 4.970663997200914
3.4730480972170494 4.591233788213305 4.375637336399623
3.4730480972170494 6.939149174201363 5.8346417063526825
3.4730480972170494 6.939149174201363 5.231605816330153
3.4730480972170494 6.939149174201363 5.571280161762479
3.4730480972170494 6.939149174201363 5.311644968757567
3.4730480972170494 6.884115818203277 5.560185952015768
2.568973634581728 8.118124419395233 5.236318671750724
2.568973634581728 4.332635388690516 3.9317702120660334
2.568973634581728 7.247275200245099 5.877120876160566
2.568973634581728 7.247275200245099 5.323451120374055
2.568973634581728 6.327877726307893 4.034104918463455
2.568973634581728 6.238066478401727 4.364873206115769
2.568973634581728 6.2677020151949385 4.501848638880346
2.568973634581728 5.387585673441681 4.712710183208978
2.568973634581728 7.815383168558135 6.382328004895621
2.568973634581728 7.815383168558135 5.905569221439949
2.568973634581728 5.556643440952378 4.837799774504445
2.568973634581728 5.985839122320176 5.131264733868535
2.568973634581728 7.7820854607177345 6.802536813489476
2.568973634581728 6.769923978981236 6.415154432166867
2.568973634581728 6.769923978981236 6.414574863560929
2.568973634581728 6.769923978981236 5.717226061882896
2.568973634581728 7.438973258106408 6.208603621248508
2.568973634581728 7.438973258106408 6.1649295583042045
2.568973634581728 7.117942565879725 3.9185666775144643
2.5153474115555174 7.588380462964199 4.853541888629394
2.5153474115555174 7.588380462964199 2.7299280771124312
2.5153474115555174 4.656052108814372 2.6800170036523525
4.939260076517005 2.5153474115555174 2.5153474115555174
2.5153474115555174 5.592339972044748 5.346962858098985
1.040556584714786 4.209965189776696 2.5600832803910802
0.2857246025725293 5.580482690111381 2.711130679350361
0.2857246025725293 3.2835535567945766 1.438735738811778
2.8706770616530055 5.582684345765685 2.234588704224854
5.237677836013205 7.215405758834105 5.3185728784271324
5.237677836013205 7.215405758834105 4.5061121671553535
5.237677836013205 7.215405758834105 4.271488552744205
5.237677836013205 6.481224515719315 5.687640272241624
5.237677836013205 8.317588906119793 6.361673429480975
5.237677836013205 8.04774021984338 7.086560429224236
5.237677836013205 8.04774021984338 6.061857797972796
5.237677836013205 8.04774021984338 6.1677599542922215
5.237677836013205 6.276966205440232 6.078122875607315
3.7882957714303918 6.51550381916503 5.338806105531118
3.473449454924808 6.4036655582103705 5.69646720391946
5.602907022207329 7.554510733670769 6.367209974187869
5.602907022207329 7.554510733670769 5.256646043277867
5.602907022207329 5.913409763702273 4.858843384716393
5.602907022207329 6.6665525689842475 5.95633108585739
5.602907022207329 6.7572314196177565 5.8662802168249
3.877872203906247 7.404650756460763 5.794428022668078
5.477092658542695 7.411169748974691 4.950040707867393
3.877872203906247 7.411169748974691 5.29602141750315
4.234989980246148 6.887897248231431 5.309010130793245
3.8207072017799573 6.887897248231431 4.789524526031882
3.8207072017799573 6.082827837408125 5.00826016506841
3.8207072017799573 6.254293058520837 5.105011286513617
3.798478498946889 6.254293058520837 4.256598366046859
3.798478498946889 4.5528281817314635 4.1343486274568395
5.923632462754139 6.454394782619314 4.8589948482261
2.661004571460833 6.342218721181059 5.092030650871059
2.661004571460833 6.342218721181059 5.042297357779263
1.3087110918041884 6.342218721181059 3.3292777606402857
1.3087110918041884 6.583837444055817 4.1854206440891
0.12921747985097953 6.583837444055817 2.885449212044997
5.624694357662143 0.12921747985097953 0.12921747985097953
0.12921747985097953 5.854366276509662 4.184479265171764
5.624694357662143 5.029482343611811 1.884488207053213
5.624694357662143 5.400291689014782 3.3244991046713155
5.624694357662143 6.015123541269272 4.039684965914029
5.624694357662143 3.7940247528109414 2.472541775702236
5.624694357662143 6.2406182988456464 4.393209992787137
5.624694357662143 4.900189313652202 3.664628203990986
5.624694357662143 3.26002420380425 2.0577198178662592
0.8776857118360231 5.624694357662143 3.1763781684084487
3.9841297089762695 7.621647236353532 6.420835183938132
3.9841297089762695 6.524429325912649 5.36593650688757
3.9841297089762695 5.475677465564278 4.855557338889032
3.8156565723463847 5.475677465564278 4.588674867947851
3.8156565723463847 5.747516860262291 4.922837650617841
3.8156565723463847 4.285677012718146 4.110164321239504
3.234401794510586 5.280432909198765 4.607590242891219
3.234401794510586 5.580460751884374 5.148298785264989
3.234401794510586 6.466762168119573 5.102122570975748
3.234401794510586 6.466762168119573 5.280217332917317
3.16100383697237 7.629131607443856 4.836910396522642
2.709379146069278 6.054596564700034 4.354805917050386
2.709379146069278 6.054596564700034 4.1161180857024
2.709379146069278 6.515268320351755 5.009980408625757
