2.4379220039195713 7.700037939081094 5.132792605003005
2.4379220039195713 6.555502783313642 5.9352204047145385
2.4379220039195713 7.209377744200157 5.130843179448773
2.4379220039195713 7.209377744200157 4.567372356942169
2.4379220039195713 7.0822806774726015 6.387103363258065
2.4379220039195713 7.0822806774726015 4.694536375980888
2.4379220039195713 6.6036757713824095 5.113416471285283
2.4379220039195713 8.553378942566612 7.122767696414943
2.4379220039195713 8.553378942566612 6.965470025742581
2.4379220039195713 7.716875781284193 4.370010139751706
2.4379220039195713 4.64967053881308 3.5707961477119614
2.4379220039195713 5.088560473066746 4.355840448732059
2.4379220039195713 6.342827365941876 4.61492502209529
1.259475717060163 5.629565245483189 3.60917164485392
1.259475717060163 1.259475717060163 1.2594757170601627
3.499923114882382 5.1827741435094055 4.567780809322027
3.499923114882382 6.848782452517405 5.270283898451369
3.499923114882382 5.205907043908542 4.222232422031296
3.499923114882382 3.787142025704228 5.224451367184599
3.499923114882382 6.383719473584499 5.121431527706724
3.499923114882382 6.65594535717117 6.987317645427622
3.499923114882382 6.65594535717117 5.134451608817711
3.499923114882382 7.098443963948938 6.107942251078679
3.499923114882382 6.780152729967355 6.110719679045314
3.499923114882382 6.780152729967355 5.249695086055278
3.499923114882382 6.780152729967355 5.4677744646271025
3.499923114882382 5.259691932605474 4.6719568627377095
3.499923114882382 6.640550435414944 5.529382101752649
5.468792038680228 7.514825091691719 4.977235141325895
5.468792038680228 6.475868140645915 4.804184132687287
5.468792038680228 7.4644327730638 5.291922108794463
5.468792038680228 7.4644327730638 4.277820787638857
5.468792038680228 4.490474197835507 4.371719159260801
5.468792038680228 4.494491142238122 3.9044170536051075
5.468792038680228 5.414497235449794 4.539169118354595
5.468792038680228 6.054823686749895 4.550288304546604
5.468792038680228 6.053129659121797 4.967189525452614
5.468792038680228 4.443906757573625 6.2063609349264315
4.443906757573625 5.869625698549967 5.502110231538225
4.443906757573625 8.663546521491416 6.867471932561477
3.8098737753019454 8.663546521491416 4.384961480118952
5.735569437709998 6.512659609045503 4.683203272363769
5.735569437709998 9.01833515703781 5.713866296029483
1.4538094142226972 5.735569437709998 3.267992969969735
1.4538094142226972 7.708089330173934 4.537867595676163
1.4538094142226972 9.18485189212843 7.06470131815151
1.4538094142226972 7.489920477599094 6.401377758488554
1.4538094142226972 7.735638212328137 5.590903096892044
1.4538094142226972 4.918775049231648 4.270613758201158
1.4538094142226972 6.590085890531263 4.552799507253484
1.4538094142226972 6.590085890531263 4.3413408202190045
1.4538094142226972 4.367115993420931 3.1134256652190992
1.4538094142226972 6.08851220401025 3.9862983096936793
1.4538094142226972 7.627307220421692 4.42234174465227
1.4538094142226972 7.697430934375564 5.689805523343835
1.4538094142226972 8.348480880776743 5.892485924027404
5.502829195674778 8.348480880776743 3.5724905374783016
0.35653581704858484 5.502829195674778 0.3565358170485846
0.35653581704858484 5.502829195674778 1.868749559611794
0.35653581704858484 6.720501155599829 2.6613733099083907
0.35653581704858484 0.35653581704858484 0.3565358170485846
0.35653581704858484 0.35653581704858484 0.3565358170485846
0.35653581704858484 5.072818801353474 2.5332818098046874
0.35653581704858484 5.648262011394767 4.182264549697729
0.35653581704858484 5.601260714685708 3.4161760634059686
0.35653581704858484 5.601260714685708 4.602986254360572
0.35653581704858484 5.601260714685708 3.0509247386757936
0.35653581704858484 6.642399367094807 5.427860079139513
0.35653581704858484 6.642399367094807 5.80036457949028
0.35653581704858484 6.627787237421774 5.218937199973238
0.35653581704858484 6.627787237421774 1.184649124269341
5.52751150405982 2.8277241557090425 2.0710145852494954
5.52751150405982 5.1448099693001055 3.626483082570763
5.52751150405982 5.250035525665194 4.592050166916365
5.52751150405982 6.0110121511270656 4.35875332912614
3.0278476601309845 6.0110121511270656 3.560218741875066
3.0278476601309845 5.52751150405982 3.4859248813491606
3.0278476601309845 5.52751150405982 3.3542912475121183
3.0278476601309845 3.3679129981601936 3.324915166338995
3.0278476601309845 7.227393192000296 5.646450477945125
3.0278476601309845 7.227393192000296 5.179223608833719
3.0278476601309845 6.409006217565352 5.852896226321193
3.0278476601309845 6.409006217565352 4.382325663808579
3.0278476601309845 5.445689161364729 4.295688364125447
2.390784324612739 6.348014060100809 4.266202920647098
2.390784324612739 5.547006484752604 3.96889540468267
2.3842425668708604 4.987962817563986 3.486571337288169
2.3212849930572053 2.491902022315895 2.4090149528332296
2.3374270036217983 6.307610933496338 4.73343472760074
2.3374270036217983 6.307610933496338 4.906104200874037
2.3374270036217983 5.851148789413138 3.654633793149896
2.3374270036217983 5.613148695058683 4.3163787895399475
2.3374270036217983 6.459907135546267 5.131828578698339
2.3374270036217983 6.459907135546267 4.714524013228059
2.3374270036217983 7.344357885049121 5.366047644287303
2.3374270036217983 7.344357885049121 4.112058114943142
2.3374270036217983 5.6415282352240474 4.707859655873828
2.3374270036217983 6.2775570907138665 4.8071455376800465
2.3374270036217983 7.369540091038294 6.181452708145775
2.3374270036217983 7.369540091038294 6.156852884022056
