3.1174178038817577 7.7434051000046225 5.449420353266844
3.1174178038817577 7.19578846948882 5.897416044105425
3.1174178038817577 7.19578846948882 3.513575572851482
2.833250923075639 5.684491016295876 4.006388196069687
2.833250923075639 5.684491016295876 3.5606345534469552
2.833250923075639 5.9009144890427585 5.534461620236559
6.275689413528106 5.9009144890427585 3.022167407545614
3.2024713737107473 6.008166133439683 4.975809499622573
6.275689413528106 6.665406324595313 4.91179751682572
6.275689413528106 6.665406324595313 4.577183426301887
6.275689413528106 6.398582004084158 5.8529818734316015
6.275689413528106 6.398582004084158 6.177925999591328
6.275689413528106 6.764862209270053 5.87084328969811
6.275689413528106 6.604339199551941 6.240678559264683
6.275689413528106 6.667059948891524 5.924483107493827
6.275689413528106 6.643383623676737 5.27585518060755
6.275689413528106 7.25993032735931 4.322571667064185
6.275689413528106 7.25993032735931 4.46041784764754
3.312548297861636 5.963376177461086 4.3703919194598955
2.08543606411622 6.275689413528106 4.57582993159048
2.08543606411622 4.052108692966453 3.7341649595437696
2.08543606411622 6.380709450099296 4.755907244556912
2.08543606411622 6.380709450099296 3.543202226935034
2.08543606411622 6.336957434574472 3.458529168857135
2.08543606411622 5.7720887835053105 5.319839915429028
2.08543606411622 7.689286551798066 6.345494014618914
2.08543606411622 6.562865150566797 5.678054187877655
2.08543606411622 7.83148988749023 5.7099118223076
2.08543606411622 7.83148988749023 5.9059441340033505
2.08543606411622 5.960115993141599 4.552223348128631
2.08543606411622 5.720739578792106 3.6236881509158887
5.368827525606083 5.720739578792106 2.9910255433950845
5.368827525606083 3.8270730118648797 2.4375439002238983
1.65576263818344 6.625268713291735 4.256113018959093
1.65576263818344 6.0762706751577475 5.416317667714734
1.65576263818344 6.0762706751577475 5.167473236150694
1.65576263818344 6.0762706751577475 3.585159382433085
1.65576263818344 3.3260419453362435 5.143809970858531
1.65576263818344 7.565057864771209 6.2522082147310325
1.65576263818344 7.565057864771209 4.860872449420769
0.06606055158269841 6.17707886929011 2.245684816180056
0.06606055158269841 5.6354709178995215 2.2081414617045545
4.919002071189809 5.5358253571364635 1.9594406765820795
4.919002071189809 7.566096410974927 5.244196877047123
4.919002071189809 3.2373461925989813 2.5331028190726665
2.0728044948552946 4.990070660373959 4.219960024492169
5.196946994244051 6.0393238429825296 5.192792613251884
5.196946994244051 7.718193602737445 5.533609657034408
5.196946994244051 7.6359359434376195 5.539912286826683
5.196946994244051 8.18067023171115 6.9924819869039725
5.196946994244051 8.18067023171115 5.341531373746469
5.196946994244051 7.6143807559361605 5.099460120705795
5.196946994244051 7.6143807559361605 3.732763413248489
3.224379568734886 5.196946994244051 4.769786582545192
3.224379568734886 6.613143609283963 5.410369695697685
3.224379568734886 6.384194628840309 4.3126368451840476
3.224379568734886 4.55285518924552 4.11208714838026
3.224379568734886 6.638654209552193 5.620287106376927
3.224379568734886 7.692841288740862 6.709518620912946
3.224379568734886 6.5407371519801245 5.180416022504422
3.224379568734886 7.608116969291601 6.795419974231322
3.224379568734886 9.021116790219562 6.23176739833417
3.224379568734886 9.25838810117479 7.07799442359989
3.224379568734886 9.25838810117479 4.094694524392238
2.633867353253596 7.359187611794656 4.958439699668217
2.633867353253596 7.7147404737203935 6.791246843690061
2.633867353253596 7.649317015158699 5.023703839326822
5.717676653110395 7.410685713044515 2.99662658439043
2.70712895523619 5.717676653110395 4.147070189332363
2.579443658386332 5.488828907159959 3.401131080253342
2.579443658386332 5.770946910276663 4.9880632374023435
2.579443658386332 5.765018512592576 3.928763240590573
2.579443658386332 7.676604441515165 5.3375636199991305
2.579443658386332 7.676604441515165 4.157548259001007
2.579443658386332 6.14338158190904 4.97928906247811
2.579443658386332 6.286389412712289 4.910677879210409
2.579443658386332 6.506966009346133 4.886411669524752
2.579443658386332 7.561352404613533 6.247488015833668
2.579443658386332 10.721276919562618 6.463166835058439
2.5084231367957526 10.721276919562618 5.048940289157055
2.5084231367957526 10.524603116428468 5.386190371230053
2.5084231367957526 10.524603116428468 4.3148850528343266
2.5084231367957526 4.369168825355683 3.9113559628031243
2.8933447737545532 5.348414969947317 4.324653349557117
2.8933447737545532 5.348414969947317 4.386130254913693
2.8933447737545532 6.250937608118637 5.157965159685753
2.8933447737545532 6.5462743948178925 5.8405096602053295
2.8933447737545532 6.344510608978435 5.0261051380314035
2.8933447737545532 6.105564276519889 4.973078140151445
2.8933447737545532 7.61843450505903 3.712301771219642
2.8933447737545532 6.059206554260999 4.265064031989019
2.8933447737545532 6.517701095185217 4.991572447635946
2.8933447737545532 6.595963265895271 4.969570888001867
2.8933447737545532 5.777050474842266 4.572043891696023
2.2798866467653984 5.556781083528389 2.768104822062697
2.2798866467653984 5.9716301472339275 5.129678289020392
2.2798866467653984 6.30599716237062 4.486665975215238
1.9780522574126072 5.798418301881444 3.8058665166029786
1.9780522574126072 5.798418301881444 3.548317178678564
1.9780522574126072 4.914631239363441 2.856210174752055
