5.629035652976718 7.407632009879624 5.148742795254024
3.289170204589649 9.213337487213707 7.243276700984627
3.289170204589649 8.454695813630767 6.925298057270724
3.289170204589649 8.454695813630767 7.1354805308279134
3.289170204589649 7.448865555738601 6.22718677000481
3.289170204589649 7.448865555738601 5.433924935215656
1.85952075171889 6.934998713828415 5.660324096105979
1.85952075171889 6.934998713828415 4.212602975831374
1.85952075171889 3.2702259360212307 2.713521000977498
0.6825625030636826 6.621770685939978 3.3054586434452533
0.5686935862584197 6.621770685939978 1.6312612815639866
0.5686935862584197 0.6825625030636826 0.6694237818938442
0.5686935862584197 6.970254079548436 2.8459324045231824
0.5686935862584197 6.355515301466504 5.9371492656855995
0.5686935862584197 6.355515301466504 4.965523488623455
0.5686935862584197 5.388398641673586 3.9547987024361904
3.7797700098635443 3.6405698223820413 2.1970448826392026
3.7797700098635443 3.350368875343474 3.0279016558753087
3.7797700098635443 3.350368875343474 2.450638200484284
3.7797700098635443 5.062413224710998 4.204266850315123
5.106598386792605 8.099197168440384 5.8975185942536665
1.957709247520143 8.58724603910564 4.95999111219053
1.957709247520143 1.957709247520143 1.9577092475201427
1.957709247520143 4.637280939992532 4.300479685572918
1.957709247520143 6.497927667498594 4.9126692967571035
1.957709247520143 6.497927667498594 5.192961334232729
1.957709247520143 6.242679505997277 4.244214223374742
1.957709247520143 6.335024788084752 5.0115306954026595
1.957709247520143 6.335024788084752 4.038844207163314
1.957709247520143 3.787721586943342 3.461470336794158
1.957709247520143 6.590097724802142 4.617092356508098
1.957709247520143 4.734471664020212 3.836115313155567
1.957709247520143 5.4261390764026025 4.194751917033729
1.957709247520143 6.3171903229087185 4.3839311722708825
1.957709247520143 6.3171903229087185 4.372711624430827
1.957709247520143 5.934362792706601 4.185855207258478
1.957709247520143 8.15434276441999 6.419976308164764
1.957709247520143 8.15434276441999 6.325263530417354
1.8547199050427285 6.01170692543246 4.005107958878796
6.2019701907248965 5.988515161059439 2.031985441105307
1.9022307732037622 6.2019701907248965 4.277044477425907
3.069091357589578 7.229790049538552 5.859642792977572
1.3081212048967719 7.229790049538552 5.548319455622618
3.069091357589578 5.7347741330803395 3.9799355492451634
3.069091357589578 5.712028204012306 2.0118481706615685
3.069091357589578 4.592748504501948 3.0198842899089047
3.069091357589578 5.513769814627949 4.233765525072895
3.069091357589578 5.513769814627949 4.04964459959654
3.069091357589578 5.513769814627949 4.491421669497382
3.069091357589578 4.920397378445767 4.156487690807992
3.069091357589578 4.3894568284949464 4.066714248250788
3.069091357589578 6.259894998008797 5.010170901724964
3.069091357589578 5.992683298941248 4.821902974208465
3.069091357589578 5.77904154795911 3.7738052545883747
3.069091357589578 5.77904154795911 3.3018414375919107
3.069091357589578 4.604647777123947 4.113012929398398
3.069091357589578 6.576731153093025 5.08497648170857
3.069091357589578 6.8993620650638015 6.100755230234835
3.069091357589578 8.19530458180252 6.668965278679025
3.069091357589578 11.417580451418756 7.022861102358511
3.069091357589578 6.175698498265117 3.9146705333798097
3.069091357589578 6.15678053058971 4.074866459677145
3.069091357589578 6.1464834343819135 3.9662763944867576
1.3022994222438133 3.069091357589578 1.5061600301683244
1.3022994222438133 5.303630876986219 2.9092265946580387
1.3022994222438133 3.2419506901439843 2.1162726766417936
5.6432844359138095 3.2419506901439843 1.4515033659284418
5.6432844359138095 5.581500870143898 3.9035297399382825
5.6432844359138095 5.776880442125432 4.192212494542688
5.6432844359138095 5.190519894572528 4.764149386906716
5.6432844359138095 6.243808517013758 4.67185508427901
5.6432844359138095 6.243808517013758 5.748808472448308
5.6432844359138095 6.438433736645859 4.939241312031836
5.6432844359138095 6.438433736645859 4.104205393031329
5.6432844359138095 9.465507746246523 6.994226516904201
5.6432844359138095 6.406978909562213 4.749389274809603
5.6432844359138095 6.0843714466900956 4.930451706852211
5.6432844359138095 6.31663955233671 4.852012299487435
4.195877282665098 6.34698700502301 5.391737347042946
4.195877282665098 7.697684324233892 5.776377201728731
4.195877282665098 6.562779985187486 5.391280768364168
4.195877282665098 7.127716887860554 6.441448599455815
3.0386751421746685 7.127716887860554 4.633632678376343
3.0386751421746685 5.551184523281819 4.560494409510953
3.0386751421746685 6.429157563962644 4.934091262177296
1.5204077791503434 6.429157563962644 3.708377754296362
1.5204077791503434 5.60153930790996 4.296545566348135
1.5204077791503434 7.442512299104413 6.436209936373917
1.5204077791503434 7.442512299104413 6.1426261515483
0.4472464839736223 6.54468400376901 3.4982787721757274
0.7529888981646313 6.507829413091965 3.386347658241355
6.595969276157163 6.35322559726329 4.058551198540206
0.7529888981646313 7.08425801438757 3.8276584587660705
3.277871236965247 6.34846964946372 4.707212802704732
3.277871236965247 5.66280459600738 4.594607968503421
3.277871236965247 3.808278400548446 3.758309006653449
2.3154025848059416 7.1498551522706855 4.397137944243146
2.3154025848059416 7.1498551522706855 5.23255241840756
2.3154025848059416 6.435742728523909 5.09613453404838
2.3154025848059416 6.435742728523909 5.290182363441852
