3.296045717336473 7.722395648993636 5.87121615902518
3.296045717336473 7.722395648993636 5.5669873240598395
3.296045717336473 6.416919606807845 5.241316935545718
3.296045717336473 7.009830407239091 6.15065179990807
3.296045717336473 6.645978375401395 4.1516724355567485
3.296045717336473 6.240322734355587 4.599725782198243
3.296045717336473 6.262621633252479 4.995381453342896
3.296045717336473 7.135487593757123 5.516960617206747
3.296045717336473 7.723725456035277 5.747888534801389
2.9307589445798503 9.65911517175897 6.215734677864796
4.323853446575885 9.65911517175897 4.012329766374871
4.323853446575885 6.123531666278989 5.713123584465037
3.2166579665014123 5.644297532819586 4.234913463841329
2.6785192371498963 8.478596523992914 5.921122602139135
2.6785192371498963 8.478596523992914 4.726820494686857
2.6785192371498963 6.082143660353289 4.808911375136064
2.6785192371498963 4.620961984499111 3.7660733297674875
2.6785192371498963 4.620961984499111 4.015571087627481
6.2752945229149795 4.13438432947423 3.8228467018588637
3.962187852054804 6.2752945229149795 5.163755706919697
3.962187852054804 5.976470608365876 5.340764925733074
3.962187852054804 6.648888923677795 5.570500969796196
3.593765506999859 6.648888923677795 4.970704245684691
3.593765506999859 6.648888923677795 4.542433657701677
3.773885974623376 8.577154846833276 6.710642935066549
3.773885974623376 8.577154846833276 6.69658809318627
3.773885974623376 7.625025706603028 6.500339138733481
3.773885974623376 9.036189096279308 6.11570437818413
3.4351924108543064 4.622379763550391 4.800670986429457
2.4223970139588684 6.409100698472539 3.6380439670516145
2.4223970139588684 6.458914789289359 4.7528492472939154
2.4223970139588684 6.6481697906493515 6.0761668296183
2.4223970139588684 6.419164494852854 6.1103931511805065
2.4223970139588684 6.419164494852854 4.835069835320966
2.4223970139588684 6.539862809810675 5.533498431340287
2.4223970139588684 6.341559972662733 4.547659572682807
2.4223970139588684 7.543094101143534 6.110123226777968
2.4223970139588684 7.543094101143534 6.075321736737298
2.4223970139588684 7.1678407328244145 5.106505215412739
2.4223970139588684 7.396584398993285 4.829739600139313
2.4223970139588684 5.9024343709611 4.5649405249134025
0.693487555576699 5.9024343709611 2.6426879264291654
0.693487555576699 5.132809126726055 2.893318459163046
0.693487555576699 5.1858695569725946 4.1879699860354025
0.693487555576699 7.466409749727502 5.347230245255409
0.693487555576699 9.940481183638529 6.259068655388737
0.693487555576699 10.661014753783455 7.059024810726867
0.693487555576699 5.685323362427365 3.4842662552464625
0.693487555576699 5.1866494823893525 3.5661252033580486
5.1851937043724305 1.0409628041408543 0.7734323993800059
5.1851937043724305 4.263322202164385 3.533366561676245
5.1851937043724305 3.0720117783069054 2.7845493993507677
5.1851937043724305 5.123162379242583 4.190275399106328
5.1851937043724305 5.123162379242583 2.7643043522308797
5.1851937043724305 5.123758855124667 3.982858563939515
5.1851937043724305 6.602355408200744 3.9790062140260494
5.1851937043724305 5.899768149540641 5.689731188711345
5.1851937043724305 5.899768149540641 4.392170206810622
5.1851937043724305 5.433773276422709 4.4052093221577895
5.1851937043724305 6.781283513720709 5.110707752294904
5.1851937043724305 6.781283513720709 4.573603340201924
5.1851937043724305 6.306996912130355 3.535449725174362
0.5665615058716473 6.306996912130355 3.178782806375522
2.741691205067728 2.837123451629371 1.5271838675383764
2.741691205067728 7.670596045699886 4.347531880603004
2.741691205067728 7.670596045699886 4.197211025860406
4.270356005156369 7.579325735569707 3.642638783035895
4.270356005156369 3.424073828435717 2.1282204401877767
3.674174453158401 6.660567557623715 4.060547739780211
6.333321937979559 6.543419298356913 3.061479679337832
5.459896305846126 6.543419298356913 2.0978557382315106
6.333321937979559 5.494448286299285 3.9871609165641457
6.333321937979559 6.513243390351413 5.624369409816788
6.333321937979559 6.513243390351413 4.408457181817528
6.333321937979559 4.356740530710304 2.0949048303600835
6.333321937979559 7.091758260019361 4.214885654171997
6.333321937979559 6.351302619211076 4.6506496488345865
6.333321937979559 6.023773535707246 2.4828884093809025
6.333321937979559 6.567929561643329 5.194148445915001
6.333321937979559 5.884988180018997 4.5956124162038705
4.150700403036506 6.333321937979559 5.331375045081259
4.150700403036506 7.1916915371119075 5.9504168792963945
4.150700403036506 7.1916915371119075 6.9925100954126975
3.340971176048676 7.1916915371119075 5.297474788387517
3.340971176048676 5.535000973090547 6.0340216123926815
3.340971176048676 7.058362994950073 6.037435829572933
3.340971176048676 7.703549376855424 7.2079011541877716
3.340971176048676 8.840943047433765 6.938113022769988
3.340971176048676 7.423896684861218 5.198887471833304
3.340971176048676 5.848858745448307 5.8572291717663525
3.340971176048676 6.2316770200663925 5.404674448877317
2.729957993577369 4.817689175831422 3.4796015623119727
1.1762971621792535 6.556006228222305 3.7189959938682806
1.1762971621792535 5.654570650911534 3.49136783689547
1.1762971621792535 5.688444335509406 3.974106790569322
1.1762971621792535 5.711811931503949 5.310095687809474
1.1762971621792535 9.821193212091327 6.699390531496113
1.1762971621792535 3.5927026524505448 2.965208233050141
0.9124486267189309 5.432907125441336 2.746252547712239
0.9124486267189309 4.544428528979896 3.1118507546354133
