6.2283647153867 7.658799858631287 5.686999477123684
6.2283647153867 7.658799858631287 4.614828426944296
5.850290236458182 7.363358738318741 5.224946666626897
5.3517129736837745 7.292354415742091 5.469578417545934
5.3517129736837745 10.395819025108427 9.556789207310956
5.3517129736837745 10.395819025108427 5.210149460806685
5.3517129736837745 6.618948009203997 6.202378363535009
5.3517129736837745 6.618948009203997 5.999412345158218
5.77614286214196 6.583614236080077 5.84991342689179
5.77614286214196 6.957257929853633 6.09187528862371
5.77614286214196 6.957257929853633 5.16475423217804
5.77614286214196 8.153471580876678 5.821133239321501
5.77614286214196 8.153471580876678 4.809614895591007
5.77614286214196 6.664393266291487 5.061387481603893
5.77614286214196 7.345910972139947 6.63143435098514
5.77614286214196 7.345910972139947 6.091496413715119
5.77614286214196 6.474926819601826 5.95958776416576
5.478552190214469 7.522715309791655 6.443475503883779
5.478552190214469 9.296172295265032 6.752164733061813
5.478552190214469 9.296172295265032 6.598784215655346
5.478552190214469 7.053931709544699 5.884291158422319
5.478552190214469 6.6610846747172765 6.1880129139403515
3.6973414287114363 6.6610846747172765 5.3405564602905065
3.6973414287114363 6.233710349952073 4.938487602809207
2.9590578858439547 4.448824426586672 3.7191983591288102
2.9590578858439547 3.933111467158018 3.5070781302298095
2.9590578858439547 6.597925666525917 4.710911669404249
2.6022259525614406 6.597925666525917 4.4902522486661764
2.6022259525614406 6.391107637604328 5.746799152869364
3.221187070531983 6.601822636409125 5.891701060044633
3.221187070531983 6.356077748782585 4.605666060075001
3.221187070531983 6.498093557443632 4.8182708425538525
3.221187070531983 6.473033673440163 4.074754089348259
3.221187070531983 4.227093294609201 3.95535021921065
3.221187070531983 4.227093294609201 3.983864785144484
3.221187070531983 4.797272735866372 4.231733985557678
3.221187070531983 6.585984155398602 4.103111374368771
3.221187070531983 5.51628583458584 4.841183299168096
2.9786979512854797 6.6233366357514285 4.271703164738607
2.9786979512854797 6.243492914977438 5.105845420565429
2.9786979512854797 5.238937853952152 4.835349671703487
5.533984404236158 6.203300707769948 3.8668594803747447
1.1390215399947228 6.203300707769948 4.043776968134922
5.142558480942988 6.621596520062976 5.143516503026046
5.142558480942988 6.621596520062976 4.1149689505743385
5.142558480942988 6.3477229521098835 4.142693518127196
5.142558480942988 7.357954844438767 5.42649321126528
5.142558480942988 5.795513876488457 3.3978970645782365
5.142558480942988 6.2541703531579955 5.145197543838407
5.747659547513965 6.517439906847528 5.609327051269812
6.353214530943475 7.225318358670984 5.617325294390415
6.353214530943475 7.664430233469085 6.188302647767288
3.5020874578508594 7.664430233469085 4.886976720179596
3.5020874578508594 7.330765249354249 5.665375496414059
3.5020874578508594 7.330765249354249 5.315161526651834
3.5020874578508594 7.330765249354249 5.896461784478516
3.5020874578508594 7.766981308058654 7.1238425135726535
3.5020874578508594 7.766981308058654 6.318924701747889
3.5020874578508594 7.658946447282959 5.673638864898156
3.5020874578508594 6.69577574814841 6.070958993468541
3.5020874578508594 6.69577574814841 5.592312598977453
3.5020874578508594 6.69577574814841 5.415213124464992
3.089733082297425 7.393059824788258 5.110300675647661
3.089733082297425 7.393059824788258 4.471009202094173
3.089733082297425 7.393059824788258 5.13269603775724
3.089733082297425 8.677351042767112 6.134732094194324
3.089733082297425 8.677351042767112 5.740777085984282
3.089733082297425 6.607276965857874 4.648078699685718
3.089733082297425 6.882858589550763 6.2884677199266585
3.089733082297425 6.882858589550763 5.87263863488948
3.089733082297425 6.266616102962502 6.036072898761725
3.0786537146508732 7.6202461271730755 4.977404932986212
2.1748163679338437 6.571943757251496 3.893776777318639
2.1748163679338437 6.530110429875162 3.136599672520983
4.157137623645234 6.786594881308947 5.756455485441901
4.157137623645234 6.786594881308947 4.236468328243321
4.157137623645234 7.652465809256345 6.114228749128329
4.157137623645234 6.015378718168378 3.292572175923147
4.157137623645234 6.278658759650437 4.147788234049911
4.157137623645234 6.278658759650437 3.539751488054172
4.157137623645234 7.090240068475618 5.796138247178918
4.157137623645234 7.556924470445233 6.498538930714839
4.157137623645234 7.556924470445233 4.355842803436085
4.157137623645234 6.129443028080338 4.825068886378188
3.7931029249410746 7.6687919654037024 4.511118604562489
4.6997156900940205 7.586975928364195 5.2593384197189526
4.6997156900940205 7.586975928364195 4.791332809066441
4.582694910233197 6.089848667466601 5.677881262268368
3.187700989272653 6.342256250238453 4.496927025993847
3.187700989272653 5.61659061816216 4.720833803186025
3.187700989272653 7.1465818468919196 5.801691131641222
3.187700989272653 7.1465818468919196 5.266662074869759
3.187700989272653 6.652154427736534 4.680335952271467
3.187700989272653 6.1353794055475745 5.724228613630793
3.187700989272653 5.808969522713543 5.552094563421066
3.187700989272653 7.371619965642996 6.266587239982
3.187700989272653 9.053319209665137 7.674092651072883
4.447104276434864 9.053319209665137 5.253554897258349
2.9939026667472857 7.371619965642996 3.581616886588225
2.9939026667472857 7.654949508228855 5.545760152805013
