6.499614407272954 6.866971168602147 5.189152169517262
6.499614407272954 6.368686122114163 3.8882718888187315
6.499614407272954 6.464614202367017 5.313069898556767
6.499614407272954 6.768454774259556 6.280559882303176
6.499614407272954 8.033134691206378 6.012621091413677
6.499614407272954 10.690650259347212 7.827082264406088
6.499614407272954 11.775729188874118 7.737977991906936
6.499614407272954 7.872757738707325 5.946666103052089
6.499614407272954 7.872757738707325 6.711005181351585
6.105384616229546 6.542690739577306 6.310890136477084
4.980688055843693 9.197699989609726 6.8760791907488015
4.980688055843693 9.197699989609726 7.476001014221297
4.980688055843693 7.763967199757419 7.601240719242368
4.980688055843693 7.763967199757419 6.39462682985127
4.564482040848027 7.763967199757419 5.3483692086963135
2.0224826920740644 7.09755052733019 3.8493821122014538
2.0224826920740644 7.656575796810296 3.7651809332968535
1.5132386078832103 5.169355834528751 4.504594603224143
1.5132386078832103 5.169355834528751 3.553845542032519
1.5132386078832103 6.069080592229643 5.142251428953693
1.5132386078832103 6.069080592229643 5.381096309250873
1.5132386078832103 6.2509575829583035 5.174905723865678
1.5132386078832103 6.489891466464218 5.9072883893058705
1.5132386078832103 6.489891466464218 3.826571278424554
1.5132386078832103 4.514971548580061 3.7147166805650014
1.5132386078832103 4.032871935338353 3.7518068842843753
1.5132386078832103 6.453239375334007 5.042481523094674
1.5132386078832103 6.640446939257327 5.17568837033066
1.5132386078832103 5.567341563930725 5.187385326149064
1.5132386078832103 5.567341563930725 3.8276240258447625
1.5132386078832103 6.201233997677026 4.226346695798176
1.5132386078832103 7.731109196719714 5.054713297220719
1.5132386078832103 7.731109196719714 3.40164394786819
1.5132386078832103 7.4612510103477465 3.9745923999223383
1.5132386078832103 5.66193345259968 4.955988621123273
1.5132386078832103 5.724417098522014 4.254564859484798
1.5132386078832103 5.724417098522014 4.530513336317789
1.5132386078832103 5.724417098522014 3.8001874540022604
1.5132386078832103 6.430364630394315 3.1806019459596646
1.5132386078832103 6.430364630394315 4.89503098124902
1.5132386078832103 5.867849577515287 3.861849353359785
1.5132386078832103 4.826327202793326 3.949185186983254
1.5132386078832103 6.278246688349082 5.676366188443664
1.5132386078832103 6.278246688349082 5.907000975115606
1.5132386078832103 6.278246688349082 5.708500787033115
1.5132386078832103 5.738897665662154 4.1588309434767945
1.5132386078832103 5.693788966726654 4.8999101579378594
1.5132386078832103 4.24619879788759 3.0085916728733944
1.5132386078832103 4.033127260633293 3.8225962917354366
1.5132386078832103 6.049123271519814 4.799392434604808
1.5132386078832103 6.666575294430352 4.594399472795606
1.5132386078832103 6.666575294430352 5.636114235309038
1.5132386078832103 6.483487299883365 5.141990078052297
1.7450193558525489 5.813992723384732 3.410016234449757
1.7450193558525489 6.336172176425347 5.790992320062779
1.7450193558525489 6.424196345271827 5.800007705569737
1.7450193558525489 6.617439358877753 5.366010924175669
1.7450193558525489 4.962593962235516 4.531384320757228
1.7450193558525489 6.474023199224824 4.531935793520856
1.7450193558525489 4.476606199416398 3.788534764645851
1.7450193558525489 6.392404044257816 4.1266613733570265
1.7450193558525489 7.2226592091871815 5.524378686727818
1.7450193558525489 7.921146100801215 6.5955184513641525
1.7450193558525489 7.921146100801215 4.904453953977401
1.7450193558525489 7.584854807520312 5.034485086270247
1.7450193558525489 7.836955597653011 5.521810379421551
1.7450193558525489 7.836955597653011 4.996768895011584
0.8710847044110257 4.6816125883450965 2.684441203388324
0.8710847044110257 3.2318706548731737 2.6613231707242124
0.8710847044110257 4.608044753503016 4.134808895436053
0.9243209014480986 4.608044753503016 1.3672373738416275
3.2850748239001395 5.145602330883925 2.6667730798316005
3.2850748239001395 2.72762084867674 1.925573447866617
3.2850748239001395 6.916728072936772 3.8590075513712483
3.2850748239001395 7.711726872713896 6.0363523869941655
3.2850748239001395 7.751402742240396 5.142878527721789
3.2850748239001395 7.1353256088857435 1.5620916996217107
3.2850748239001395 7.427535347710823 4.2898820278344285
3.1353138511706438 8.121998965297825 6.210327483348779
3.1353138511706438 8.121998965297825 6.09420186633689
3.1353138511706438 4.581313801408879 3.7798910214752865
3.1353138511706438 4.581313801408879 3.7423750080896485
3.1353138511706438 4.581313801408879 4.199561877237278
3.1353138511706438 4.89865024968103 4.329664943923951
3.1353138511706438 6.757321871691774 5.179903007014005
3.1353138511706438 6.757321871691774 5.0982409282417995
3.1353138511706438 6.327535437087416 4.59878580491717
3.1353138511706438 6.327535437087416 4.551906537889623
3.1353138511706438 7.2156153027776035 4.955196646991553
2.7727126361401955 6.490342908124791 4.420685949501054
2.7727126361401955 6.63548245301871 5.355421164697487
2.7727126361401955 6.63548245301871 5.07083638187682
2.7727126361401955 6.478176194688881 5.103014570067269
2.7727126361401955 6.394037567681146 4.446982565747963
2.7727126361401955 8.12915447032741 5.252686985939581
2.7727126361401955 6.552167094004886 5.501566785129019
2.7727126361401955 6.552167094004886 5.716423456373837
2.7727126361401955 6.42639298920254 4.537576690962706
2.7727126361401955 5.787099818893811 4.224043861184684
2.7727126361401955 3.642228879072825 3.5533924352243145
