2.463320812882636 7.470631859363117 5.366223059981352
2.463320812882636 7.470631859363117 6.118238170916036
2.463320812882636 7.2554391237387925 6.258729540166808
2.463320812882636 7.478740234155811 6.3440772203677644
2.463320812882636 7.680235115473508 5.998664247414121
2.463320812882636 7.680235115473508 5.192076828446671
2.149679895151998 6.650817480866017 4.260485604053965
6.27557526020345 7.779935485531631 4.850280663465536
1.6175077128962454 6.27557526020345 3.5996131688871307
4.4728026571320285 6.542825630489141 4.954698946833495
4.4728026571320285 6.542825630489141 5.530089375513345
4.4728026571320285 5.358748773246841 4.157467008781206
4.4728026571320285 7.283026067895635 6.102982868455878
4.4728026571320285 7.283026067895635 4.688352010456222
4.4728026571320285 6.2727993478013815 5.336187333753478
4.4728026571320285 6.2727993478013815 4.254139030227853
4.4728026571320285 6.343881064045863 4.4646286416425545
4.4728026571320285 5.834729815214654 4.937435095669378
4.4728026571320285 6.294682432720837 4.849300715831623
4.4728026571320285 5.451769510926606 4.684873227343946
4.4728026571320285 6.608111832062416 5.755449790808212
4.4728026571320285 7.753069853480403 6.446457877481057
4.4728026571320285 6.345028791514878 5.695600687986123
4.4728026571320285 7.095847182743626 6.2287640406078015
4.4728026571320285 7.3009634112807635 6.76479191185975
4.4728026571320285 7.3009634112807635 5.747590791950487
4.702873143497836 6.229876963100697 4.683170114024205
4.702873143497836 6.229876963100697 3.839673467083727
4.702873143497836 4.972224940069271 3.2880699889215514
4.702873143497836 4.4728026571320285 3.325472989614206
4.702873143497836 6.181921966659637 4.621357340749861
4.702873143497836 6.580123062800254 5.250640964614316
3.79146060750103 6.580123062800254 5.992801426906947
3.79146060750103 6.508355494570274 6.237276488709172
3.79146060750103 7.654897336139925 6.670596006974309
3.0061943772748454 7.654897336139925 4.428574886432434
4.131943307476551 8.727869484443788 5.638697036362661
3.642741220836243 5.072480175253414 4.232914288227865
6.239194403147906 8.25019706744294 6.281930907689053
5.829951830088657 9.636806833693921 7.700740688028794
5.829951830088657 11.456614746220598 9.256931264531207
6.5861872236343295 7.490068007159659 6.518062678703332
5.829951830088657 9.081268059224177 7.424733363025941
4.002577900998784 9.081268059224177 5.9222335929265455
4.002577900998784 8.351929825776246 7.092628550336808
4.002577900998784 9.517165343002237 7.195967225499588
4.002577900998784 9.033118152559497 7.603662495317575
3.9299731076686517 10.275273766802972 6.874618245497798
3.9299731076686517 10.275273766802972 4.875205196840842
3.9299731076686517 9.98228850414513 7.497130544928018
3.9299731076686517 9.943929343702429 6.527336140822538
3.9299731076686517 9.943929343702429 5.799101659056201
3.9299731076686517 6.523040072694343 5.1486657099453845
3.9299731076686517 6.239040680087992 5.939088676737375
3.9299731076686517 7.44123699706531 7.051372345561575
3.9299731076686517 7.44123699706531 6.15565194632402
3.9299731076686517 6.258930371185812 5.718238860699235
4.457997064234821 6.258930371185812 3.3815933518178816
4.457997064234821 6.601262615664961 5.802023752803418
4.457997064234821 6.601262615664961 5.383853744960991
4.457997064234821 6.157557197911775 5.894208431111901
4.457997064234821 6.113299285123876 5.882695969778472
3.812640762023794 6.061603689242691 5.048442195995931
3.5477097700626143 5.570715787937861 4.475168712214203
3.5477097700626143 8.902323170609101 5.947806566774773
3.5477097700626143 8.902323170609101 5.867933056697689
3.5477097700626143 7.646077956859887 4.432745476378421
2.951589801061307 4.777295984599146 4.034740976784292
2.951589801061307 3.831296390139624 3.6817914886959784
1.7196687275340818 5.362865315373153 3.5886486012046666
1.7196687275340818 1.7196687275340818 1.7196687275340825
3.2726111189742935 6.122139531212611 4.3658262358936755
3.2726111189742935 6.122139531212611 3.838394373135474
3.2726111189742935 5.858777392402043 4.208306890751646
3.2726111189742935 5.858777392402043 3.083978328874766
3.2726111189742935 5.726662230180505 3.7082800111527114
2.9020092625393805 6.3176920460167345 5.1777409895246835
2.9020092625393805 5.894487624674959 4.789839769924168
2.9020092625393805 7.089932114763375 5.259951589560724
2.9020092625393805 7.26284552600333 6.5304019997518035
2.9020092625393805 8.191839472505272 7.418348577738852
2.597093129699943 8.151592724740288 5.172435870981618
6.458085352086954 8.151592724740288 4.149170979252948
5.058364314987564 7.890132273840615 5.765734598382106
5.058364314987564 6.7784394891473205 5.217637677607996
5.058364314987564 6.7784394891473205 5.181803507345689
5.058364314987564 8.0126003930488 6.896445835303014
4.599013456570404 7.5627094764983305 6.466442989787296
4.456887016320458 7.5627094764983305 5.318568681895836
4.456887016320458 6.292481230078927 6.0480147501254455
4.456887016320458 7.354533804884154 5.481257204366066
4.456887016320458 5.489985047796647 5.405059472651877
4.456887016320458 7.520094147416476 6.123614692112416
4.456887016320458 7.520094147416476 5.813807935067801
6.630641837531513 7.520094147416476 5.071805733310129
6.630641837531513 8.929701784023656 6.310144507796765
5.94678841772868 8.929701784023656 6.555871129274644
5.10432322026908 5.94678841772868 5.469185348105102
4.555288275817787 5.973011230747609 5.297304370045013
4.555288275817787 6.4764904527362255 6.286668717769934
