3.480785383849231 7.33006154942194 5.2265527614886915
3.480785383849231 7.33006154942194 4.89115972870626
3.480785383849231 7.7001291484057734 5.974266747517178
3.480785383849231 7.7001291484057734 6.36320443870627
3.480785383849231 7.633061249588165 5.2292586032096855
3.480785383849231 6.387227674419332 5.22979901241825
3.480785383849231 6.732037469282254 5.986335972704424
3.480785383849231 6.253480310836764 5.431638679710574
3.480785383849231 3.960499439877243 5.2728268249802515
3.480785383849231 7.325099855418049 6.237165114768533
3.480785383849231 7.325099855418049 5.7489967876985775
3.480785383849231 7.325099855418049 6.087924674149903
3.6500504332058594 6.447565583963463 4.111860908458519
2.5954639969262314 6.476980543252189 4.559941456473717
6.4676179701856995 5.840563958150973 3.6894034673003335
2.5954639969262314 6.4676179701856995 5.002106705737031
2.5954639969262314 6.633678960153997 5.654810745318804
2.5954639969262314 6.633678960153997 4.566303961525349
2.5954639969262314 6.633678960153997 4.26057188882452
2.5954639969262314 6.65449412225632 5.752187273008288
2.5954639969262314 6.6272489653378415 4.721727688399763
2.5954639969262314 6.6272489653378415 4.75324878422301
2.5954639969262314 7.403464889727493 6.618383132591666
2.5954639969262314 7.702943848245445 6.871381415093148
2.5954639969262314 7.702943848245445 6.584903520820439
2.5954639969262314 7.702943848245445 6.914315398750737
2.5954639969262314 7.302023309207829 6.721014477007724
2.5954639969262314 7.402272983573965 5.936760712024342
2.5954639969262314 7.302023309207829 5.208689783901368
2.5954639969262314 7.090850632405267 5.841535168698074
2.5954639969262314 7.770433495393503 6.68145396335197
2.5954639969262314 7.770433495393503 5.896131794225322
2.5954639969262314 8.962787271306516 6.413343252858003
1.0144508064979836 6.636657135811461 4.088385486465875
2.6047530397972882 6.636657135811461 4.2878496100089105
2.6047530397972882 7.777266802948509 5.358573953114681
6.054476797944563 8.117838030508445 7.05374458730001
6.054476797944563 8.117838030508445 6.115299930561727
6.054476797944563 8.117838030508445 5.019187409988452
6.054476797944563 4.36966854755029 4.141991559784162
6.054476797944563 6.13070234643374 5.331237770383861
6.054476797944563 6.374251106412345 5.459121663603424
6.054476797944563 8.76196111992068 6.574120593640905
6.054476797944563 8.713800487699338 7.603169737651843
4.518118946762641 8.583592348097236 6.389638790222661
6.147475772318845 8.601917047232838 6.3392090212557
4.518118946762641 8.601917047232838 5.973300492105939
3.8827804597033695 6.364708632942367 5.094261876280431
3.8827804597033695 6.6668171303347705 6.140056103667381
3.8827804597033695 9.173731201712387 6.741105716786669
6.064757073357537 9.173731201712387 5.482266930634196
2.92082069343401 9.257059633680669 6.073465635638134
2.92082069343401 6.064757073357537 4.814042432137501
2.6196147001477468 7.37098614506235 4.91621482757459
2.6196147001477468 5.5647155862524755 2.9442013407320333
2.6196147001477468 6.559979999310865 4.405696973325226
2.6196147001477468 6.559979999310865 5.22260188336413
2.6196147001477468 6.328988948868474 5.6665337932142545
2.6196147001477468 7.42911956516722 5.593637496206639
2.6196147001477468 7.42911956516722 5.4045084111036905
2.6196147001477468 6.262005517275796 3.8563262255108004
2.6196147001477468 5.927759223984204 4.112654691970521
2.6196147001477468 6.4442049687188145 4.912238795432708
2.367476777978091 6.4442049687188145 3.75167543963511
2.367476777978091 6.4442049687188145 5.856160143500968
2.367476777978091 7.403078452123168 4.763901098076929
3.3606066533080363 5.561275169819247 3.3392373627462058
3.3606066533080363 3.691697808549766 2.7420335902519595
3.3606066533080363 4.049014158592229 2.8417051520447743
2.9104493345112243 5.650351673955157 4.111571966186677
2.2375749998668657 5.650351673955157 2.9157450185355205
5.543044701690555 6.510066198696812 3.7708258177835714
5.543044701690555 4.87944174051697 3.9845443640631917
5.543044701690555 5.338504655879024 4.044408015609668
5.543044701690555 5.787317964765805 4.473166185213357
5.543044701690555 6.528267365853946 5.296217375711813
5.543044701690555 6.06916181662292 5.286031115474829
5.543044701690555 6.579191655825159 5.763177217845325
3.8784995440264436 5.845179614406902 5.030661334892043
2.779299770904498 5.845179614406902 3.8103483036121117
2.779299770904498 6.555389210541566 5.360487384085607
2.779299770904498 6.555389210541566 4.530894156936676
2.779299770904498 5.854928098038219 4.236530912534086
0.70076086469706 5.854928098038219 2.3701598882124757
0.70076086469706 5.82553443233142 2.6718276214795065
0.70076086469706 5.6733498775702245 4.477680113964829
3.371893491723718 5.6733498775702245 3.6784153351710915
3.371893491723718 6.706652713736844 5.244800138667703
3.371893491723718 6.706652713736844 4.489881926097941
3.371893491723718 6.706652713736844 4.637956351683337
2.787427010990822 7.106188685404396 4.84715791171893
2.787427010990822 7.024549887579582 5.005081900580336
2.787427010990822 7.024549887579582 4.168591555198176
2.787427010990822 4.231733443230297 3.6543618762442045
2.787427010990822 5.914500177511478 5.616143693163009
5.047421091573181 5.914500177511478 4.177190307304634
2.5647220402966338 5.404614401791296 4.18370403206025
3.664420063903574 6.443891334843663 4.205920319650281
2.5647220402966338 6.443891334843663 3.7644692538048354
2.5647220402966338 4.647946236863767 4.071482975211437
