3.004545390960129 7.755816041757102 5.278838094906616
3.004545390960129 6.537299590426695 5.609577512326975
3.004545390960129 7.745930240073758 6.810094505679899
3.004545390960129 7.745930240073758 6.353404971485222
3.004545390960129 6.996049217882208 5.989380147485509
3.004545390960129 7.707051689576092 6.445956961013171
3.004545390960129 7.707051689576092 5.488391981539501
3.004545390960129 6.198575187312521 4.184051387743926
3.004545390960129 6.198575187312521 4.1248743102102905
2.665766916677573 6.515283834052241 4.491821920630082
5.5578626753754925 6.515283834052241 5.818996518533462
5.5578626753754925 6.515283834052241 6.115881245110474
5.5578626753754925 9.299733239807503 6.755769007731369
5.5578626753754925 9.299733239807503 4.8504721980530245
5.5578626753754925 6.6837880754515595 3.917958813187724
5.5578626753754925 6.355036274663622 4.582164027169191
5.5578626753754925 4.7863844049902795 4.07602388850573
5.5578626753754925 6.173330200875348 4.8825799755637425
3.9733545327131066 5.611928008887855 5.206480607097845
5.711444419796035 5.611928008887855 3.7997847489778183
5.711444419796035 6.352640674948521 4.94457574210727
5.711444419796035 6.352640674948521 4.692524660883641
3.1204905889102865 5.558355178732885 4.671568077910784
3.1204905889102865 6.246109905766605 4.725616900215327
3.1204905889102865 6.246109905766605 5.289829016840315
3.1204905889102865 8.96071418254722 6.204581903251205
3.1204905889102865 8.96071418254722 4.9154265868328855
3.1204905889102865 5.063308223568981 4.488576601747711
3.1204905889102865 7.334013863944987 5.879915571005577
3.1204905889102865 7.3283011531600195 6.597049597569001
3.1204905889102865 7.3283011531600195 6.36846678634864
3.1204905889102865 6.596724126214358 5.926162719364077
1.853252068153378 7.675280296072838 4.462637686206641
4.2483722727590525 7.675280296072838 4.184752957040138
5.53308641823844 5.955580437495922 3.854381657366855
5.53308641823844 5.955580437495922 3.586173681322665
4.329768111016644 5.53308641823844 4.955941012475914
6.3669872807370815 5.515991458454842 4.532800169687713
4.329768111016644 6.3669872807370815 5.530596398544871
4.329768111016644 6.568531530318015 5.8179471078687754
4.026584728398042 6.568531530318015 5.093708868658423
4.026584728398042 9.445162446239674 7.289113956529671
4.026584728398042 9.445162446239674 7.448359873517102
4.026584728398042 9.318514026043548 6.238675172865176
3.6572383425329034 7.675194543459554 5.647205164762058
3.6572383425329034 7.530560369228503 5.279245975481453
3.6572383425329034 6.6670606850524265 5.824737241279404
3.6572383425329034 6.787878520165497 6.574153804565278
3.6572383425329034 6.787878520165497 5.977311958166515
3.334052266414194 6.656399976738797 4.475635450903199
3.334052266414194 7.926075185180938 5.608084574562317
3.334052266414194 7.926075185180938 5.49300510106691
3.334052266414194 7.767024935625075 7.301574854836222
3.334052266414194 7.49426649972531 4.301520326176139
3.334052266414194 6.403439821294619 5.400395804547647
3.334052266414194 6.403439821294619 5.566811782303882
3.334052266414194 6.321904871554942 5.546616924582574
3.334052266414194 6.298733208951628 5.885357768269696
3.334052266414194 6.3940609611317925 5.903994582327874
3.334052266414194 6.3940609611317925 5.310781825815624
2.4055179754494245 6.3940609611317925 4.024929402633976
2.4055179754494245 7.232664433958025 5.999986623298113
2.4055179754494245 6.113281841310883 4.888827371641279
2.4055179754494245 6.133604255386324 5.7032984162937375
2.4055179754494245 6.133604255386324 4.759068855005834
2.4055179754494245 5.686404965205156 4.719605097025452
2.4055179754494245 7.694724860911233 5.5187576990308775
5.5288470626927975 7.694724860911233 4.149100514461335
5.5288470626927975 6.9934845722670325 4.188608507275851
5.5288470626927975 6.9934845722670325 3.107229399463269
3.264117491402996 5.736000340573618 2.8519708834006865
3.3968742028650074 6.271485146614921 5.159252694418511
3.3968742028650074 9.204303163309971 7.0620363987757795
3.3968742028650074 9.204303163309971 5.127646567724704
3.3968742028650074 6.246360040934476 5.823951611172128
3.3968742028650074 6.386499422251365 5.381344102531286
3.3968742028650074 3.336228628166691 5.332874942275025
3.3968742028650074 5.9821626736784985 5.029140334478571
3.3968742028650074 4.968129169888989 4.668163115046662
3.3968742028650074 6.7224845768955 5.240180217379371
3.3968742028650074 6.7224845768955 5.390650454857444
3.3968742028650074 9.021337818382504 6.830905905192257
3.3968742028650074 10.029258414243275 7.277702161171866
3.3968742028650074 12.86274699015463 11.017457766212145
2.514737775726655 15.615666480916865 10.19688913989027
2.514737775726655 15.202750718328733 6.6403570508604925
2.514737775726655 6.667311831754262 6.358660511834937
2.514737775726655 7.82488217787615 5.434156360235661
2.514737775726655 6.781037438270866 5.286979632314049
2.514737775726655 7.8237068622439345 4.480485236871826
2.514737775726655 7.8237068622439345 3.3554044705387502
3.2757335347410366 5.380230428238786 3.778607338200108
2.8769331349495215 5.380230428238786 3.989685711044502
2.8769331349495215 4.435549917211194 3.8761521206268084
2.8769331349495215 4.249072136936256 4.1962975599367685
2.8769331349495215 7.575352757442051 6.016810739454439
2.8769331349495215 7.575352757442051 4.925450626434625
2.8769331349495215 5.329451358627619 4.958469306473404
2.8769331349495215 6.446488235090538 5.822348527418693
2.8769331349495215 6.210920236758028 5.937068847907964
