0.8538145272685225 7.678373003404236 5.520444012004552
0.8538145272685225 6.646219632253548 4.849367571244375
0.8538145272685225 5.466614605814058 4.666029144038204
0.8538145272685225 2.8453708887369022 2.762398243962325
0.8538145272685225 6.660734552577228 6.573452823301672
0.8538145272685225 6.660734552577228 6.255223005316692
0.8538145272685225 9.203460675554656 8.045165185030555
0.8538145272685225 7.053862617472168 6.7836024641276245
0.8538145272685225 7.542059456689417 6.81248853104668
0.8538145272685225 6.91210526836803 5.243709663135194
0.8538145272685225 6.4104572528310655 5.900172037559323
0.8538145272685225 6.345340201404451 5.9344345849879945
0.8538145272685225 7.599435077573268 6.561482023072407
0.8538145272685225 7.695123056009846 5.977140010191242
0.8538145272685225 4.328653748803344 4.293905356587989
0.8538145272685225 4.537260412560084 4.398208688466365
0.8538145272685225 5.9988521832237645 5.464148052679865
0.8538145272685225 6.615111320293977 5.448327434933043
0.8538145272685225 6.363520122529756 5.34471525439954
0.8538145272685225 4.415756829495894 4.28884030317294
0.8538145272685225 4.327432632504163 4.015405299126443
0.8538145272685225 6.594852938703827 5.426406604551635
0.8538145272685225 6.618201417070473 5.345303682320621
0.8538145272685225 8.506618336475372 5.808595620950619
0.8538145272685225 8.506618336475372 8.430090298383316
0.8538145272685225 6.133567009803119 4.928701199427369
0.8538145272685225 3.7824072433737226 3.7266789190483935
0.8538145272685225 3.9848781663264146 3.9462390493917696
0.8538145272685225 5.666700872732733 5.38073146741657
0.8538145272685225 5.666700872732733 5.029939636551796
0.8538145272685225 6.245974483643014 5.904507063862039
0.8538145272685225 6.2780269805385736 6.208079132527056
0.8538145272685225 6.245974483643014 5.179194296261645
0.8538145272685225 7.270709467963647 5.55826345852472
0.8538145272685225 8.352579366624317 6.925371670098603
0.8538145272685225 8.76334542356491 4.82421024879467
0.8538145272685225 5.786269709402383 4.5235596258642286
0.8538145272685225 7.050542924215147 6.356439032839308
0.8538145272685225 6.622077313742135 6.393230422716194
0.8538145272685225 6.622077313742135 5.303234479117043
0.8538145272685225 4.65134478318911 4.527679124661248
0.8538145272685225 4.443654533010651 4.085519945640934
0.8538145272685225 6.6816333485832615 5.677917618795918
0.8538145272685225 4.790758265434867 3.92240706813356
0.8538145272685225 4.189560265636963 3.3919087924678513
0.8538145272685225 3.2467526095684573 2.9776589837655107
0.8538145272685225 7.542664132672975 5.0903221451175655
0.8538145272685225 11.026836147400747 9.424613715961918
0.8538145272685225 7.96460713671194 7.470103457563891
0.8538145272685225 4.550206783921276 4.02345106865765
