2.5548164252201144 7.72189886831376 5.524477675126284
2.5548164252201144 3.3677453855501764 3.1415610920486783
2.5548164252201144 2.9316353777537896 2.9278671882284524
2.5548164252201144 4.854692457660143 3.8701651573825604
2.5548164252201144 6.056108499175867 5.943198359824753
2.459333611704349 6.056108499175867 4.22270813470055
2.459333611704349 6.0428523905327545 4.764885892183482
2.459333611704349 7.007327088121144 6.5969038210692315
2.459333611704349 6.501062239561438 6.175174608576736
2.459333611704349 6.501062239561438 6.1803524912589625
2.459333611704349 5.940477315513622 4.653312091697262
2.459333611704349 5.940477315513622 4.748187663018751
2.459333611704349 5.719330545875341 5.594805462656471
1.9161040219794327 6.4703552779493165 4.1531194333019235
1.3060599643732727 3.257393726145534 2.2683139482177417
1.3060599643732727 5.635496296729318 3.5608409471923945
1.3060599643732727 6.238142483258816 5.254100175659858
1.3060599643732727 6.579209527723595 5.646237345299084
1.3060599643732727 4.818728154141564 4.733950316580148
1.3060599643732727 4.719425842814104 3.9788626975768637
1.3060599643732727 6.33429899129926 5.423726804431663
1.3060599643732727 7.233599333374169 6.2027716830764525
1.3060599643732727 9.188415076039956 7.110786447051169
1.3060599643732727 7.769005632849684 7.093115661433894
1.3060599643732727 7.769005632849684 7.656700787668199
1.3060599643732727 9.672974567007742 7.8258770416530306
1.3060599643732727 10.334998254217993 8.301072108890876
1.3060599643732727 4.602462437331699 4.523973030555612
1.3060599643732727 6.63352356396355 5.423812955441906
1.3060599643732727 4.40505697936095 4.154567913218078
1.3060599643732727 4.263854462829062 3.4502969898496927
1.3060599643732727 4.533606124088646 3.594649003302558
1.3060599643732727 4.5178021536881126 4.211688303010652
1.3060599643732727 4.5589056803822565 4.523480188336801
1.3060599643732727 6.308337023788646 5.400031999651324
1.3060599643732727 6.308337023788646 6.2583142531944915
1.3060599643732727 6.489014190520191 6.348652836560263
1.3060599643732727 6.54315279249872 5.329980928836071
1.3060599643732727 5.574854921714575 4.918268511609332
1.3060599643732727 4.402511401823418 4.34382018686266
1.3060599643732727 4.0908440626835265 3.738706373099828
1.3060599643732727 7.438075646279934 6.047497207974723
1.3060599643732727 5.870004341533125 5.600889219573844
1.3060599643732727 7.920933939729682 6.732596776343545
1.3060599643732727 6.488599742096838 6.098623768091063
1.3060599643732727 5.798496525303904 5.753572159694597
1.3060599643732727 7.6946333744374105 6.701640584261352
1.3060599643732727 7.169775029459483 6.837143178305607
1.3060599643732727 6.241337658847456 5.780746382626888
1.3060599643732727 5.80468647909743 5.471258317644546
