2.076554707256648 7.743959301977341 5.321713460141038
2.076554707256648 5.6556481675972385 4.241402074395222
2.076554707256648 6.734025407487675 5.8741001389834535
2.076554707256648 6.734025407487675 6.687450700485362
2.076554707256648 6.44409101966442 5.785072901607704
2.076554707256648 7.492793734530501 6.384986944607158
2.076554707256648 6.1863821822363825 5.171258147916185
2.076554707256648 7.085917903012447 4.935902082630215
2.076554707256648 6.112022895210291 5.092620902324066
2.076554707256648 5.083552413034692 4.785738684033999
2.076554707256648 5.989080483951984 5.27157144958304
2.076554707256648 6.643776427214547 5.594414083431884
2.076554707256648 6.546909227469747 5.7829711483146875
2.076554707256648 5.5376298120920815 5.0954013323431235
2.076554707256648 6.628410727816426 6.037501709748649
2.076554707256648 6.6540020625065495 6.38909030762231
2.076554707256648 6.6540020625065495 6.401122130638149
2.076554707256648 9.645954949565251 6.367567137008575
0.8236012408530162 3.2405673292980706 2.0204441588551303
0.52628961225339 3.457111489640678 1.9653654484591576
0.52628961225339 5.353578464862654 4.2696172946749735
0.52628961225339 3.51605361049575 3.178297973276865
0.52628961225339 3.51605361049575 3.4861559705133316
0.52628961225339 6.514807837889133 4.985533084210018
0.52628961225339 4.59334302450014 4.516135153656431
0.52628961225339 4.5202683510576485 4.480328563669611
0.52628961225339 4.5202683510576485 3.791323516265418
0.52628961225339 4.575446990922622 4.522884965411235
0.52628961225339 4.55130608747325 4.471150935731594
0.52628961225339 6.497285471000101 6.4281962871712945
0.52628961225339 5.967637627173499 5.411160061346155
0.52628961225339 7.605225488092822 5.420552016416975
0.52628961225339 4.9619920953250904 4.551883831439577
0.52628961225339 4.272616614777277 2.404062768075125
0.40402998733494444 7.480622648592041 3.8727829876001016
0.40402998733494444 5.387255516016619 2.845810496388965
0.40402998733494444 3.0553673182198016 1.7031852794685267
0.40402998733494444 5.150076369372798 4.460275613077204
0.40402998733494444 7.388839508514415 5.050749949855658
0.40402998733494444 6.583277955980506 5.769979903368052
0.40402998733494444 7.728875160612315 6.625445538316095
0.40402998733494444 7.728875160612315 7.655626708879545
0.40402998733494444 0.40402998733494444 0.40402998733494405
0.40402998733494444 0.40402998733494444 0.40402998733494405
0.40402998733494444 5.419067548970016 2.8613983925361315
0.40402998733494444 4.622257274903497 2.5131436311192203
0.40402998733494444 2.9068120929542833 1.8157383319564573
0.40402998733494444 0.7312081338897234 0.7279363524241753
0.40402998733494444 5.361898027178604 3.0432812990686164
0.40402998733494444 3.8683594874423304 2.2651405156649544
