0.24931543038480486 7.771992017976057 5.7412136805099045
0.24931543038480486 5.764069425590812 5.678901403563454
0.24931543038480486 3.1938729202251257 2.9237124786272153
0.24931543038480486 4.939241482789907 3.7963967599096
0.24931543038480486 6.5175952826372985 5.92713562290122
0.24931543038480486 5.462041560210192 4.664196357331875
0.24931543038480486 6.29744687678615 4.768190244806149
0.24931543038480486 5.290904398853339 4.294294512190069
0.24931543038480486 6.6681487324438855 5.9282843333586275
0.24931543038480486 3.3915007884625052 2.6709778538870057
0.24931543038480486 4.780798532875341 3.9863926270047187
0.24931543038480486 6.272498095782343 4.52361188372616
0.24931543038480486 2.895189324977921 2.868730586031997
0.24931543038480486 4.375782977471786 3.6847390582807695
0.24931543038480486 5.55866926027192 4.596084483497816
0.24931543038480486 4.561975763928544 4.490116800900763
0.24931543038480486 6.461726813624548 5.411080202955319
0.24931543038480486 6.384495361724266 5.3530628630173105
0.24931543038480486 6.384495361724266 5.394805745685073
0.24931543038480486 4.5278197282726715 4.45608376433066
0.24931543038480486 4.502580395342541 4.443125656073195
0.24931543038480486 4.468736216103004 4.245762090132753
0.24931543038480486 4.325553623908121 4.2215748455086555
0.24931543038480486 5.659748980850669 5.282956633086431
0.24931543038480486 6.2081180882662785 5.212880338152233
0.24931543038480486 5.646131364791774 2.9916258581946793
0.24931543038480486 4.746776840268748 4.318225311213261
0.24931543038480486 4.845498629291075 4.668074582764551
0.24931543038480486 5.679050575407022 4.855564682541521
0.24931543038480486 5.1418759649991905 4.754362015310239
0.24931543038480486 4.525191795847245 3.245030363131952
0.24931543038480486 7.508561041274222 5.8424726284230095
0.24931543038480486 5.773402911367089 5.042763259841843
0.24931543038480486 5.367231691801532 5.259879809358564
0.24931543038480486 5.252593488069291 4.602094985656445
0.24931543038480486 5.061741308571559 3.9932150886488014
0.24931543038480486 6.622588559095089 5.296179590930467
0.24931543038480486 6.651172497425481 6.274919578892477
0.24931543038480486 6.20841043208398 5.673646415620714
0.24931543038480486 6.235496141278048 4.668878269789275
0.24931543038480486 6.086153851961168 5.724032980851031
0.24931543038480486 7.492400429845871 5.922908646949034
0.24931543038480486 6.942738471034023 4.417494080005641
0.24931543038480486 4.952484072611266 3.4715330840066927
0.24931543038480486 5.6683951900747935 3.829488642738463
0.24931543038480486 4.922215625524814 4.5048750427460575
0.24931543038480486 4.180992463870112 3.990546989849091
0.24931543038480486 4.632746121148859 4.531040616765688
0.24931543038480486 4.621262418612449 4.0650166272332084
0.24931543038480486 4.46874610987085 3.7869257999591035
