1.1484692256335127 7.768169517712741 5.456716080247962
1.1484692256335127 6.6627011707363195 6.176968782990347
1.1484692256335127 3.9697167686111077 3.6503321340175097
1.1484692256335127 3.3754878723583954 3.353217685891152
1.1484692256335127 3.3754878723583954 3.353217685891152
1.1484692256335127 5.267086710338063 4.170948502349544
1.1484692256335127 5.396867148276712 3.3529256118855475
0.33921775866035775 5.791237316417433 3.073320052208631
0.33921775866035775 6.522756545560618 4.701084816621795
0.33921775866035775 4.939588317378323 4.62999191809836
0.33921775866035775 7.469859049706326 5.900399138136214
0.33921775866035775 6.2072250007387275 4.992213511316748
0.33921775866035775 7.154719267407435 6.622292061652299
0.33921775866035775 6.2072250007387275 6.148544928317945
0.33921775866035775 5.003372154499367 4.670383315322107
0.33921775866035775 6.4823533224237835 5.4996286715380345
0.33921775866035775 4.550476332925559 4.483957824808027
0.33921775866035775 6.5388415282356185 5.478140422463053
0.33921775866035775 6.656708688195007 6.593429746009028
0.33921775866035775 8.43350246156078 7.350323231799162
0.33921775866035775 7.435736461544979 6.851440231791251
0.33921775866035775 9.264075298897978 7.5726706120753216
0.33921775866035775 5.877757911437548 5.705828013468417
0.33921775866035775 4.587773906906616 3.6833901664323467
0.33921775866035775 5.29143224273793 4.2908556204090305
0.33921775866035775 6.056880038301248 4.692600607740452
0.33921775866035775 4.9713840779176515 4.082193486262096
0.33921775866035775 2.8263358541434873 2.380140488438169
0.33921775866035775 4.368637952121869 3.8116278490686555
0.33921775866035775 4.3895123467123405 3.6960362226009518
0.33921775866035775 4.327086188337351 3.5416457343925494
0.33921775866035775 5.368120832198237 4.470607688073121
0.33921775866035775 2.966327176284523 2.331835534974893
0.33921775866035775 7.547131681920986 5.614630773154095
0.33921775866035775 5.1376807499996815 4.326654406580461
0.33921775866035775 4.822828029738464 4.5133118985051155
0.33921775866035775 5.84880096701826 5.290978395667573
0.33921775866035775 7.74034634087579 5.557293673099067
0.33921775866035775 3.4361802552542042 3.380637679948397
0.33921775866035775 3.4866687736332165 2.698810236590128
0.33921775866035775 3.7688540063540157 3.734116031116195
0.33921775866035775 5.3559781512814695 4.37019045095996
0.33921775866035775 4.533575265727833 4.225898891006636
0.33921775866035775 4.8398724156821515 4.673078264606536
0.33921775866035775 6.5078516442348295 4.630261119207327
0.33921775866035775 6.631428686639161 4.690813869985442
0.33921775866035775 2.876043271891302 2.8506750167589905
0.33921775866035775 3.856508959777614 3.3311032038232855
0.33921775866035775 3.856508959777614 2.3831676996560005
0.33921775866035775 6.638096581771542 6.090857206621068
