2.326400970924578 7.658283341003589 5.516010192855855
2.326400970924578 8.207929757915599 7.971413527816441
2.326400970924578 9.151884671756639 6.325160957905225
2.326400970924578 4.574334839198812 4.025866256751002
2.326400970924578 4.789001091401971 4.65918862661765
2.326400970924578 4.868746604687011 4.837138773016373
2.326400970924578 4.856377854020963 4.676269004610238
2.326400970924578 6.026480908059671 5.246460132097791
2.326400970924578 5.73226900139618 4.489009397353422
2.326400970924578 7.229791256690582 6.057472566434093
2.326400970924578 7.408155456236052 7.0456010002090075
2.326400970924578 7.668274992904809 7.10208261263125
2.326400970924578 6.62179817646857 5.5394434324375625
2.326400970924578 5.730406623216531 5.110984946221314
2.326400970924578 4.559643382271936 4.534067326752029
2.326400970924578 4.858791737183985 4.686885135614487
2.326400970924578 6.34351402875382 5.337964468477635
2.326400970924578 9.61955191034098 6.99057523012079
2.326400970924578 6.5349600221385415 5.4665472712873795
2.326400970924578 6.5349600221385415 5.461553313234049
2.326400970924578 6.933864949717863 5.718089003433057
2.326400970924578 6.513615976437158 6.372372647606268
2.326400970924578 7.495030900154784 6.856077752517219
2.326400970924578 7.495030900154784 6.750451943502997
2.326400970924578 7.115619237989643 6.268197086239305
2.326400970924578 7.115619237989643 5.171916014830994
2.326400970924578 5.8906045029315806 4.597324868111726
2.326400970924578 5.724218105595057 4.690148478826601
2.326400970924578 5.742833374111246 5.699547568506444
2.326400970924578 6.327263657547899 5.347894746415875
2.326400970924578 4.448543089016312 4.427321667835394
2.326400970924578 6.588976396007045 6.373536099505698
2.326400970924578 6.588976396007045 6.275991307396818
2.326400970924578 6.692473041867299 6.530798049660909
2.326400970924578 6.804792664401745 6.360147911902151
2.326400970924578 7.634760877127135 6.943642718846999
2.326400970924578 6.358691758690899 6.318368850813243
2.326400970924578 8.100956810921048 7.303269347718529
2.326400970924578 6.621073001315921 5.802841762988134
2.326400970924578 7.390822437672876 6.187716481166612
2.326400970924578 9.187097720642631 7.717712465271312
2.326400970924578 6.426093964370374 6.3509439391677995
2.326400970924578 6.426093964370374 6.385097034435905
2.326400970924578 7.498898304817002 6.91077116125475
2.326400970924578 9.173711646502625 9.05757245120784
2.326400970924578 9.910276773265487 9.39087581456307
2.326400970924578 9.606125667256759 7.3885327168008255
2.326400970924578 7.6951602196436895 6.574634831700944
2.326400970924578 5.895886705981219 5.674998074869716
2.326400970924578 5.517940228918082 5.4860248363381405
