1.4167536937788623 7.693658756560724 5.321367528778151
1.4167536937788623 6.416771545277808 4.990002142515305
1.4167536937788623 4.5492750980018 3.9186167928184052
1.4167536937788623 3.8523527205440833 3.575055975579495
1.4167536937788623 6.1324186470177935 5.90802577617701
1.4167536937788623 9.015847223461819 8.333572412562853
1.4167536937788623 8.361334412329471 8.006316006996679
1.4167536937788623 8.288702125149976 7.964898174071632
1.4167536937788623 6.059959541596413 5.5996589719517695
1.4167536937788623 5.215329926970956 5.177344164639046
1.4167536937788623 4.681059865454678 4.126580235126681
1.4167536937788623 6.535329060425628 5.557008709273689
1.4167536937788623 4.584502197667078 3.9255408681227544
1.4167536937788623 4.584502197667078 4.552824712628185
1.4167536937788623 6.306021893160889 5.39604692988681
1.4167536937788623 6.4261695828339 4.839840763978573
1.4167536937788623 6.4261695828339 6.22863081401011
1.4167536937788623 5.483744021376566 5.289388778185169
1.4167536937788623 6.348912046432876 5.7250464975116415
1.4167536937788623 4.444929364941313 4.3324712816593856
1.4167536937788623 6.25204011466008 5.29838733971464
1.4167536937788623 6.234947903553884 5.251799040722411
1.4167536937788623 5.844392661698375 5.1583888122544606
1.4167536937788623 4.5710918197856785 4.515053847171522
1.4167536937788623 4.608634223739148 3.6645691290422002
1.4167536937788623 3.4457009217238483 3.074554740141092
1.4167536937788623 2.743987503117229 2.3319918649667497
1.4167536937788623 5.638480701971918 4.30283789512728
1.4167536937788623 3.051629628446513 3.0352808690998336
1.4167536937788623 4.509502294387538 3.749638475410934
1.4167536937788623 6.4679816169338835 5.196459452103104
1.4167536937788623 5.970877554588615 4.95287846155392
1.4167536937788623 8.16841174077462 5.691339939471184
1.4167536937788623 7.8371653420309055 6.921990758721477
1.4167536937788623 5.813401752978525 4.700060803607271
1.4167536937788623 6.409678358429868 6.151570137445568
1.4167536937788623 7.581730761535267 6.8099051762195435
1.4167536937788623 7.271672344848435 6.785920085904121
1.4167536937788623 6.399829339881887 6.34999858342085
1.4167536937788623 7.243441560220239 6.77180469359003
1.4167536937788623 6.831207459816692 6.502377580685849
1.4167536937788623 6.9072503011301265 5.325265752564641
1.4167536937788623 4.569186814642283 4.15623400932072
1.4167536937788623 4.776295477722346 4.641216814973681
1.4167536937788623 5.499380840034888 4.729675311646761
1.4167536937788623 4.585588328686502 4.177568564426594
1.4167536937788623 4.323509241015419 3.714086949495016
1.4167536937788623 6.614468631179555 4.824813076470381
1.4167536937788623 7.633545546597036 6.96654986421657
1.4167536937788623 7.70739951915688 7.353290326193644
