0.9375496128822154 7.773244342533999 5.50736937479576
0.9375496128822154 7.624071592054282 6.732657951015905
0.9375496128822154 6.636312059387226 6.518494430495829
0.9375496128822154 6.916713524395284 5.071796175641853
0.9375496128822154 4.508843927517798 3.97031836332697
0.9375496128822154 5.309430909900016 4.6739413618645775
0.9375496128822154 5.195944738236854 4.420878694664044
0.9375496128822154 3.5349747532987803 3.0350074021163223
0.9375496128822154 2.591231462703082 2.562899861157528
0.9375496128822154 6.367697177938318 4.406548116863455
0.9375496128822154 8.681991347283194 5.5407333667048855
0.9375496128822154 2.5543642208145916 2.5381960747352674
0.9375496128822154 2.5543642208145916 2.5381960747352674
0.9375496128822154 5.051985488251518 3.7620304957793578
0.9375496128822154 6.467231020285023 6.274945205317818
0.9375496128822154 6.187661630707133 6.135160510528874
0.9375496128822154 7.468801908471999 6.76291924663366
0.9375496128822154 6.321075136936489 6.264245006990458
0.9375496128822154 7.71369533018782 5.909826932615934
0.9375496128822154 7.71369533018782 5.971302712338203
0.9375496128822154 7.341813767735108 5.051858462656806
0.9375496128822154 4.416002687800315 3.6182110334887505
0.9375496128822154 5.847790910476672 5.576548730212686
0.9375496128822154 5.612312086577827 5.456630641863731
0.9375496128822154 5.4221254344799625 5.148900593407165
0.9375496128822154 8.092332630958648 7.834834760794791
0.4165035061387141 9.601630306982383 5.014277367627983
0.4165035061387141 3.2259008297772422 1.7931081947215932
0.41590890381898094 0.4165035061387141 0.4162062049788476
0.41590890381898094 5.064337989703649 2.6939364570623394
0.41590890381898094 8.619099136892133 4.613810431621899
0.41590890381898094 5.331698914317599 3.0485754563934138
0.41590890381898094 6.058586766911176 5.422719913746697
0.41590890381898094 6.587791677243185 4.598169169961281
0.41590890381898094 6.2676178884972416 4.401939040423775
0.41590890381898094 6.379966325833813 5.878735980178963
0.41590890381898094 6.148314386221045 5.762910010372574
0.41590890381898094 7.174838125182237 6.528075302730076
0.41590890381898094 8.393239231535107 6.3155029981663064
0.41590890381898094 7.804007593112576 6.849756785912442
0.41590890381898094 8.082824385357174 7.823439344258283
0.41590890381898094 7.717392612790139 7.644377775700435
0.41590890381898094 8.382819008818744 6.761303727483783
0.41590890381898094 5.933217106338741 4.798891843956693
0.41590890381898094 6.244509325750926 4.977236562671187
0.41590890381898094 6.32934573594823 5.301498856935052
0.41590890381898094 6.335107167104031 6.247805247862382
0.41590890381898094 6.740517863996393 6.089128642521513
0.41590890381898094 7.118619425363313 5.609997474252303
0.41590890381898094 5.257837213085409 4.668793887258665
