0.20550186982160357 7.772341236128501 5.372984525489513
0.20550186982160357 5.049236807573145 4.5071701845167595
0.20550186982160357 5.410143462910071 3.64104903721571
0.20550186982160357 4.395823527331718 3.6914525592826744
0.20550186982160357 5.58352843088446 4.3282816142098905
0.20550186982160357 6.269552794232077 3.7451038448010405
0.20550186982160357 4.703689748069639 3.011448490523559
0.20550186982160357 3.171142406508221 2.121041562651938
0.20550186982160357 3.431487062232723 3.0330037676446784
0.20550186982160357 5.4735889893704694 4.061379200066831
0.20550186982160357 7.455315100756126 5.052242255759666
0.20550186982160357 6.083066614000742 5.083592222379327
0.20550186982160357 5.530645217609905 4.051828152097636
0.20550186982160357 5.9345929592530915 5.667813321669546
0.20550186982160357 7.419455502581531 6.419333414431034
0.20550186982160357 4.708040359460444 3.663764690288669
0.20550186982160357 3.37461295690137 2.6266551419015993
0.20550186982160357 5.557588830314511 2.8815453500680546
0.20550186982160357 3.8383612545902364 3.4311216286379715
0.20550186982160357 4.437356813065751 4.024916622167458
0.20550186982160357 6.668104550938693 5.51041213256978
0.20550186982160357 4.384815237456358 3.2713215403514915
0.20550186982160357 6.081628946037952 5.540989317004939
0.20550186982160357 5.633430537598329 5.316890112785127
0.20550186982160357 7.627578807421065 7.107916245859377
0.20550186982160357 5.368940800994945 4.651391708483674
0.20550186982160357 6.225187971181988 4.69591080626544
0.20550186982160357 5.497818397479907 4.615196570617873
0.20550186982160357 7.612205012532822 5.783400632955184
0.20550186982160357 3.0206189020397827 2.8663313858869675
0.20550186982160357 5.586984014289101 4.391898306765553
0.20550186982160357 6.160520029450144 3.441680910912977
0.20550186982160357 5.003962165776979 2.8749675577131253
0.20550186982160357 3.074754961973668 1.7256669409913539
0.20550186982160357 6.258665503925791 5.683613272508782
0.20550186982160357 7.923510160083943 7.750330692391355
0.20550186982160357 7.923510160083943 7.072690416662915
0.20550186982160357 11.87030925093038 10.931295722497763
0.20550186982160357 15.748166913351449 9.30893042288975
0.20550186982160357 6.392371011792683 4.75670866891089
0.20550186982160357 6.885950523746555 6.5723562812303715
0.20550186982160357 6.885950523746555 6.578984538463803
0.20550186982160357 4.582998574719259 4.023918053613765
0.20550186982160357 5.405680726877545 4.441345447442973
0.20550186982160357 5.577455948842903 5.33359462609624
0.20550186982160357 6.080678127773474 5.344661535091424
0.20550186982160357 5.660484016537449 5.439812505892757
0.20550186982160357 7.911865114230441 5.216656759114221
0.20550186982160357 9.452416072591186 7.511550620157546
0.20550186982160357 5.680178704415802 5.564493839620424
