1.0791613749654805 7.66004086598031 5.305887230779043
1.0791613749654805 5.31130467460024 4.817729622168992
1.0791613749654805 4.180604513969829 4.02089001467941
1.0791613749654805 4.0248702034043085 3.7479492792207014
1.0791613749654805 4.023057517519817 3.8244007810723297
1.0791613749654805 4.4225097848315436 4.020132392055078
1.0791613749654805 3.68462196747592 3.6585673615508245
1.0791613749654805 4.2856202519401805 3.6194171840299374
1.0791613749654805 6.0539783114766195 4.67876710580804
1.0791613749654805 6.0539783114766195 4.809461886811525
1.0791613749654805 5.564587480902851 4.932645103878106
1.0791613749654805 6.148714467982817 4.959828387798129
1.0791613749654805 3.8723333694737936 3.8444016495287103
1.0791613749654805 5.374974049663926 4.5806955828218765
1.0791613749654805 6.626969393245574 4.664304445984707
1.0791613749654805 2.81259565908945 2.795261316248211
1.0791613749654805 2.81259565908945 2.795261316248211
1.0791613749654805 6.35103608592631 4.529097125398266
1.0791613749654805 6.537525996773528 5.349201704989875
1.0791613749654805 4.83612943483228 4.4098862457370185
1.0791613749654805 5.965203991805659 5.363097032720301
1.0791613749654805 7.944877448877259 5.974518959417615
1.0791613749654805 4.375041234445561 4.186488983147703
1.0791613749654805 4.065787910613096 3.9551770522618277
1.0791613749654805 4.065787910613096 4.01762464803113
1.0791613749654805 6.3089704587645095 5.157872932219918
1.0791613749654805 6.3740795081550345 5.080304737761406
1.0791613749654805 6.3740795081550345 6.321130326823149
1.0791613749654805 6.3740795081550345 6.10233680859328
1.0791613749654805 6.622920083934748 5.265181129133306
1.0791613749654805 6.30704002620158 5.370593643924542
1.0791613749654805 6.639368427649913 6.348060514215118
1.0791613749654805 6.189142871346274 5.519994817877215
1.0791613749654805 6.189142871346274 6.138043056382465
1.0791613749654805 8.003712550312702 7.126378236342917
1.0791613749654805 4.51897235804859 4.223786508107544
1.0791613749654805 5.242364022338119 4.771910201529117
1.0791613749654805 6.30685077903474 5.284757247119947
1.0791613749654805 8.495288615299327 7.350277588272973
1.0791613749654805 6.1654598334717186 5.386506363737327
1.0791613749654805 6.100101926633506 5.260269150627758
1.0791613749654805 5.964480385468445 4.968366690163505
1.0791613749654805 4.819134674796658 3.96056469894458
1.0791613749654805 4.295606552813609 4.062592479434816
1.0791613749654805 5.625940876271738 5.34582949059355
1.0791613749654805 4.060824322844372 3.577317643024582
1.0791613749654805 4.133754775421817 4.070887691759033
1.0791613749654805 4.48832376875016 4.238035601920569
1.0791613749654805 5.314650122366821 4.8591320580844695
1.0791613749654805 4.48832376875016 4.454232144812306
