0.24457403338068717 7.71053747166664 5.34797511455523
0.24457403338068717 7.450838766673254 6.959993031545156
0.24457403338068717 7.560370767416858 6.676078641967857
0.24457403338068717 8.341602279397202 7.846779366689344
0.24457403338068717 8.928894029865072 8.126106352372739
0.24457403338068717 8.75111681912833 6.267634776889107
0.24457403338068717 3.9542835903648172 3.90431252890789
0.24457403338068717 5.649771891727177 5.048887674156957
0.24457403338068717 5.1878787332633785 3.939532043024443
0.0960293391798186 2.6617083042370173 1.3803542686504287
0.0960293391798186 3.1600743664147264 1.597411402524925
0.0960293391798186 6.592388687640209 5.777103534496416
0.0960293391798186 5.0579237935518755 4.463976151391978
0.0960293391798186 6.271744570797733 5.081773113967232
0.0960293391798186 2.7988088860396982 2.716369424339658
0.0960293391798186 6.005886104454685 5.013048749288053
0.0960293391798186 7.665720984561837 5.061942507505458
0.0960293391798186 2.6095578633567027 2.5844225781149386
0.0960293391798186 4.8067343880608675 4.078993715703185
0.0960293391798186 5.431408167133021 5.071964227108141
0.0960293391798186 4.235245393226602 3.687826260212684
0.0960293391798186 3.7779006161927424 3.1740929479337576
0.0960293391798186 5.906388360691796 4.510316748016115
0.0960293391798186 5.971462646707941 5.207415783214091
0.0960293391798186 5.6512325347611885 5.029806312207377
0.0960293391798186 6.895246809188967 4.716762548450287
0.0960293391798186 6.571020112181941 6.3296654921142474
0.0960293391798186 5.623552645855202 5.422429934294347
0.0960293391798186 6.395425905567727 5.963860006658162
0.0960293391798186 5.85171310138751 4.968882087558698
0.0960293391798186 5.990725297376457 4.627092676595902
0.0960293391798186 5.990725297376457 5.931778337794491
0.0960293391798186 3.271279646482498 2.3115150958837036
0.0960293391798186 1.377377508674805 1.249115941314435
0.0960293391798186 6.154051646613944 3.556271621478603
0.0960293391798186 5.248609704068453 3.112605069631314
0.0960293391798186 5.921884167998677 5.849143407671037
0.0960293391798186 6.219080540057039 5.827478486702687
0.0960293391798186 7.410402079623376 7.219974332376678
0.0960293391798186 9.712370440672071 6.1688907169803056
0.0960293391798186 0.0960293391798186 0.09602933917981835
0.0960293391798186 0.0960293391798186 0.09602933917981835
0.0960293391798186 4.917597964712918 3.8720526898416203
0.0960293391798186 2.9229387874809913 2.8946696929979816
0.0960293391798186 4.062247992489272 3.4529312034520374
0.0960293391798186 5.702666941273407 4.560247932137063
0.0960293391798186 7.187244393138551 4.967489270930718
0.0960293391798186 2.8758625970667926 1.949844722745934
0.0960293391798186 2.1471815478660585 2.122842832482299
0.0960293391798186 6.053367164284847 4.876016124608854
