0.20855551177711762 7.7747141187139714 5.422485573910276
0.20855551177711762 8.962933406545483 7.482007660061522
0.20855551177711762 8.657602069835464 8.200724708311334
0.20855551177711762 7.041146026875198 4.53879253654118
0.20855551177711762 6.540466472076822 5.416748217063724
0.20855551177711762 6.830713156187425 3.5196343339822658
0.20855551177711762 1.8222535018250352 1.2391992518031578
0.20855551177711762 5.558549512495411 3.5398961104323465
0.20855551177711762 6.206217115045487 3.8637299117073876
0.20855551177711762 5.134618182548014 3.292064586063111
0.20855551177711762 7.788071923748172 6.163412935421928
0.20855551177711762 7.70935274752066 6.737705288410776
0.20855551177711762 4.5435269370604345 4.2583803102676345
0.20855551177711762 4.059933111980492 4.021419335978462
0.20855551177711762 6.61267055595134 5.2977880579638885
0.20855551177711762 4.246948704566435 3.5976027032501063
0.20855551177711762 4.323865173983187 3.8144284479188006
0.20855551177711762 7.727992823722115 7.374243956691547
0.20855551177711762 6.970491993726938 6.6579639702275175
0.20855551177711762 6.970491993726938 6.9028726289074225
0.20855551177711762 7.0374871030163195 6.767405404392861
0.20855551177711762 11.813488555984277 8.690357474282944
0.20855551177711762 8.21889971474383 5.509042697064569
0.20855551177711762 2.959392563444642 2.9318841929279675
0.20855551177711762 6.917874883923307 6.507761049556841
0.20855551177711762 5.015754638748078 4.53405727601911
0.20855551177711762 4.983869041624892 4.679646666348973
0.20855551177711762 5.299773815499066 4.319360689622884
0.20855551177711762 6.002868161138089 4.629075397896146
0.20855551177711762 3.2153279286716026 3.0201901568565495
0.20855551177711762 5.47716052573659 5.120677575247869
0.20855551177711762 5.913193832576173 5.655778992245856
0.20855551177711762 6.2064016758595955 5.987184756842595
0.20855551177711762 5.807603527803945 3.566737138439569
0.20855551177711762 6.26463901960366 3.7460952251519535
0.20855551177711762 4.195209564550229 2.162015997635942
0.20855551177711762 2.889766096774086 1.5223486984256325
0.20855551177711762 5.356713576956356 3.4947539876466367
0.20855551177711762 5.058937305187474 3.13186147119922
0.20855551177711762 2.9820320527704713 2.11417789751489
0.20855551177711762 3.1428236912017735 2.9294633757858977
0.20855551177711762 7.645656916916863 5.286722873890779
0.20855551177711762 7.56468311020034 6.967137648192281
0.20855551177711762 6.501385086205612 5.907060665932627
0.20855551177711762 4.239450400858619 3.741717309899596
0.20855551177711762 5.982633071297737 4.627265571487116
0.20855551177711762 5.982633071297737 5.92489229570254
0.20855551177711762 6.209488173519041 5.858532576767642
0.20855551177711762 7.7476662814730055 6.531213046460498
0.20855551177711762 6.591721455759082 6.066771288107138
