0.31449340831398986 7.774534633782986 5.399772377951978
0.31449340831398986 7.774534633782986 4.0431668662994635
0.31449340831398986 5.817227285606293 3.538381131066791
0.31449340831398986 5.817227285606293 2.100607722981988
0.31449340831398986 6.273644271969175 3.2993604077612884
0.31449340831398986 6.273644271969175 2.1335951265918593
0.31449340831398986 2.5549366638329656 1.228742894805282
0.31449340831398986 3.2007822818899716 1.4838952404732064
0.31449340831398986 3.2007822818899716 1.3924611718765172
0.31449340831398986 3.2007822818899716 0.43570348824967736
0.31449340831398986 4.962947063470651 2.9660558862980055
0.31449340831398986 4.962947063470651 0.5348419602575766
0.31449340831398986 2.8057429414079462 1.266834179404197
0.31449340831398986 2.674302360716052 1.2985706361410183
0.31449340831398986 4.51049487929383 2.182025821435461
0.31449340831398986 5.448921379475955 3.9226427938104163
0.3097093958968924 7.223893156247913 3.322055630468181
0.3097093958968924 7.223893156247913 0.3820396394410006
0.3097093958968924 4.6154121026769275 2.0750475056767113
5.433556453727917 3.242760686376386 1.4242688862790993
0.3097093958968924 5.433556453727917 3.611760339262164
0.15280766685794633 5.433556453727917 0.5978712142694225
0.15280766685794633 5.282227193998004 3.702196846350142
0.15280766685794633 5.359791087058959 3.1761009226762145
0.15280766685794633 6.139354474557926 4.888665146818426
