2.2660219708340468 7.764880585993213 5.527795114672675
2.2660219708340468 7.652555452977634 5.487124790565908
2.2660219708340468 7.551462020678537 4.53422827828929
2.2660219708340468 7.680585602460678 5.654735456845605
2.2660219708340468 8.495619515814042 6.662766939880409
2.2660219708340468 8.495619515814042 5.219640510833037
2.2660219708340468 6.491576259886909 3.86002237350296
0.5940108005576232 4.09425675968745 2.1751297562471352
0.5940108005576232 3.609772710104736 0.6543260387485668
0.5940108005576232 3.0090080916836723 1.6324596357418246
0.5940108005576232 3.0090080916836723 0.6664607192914062
5.275802805584718 5.185755653397212 4.398586325987549
0.5940108005576232 6.4248111893463395 4.625549524975776
5.275802805584718 6.4248111893463395 2.6088461045962874
5.275802805584718 4.5054086371916675 0.9769867598572016
5.275802805584718 5.499984870235412 2.9799355205361087
5.275802805584718 5.499984870235412 3.585123666882821
5.275802805584718 5.4927076480358075 1.9906773682963592
5.275802805584718 4.172228729672593 2.170106450589437
5.275802805584718 4.278063333867831 2.097419114340933
5.275802805584718 5.789284961971823 3.72905308446451
5.275802805584718 5.789284961971823 1.689892190745685
5.275802805584718 4.909397638725402 2.392598381935395
3.3213937362683272 5.275802805584718 1.1652966798769333
0.7836842964874617 5.275802805584718 2.513325221065161
