1.0096902941251824 7.780100317526664 5.661291456201501
1.0096902941251824 6.573695333657852 4.214444463841514
1.0096902941251824 6.58842002655032 5.913896013351631
1.0096902941251824 6.3234295792866675 5.3780997909361865
1.0096902941251824 6.3234295792866675 5.415833228082065
1.0096902941251824 6.6196512959952045 5.147707005389851
1.0096902941251824 6.6196512959952045 2.9290872237966594
1.0096902941251824 5.609135445197872 2.9484267987983257
1.0096902941251824 5.79938972561229 3.1574448670778033
1.0096902941251824 5.79938972561229 1.344969254329279
1.0096902941251824 1.7422419952713004 1.0536433961939489
1.0096902941251824 5.249377537813476 2.31308824797936
0.48771904494899987 6.122848565700021 3.2507452233392446
0.48771904494899987 4.999612788275812 2.8085166539921387
0.48771904494899987 6.57439733723287 1.85810830505975
0.48771904494899987 4.5227919961570215 2.4044915499543973
0.48771904494899987 5.708286408636489 3.0968736189009003
0.48771904494899987 5.708286408636489 3.0722457057056016
0.48771904494899987 3.587595284365037 2.200661482295103
0.48771904494899987 3.587595284365037 1.9514848520543686
0.48771904494899987 3.587595284365037 1.7249918165273126
0.48771904494899987 4.267179822508016 2.4274794888882756
0.48771904494899987 5.338055055906214 2.1056746056536118
0.48771904494899987 5.471845187634134 2.927135731823252
0.48771904494899987 5.471845187634134 3.529881841491024
