5.493900720055553 7.77989206906296 5.613516627797033
5.493900720055553 7.646862530992562 5.935795602872845
5.493900720055553 7.636837883288763 5.75988321186304
5.493900720055553 7.264355089407214 4.979297197943772
5.493900720055553 6.167990799332127 4.6902905243494395
5.493900720055553 5.8628215632299 4.900206499292985
5.493900720055553 5.8628215632299 4.72559173710993
5.493900720055553 5.958673689740305 5.576994469234197
5.493900720055553 7.390535588134682 5.761761165286897
5.493900720055553 6.12338309047178 5.9327064186620655
5.493900720055553 6.200587326996025 5.98767602182052
5.493900720055553 7.04635571791008 6.08931227952014
1.9049063341753123 7.655355776424347 4.830371057567884
5.56536124687241 6.979877212570248 4.86010001544733
3.678752813241186 6.979877212570248 5.216819352186078
2.401298084392988 7.472829163531465 4.8760830075869706
2.401298084392988 7.472829163531465 3.4187683646967297
2.401298084392988 5.704348583899911 3.833426245792365
2.401298084392988 7.297958379498715 5.320443694665784
2.401298084392988 7.297958379498715 5.555132156880547
2.401298084392988 5.704348583899911 4.800178023431169
2.401298084392988 5.704348583899911 3.965479602870591
2.401298084392988 5.704348583899911 5.067452640863458
2.401298084392988 5.672073945108654 5.063935141720075
2.401298084392988 7.630642110081453 5.2373600215293425
