5.690370314484479 7.752655463637231 5.418642468705696
3.2250139013976207 7.752655463637231 4.209834081924033
2.737554191047256 4.775609623536006 3.5541564377444774
2.737554191047256 6.657020906848334 4.429510027678177
2.737554191047256 7.420065497781412 6.651363303130879
2.737554191047256 8.077592536549053 7.230327924208776
2.737554191047256 9.656614970963359 7.048241249446687
2.737554191047256 9.656614970963359 5.311619335144831
2.737554191047256 9.159724656580531 3.6783767292759766
2.737554191047256 5.975180900027464 4.715455673538788
2.737554191047256 5.975180900027464 3.9972863498430202
2.737554191047256 5.975180900027464 3.2572497393782673
2.737554191047256 4.1691200730033735 3.415488444286936
2.737554191047256 3.9038585642692287 3.09456698154565
2.265957294034863 4.224984413740021 3.800163255688716
2.265957294034863 4.224984413740021 4.058739899300446
2.265957294034863 4.224984413740021 3.7300665977825127
2.265957294034863 5.866487566272262 4.879022893151824
2.265957294034863 5.866487566272262 4.273735761635137
2.265957294034863 6.6497874416263585 5.9947627172815805
2.265957294034863 6.6497874416263585 5.06378110581117
2.265957294034863 5.7234171531536795 4.838411664669515
2.265957294034863 6.643008169131633 5.247041847667141
2.265957294034863 8.362563274463083 7.436373766206802
2.265957294034863 12.684594156793159 10.192753284303734
