4.897278534102394 7.747818807901737 5.507230595933094
4.897278534102394 7.453710101435796 5.845185516821193
4.897278534102394 7.453710101435796 5.105075806799664
4.897278534102394 8.94461044307678 7.395468106743643
4.897278534102394 8.94461044307678 6.918318107388789
4.897278534102394 7.392622623645369 3.8752826485720453
4.897278534102394 4.74547478452229 3.603504086242254
4.897278534102394 6.260896491766065 4.981186758401083
4.897278534102394 6.260896491766065 4.734845436707117
4.236222582952308 6.260896491766065 5.145771627546431
3.5704122898954194 6.56997882087617 5.174847768989317
3.5704122898954194 6.56997882087617 4.790514301071717
3.5704122898954194 6.178303611829776 4.910066464660647
3.5704122898954194 6.231062677410758 5.718758493742009
3.5704122898954194 6.231062677410758 4.093498054785914
3.5704122898954194 4.316730137115091 4.272437369532334
3.5704122898954194 4.328333795355359 4.230632089364181
3.5704122898954194 6.503711841072466 5.303560122711008
3.38051715878094 6.503711841072466 4.104226003610536
3.38051715878094 6.503711841072466 4.806134967141777
3.38051715878094 6.503711841072466 5.284554343343283
3.38051715878094 7.692599727541772 6.645714466244553
3.38051715878094 7.692599727541772 5.735853592837376
3.1737460478978474 7.692599727541772 4.364667881090476
2.696150475649706 5.66783537698792 4.208872963023138
