2.984733359870319 7.770758795855924 5.531534513990011
2.984733359870319 7.662293222328216 4.360594650033126
2.984733359870319 6.443893090959918 3.8016375422976023
2.984733359870319 6.628976884365329 6.196513632940496
2.984733359870319 6.756225217405939 6.366637074673581
2.984733359870319 6.756225217405939 4.939264457924522
2.984733359870319 7.333129569633558 5.243829793033075
2.984733359870319 7.333129569633558 6.184958616817044
2.984733359870319 7.333129569633558 5.85188684049761
2.984733359870319 7.333129569633558 5.454974880283117
2.984733359870319 10.369756723136868 8.197319421133674
2.984733359870319 10.369756723136868 5.196175699447118
2.984733359870319 7.774957586995418 6.467170690712046
2.984733359870319 7.774957586995418 4.821716552722626
2.984733359870319 7.774957586995418 3.495388250136368
2.984733359870319 5.705049329354182 4.357568369846865
2.984733359870319 7.9868056268723855 6.134644361417542
2.984733359870319 7.9868056268723855 5.152849662476355
2.984733359870319 7.9868056268723855 5.983782686921959
2.984733359870319 6.27767289115512 4.767936390784755
2.984733359870319 9.170004209736124 6.924753398183097
2.984733359870319 9.170004209736124 6.871621350228121
2.984733359870319 9.170004209736124 7.247865699863662
2.984733359870319 9.050440272491452 6.406213491460232
2.984733359870319 9.050440272491452 5.593446319033322
