4.668712540437294 7.7739977694755495 5.512436882349624
4.668712540437294 7.75197961915622 6.625160487340602
4.668712540437294 7.56567408944364 4.9439648147589335
4.668712540437294 7.281438560484931 5.10422489409887
4.668712540437294 7.005222215205226 6.438680363867076
4.668712540437294 7.005222215205226 4.100509812849838
4.668712540437294 6.961314665766643 4.6992813924640435
4.668712540437294 6.381244810725455 5.241795417733101
4.668712540437294 7.319232639232769 5.793163764269425
4.668712540437294 7.319232639232769 5.057309016623421
4.668712540437294 6.260193707145071 4.71271415773861
4.668712540437294 5.422524890224711 4.229970334672999
4.668712540437294 6.383620836428101 5.11068138406748
3.8019857598158464 9.069126900237272 7.048607103881925
2.425103694529938 6.383620836428101 3.7179954562220314
2.425103694529938 5.797251624287117 4.696133334251084
2.425103694529938 7.23945889577362 6.4675970976873955
2.425103694529938 7.23945889577362 5.540919345311199
2.425103694529938 7.23945889577362 4.643737585769558
2.425103694529938 4.722782386774359 4.242188270281595
2.425103694529938 7.687460831846407 5.587879689623154
2.425103694529938 7.687460831846407 4.983034892509184
2.425103694529938 5.183679011113483 5.065371022465097
2.425103694529938 5.394589082951995 5.132771107310614
2.425103694529938 6.340003645510606 6.007459223585358
