1.8726631526225117 7.723148478646285 5.629112151970564
1.8726631526225117 7.721494547729332 5.7852752213765415
1.8726631526225117 7.081272639447031 6.280270311141138
1.8726631526225117 7.015900554378877 4.455225519597422
1.8726631526225117 7.015900554378877 5.646989334978679
1.8726631526225117 7.7663173226897815 6.993813498768892
1.8726631526225117 7.7663173226897815 6.981968880532984
1.8726631526225117 7.7663173226897815 5.933672221823031
1.8726631526225117 7.7663173226897815 5.346964445025213
1.8726631526225117 6.888387907312421 4.73702583433761
1.5298262294088585 6.888387907312421 3.00369566358557
1.5298262294088585 6.174604248423655 4.136969810324548
1.5298262294088585 5.826978157296729 2.534513459533224
1.5298262294088585 3.9214377978605026 3.232489741257782
1.5298262294088585 5.913039559378028 3.5301923584588644
3.6056112421612494 5.913039559378028 4.758198699611709
3.6056112421612494 9.021057675605054 5.742596231273927
1.5815205839440094 10.615025720055845 7.1401536361331965
1.5815205839440094 12.261196677815525 7.358536276579407
1.5815205839440094 12.261196677815525 3.308446066401936
1.5815205839440094 7.6494705106095005 5.978708450289895
1.5815205839440094 10.566586220638817 7.713221087646254
1.5815205839440094 6.278146568360885 6.04193743301071
1.5815205839440094 6.278146568360885 3.8740275871935266
1.5815205839440094 6.278146568360885 2.8290231330705136
