5.0490982432026215 7.52498076818577 5.30701786828727
5.0490982432026215 7.241896854968818 5.958725921824062
5.0490982432026215 7.59135528771588 6.62637646758411
5.0490982432026215 11.374528725407474 8.64615177656804
2.709771703713948 11.374528725407474 5.480894487639887
2.709771703713948 7.05758025978751 4.774120507013878
2.709771703713948 7.124436789545426 4.13316814624999
2.709771703713948 9.116367058593989 6.042423297306526
2.709771703713948 7.7760575105743275 6.4225108103468695
2.709771703713948 7.7760575105743275 4.93707965467997
2.709771703713948 7.7760575105743275 4.688053269155207
2.709771703713948 8.635565127141003 5.868639068209092
2.709771703713948 8.635565127141003 4.2902852042614
2.709771703713948 8.635565127141003 3.8414769081323215
2.709771703713948 5.278508911900079 4.627485116372466
5.7735553293749255 6.471104244127879 4.519007911474973
2.5913372316462753 6.471104244127879 3.4949972682841377
2.5913372316462753 6.106520294938868 5.348215716047909
2.5913372316462753 7.819804115531895 5.798764893928105
2.5913372316462753 7.819804115531895 5.323270214163028
2.5913372316462753 6.176607231397899 4.767261497226364
2.5913372316462753 6.176607231397899 3.591379455521904
2.5913372316462753 6.598773327630376 4.816166185580954
2.5913372316462753 6.62962808536675 4.635807576563371
2.5913372316462753 6.62962808536675 4.067490609479861
