1.7021646880808778 7.766951814340862 5.481633827738847
1.7021646880808778 6.5778335737369 5.366997372025096
1.7021646880808778 8.239915948288168 6.7781849902507485
1.7021646880808778 8.448270998631012 7.598136531218179
1.7021646880808778 8.448270998631012 7.711078273957807
1.7021646880808778 8.63772534180966 7.462572686276128
1.7021646880808778 8.448270998631012 7.373667260233934
1.7021646880808778 8.448270998631012 5.0595538213961895
1.7021646880808778 6.438958704403845 3.3619137550966025
1.7021646880808778 5.361962732779947 3.4196802890333773
1.7021646880808778 6.271744019411763 4.485560500600663
1.274612018015905 6.271744019411763 2.6808403880417084
1.274612018015905 6.147813567957165 3.5388151540957025
1.274612018015905 7.6881668542508255 4.388137452426991
1.274612018015905 7.6881668542508255 3.2356049460622227
1.274612018015905 5.8421354768636355 3.775773413976251
1.274612018015905 5.8421354768636355 2.8028240989503574
1.274612018015905 3.04253518390685 2.4735397523520706
1.274612018015905 4.817116062428706 3.703038915183853
1.274612018015905 5.106372847943977 3.9962022735277882
1.274612018015905 5.106372847943977 3.488727259348537
1.274612018015905 5.5093790459840015 4.332627466874044
1.274612018015905 7.261316877965498 5.252858915142707
1.274612018015905 9.551866286876747 8.018438763041381
1.274612018015905 9.551866286876747 5.545990628393359
