1.7334515543608835 7.755372460736853 5.591515118327713
1.7334515543608835 7.6928641821760255 5.312354377401498
1.7334515543608835 7.6928641821760255 5.276882084456181
1.7334515543608835 7.650253204578529 3.44228870133879
1.7334515543608835 8.549514149522071 6.21498448831971
1.7334515543608835 9.58998346752313 8.030276102537647
1.7334515543608835 9.58998346752313 4.9852491256766305
1.7334515543608835 7.111866730378633 2.231384357167233
1.7334515543608835 7.111866730378633 2.4399824191910207
1.7334515543608835 4.783260352989085 3.7618785228132343
1.7334515543608835 5.907594315776759 4.242344835843626
1.7334515543608835 5.907594315776759 3.0464443443020435
1.7334515543608835 3.560237450825778 2.4805152102626042
1.7334515543608835 3.2125586913161404 2.564084485852744
1.7334515543608835 6.361018281137596 3.9380868429879654
1.7334515543608835 6.361018281137596 2.2612646983170457
1.7334515543608835 2.5333451964482596 2.460545526221135
1.7334515543608835 4.197854912013309 3.1412148547864533
1.7334515543608835 6.207623255797621 4.756111125344027
1.7334515543608835 6.2903906816307575 4.79430771817814
1.7334515543608835 6.2903906816307575 4.9006947690253915
1.7334515543608835 6.2903906816307575 4.327267148561444
1.7334515543608835 5.4020328614716036 4.384515102668134
1.7334515543608835 4.544563877573033 4.1609501224543655
1.7334515543608835 5.593007548899582 4.253654781531846
