3.6843378390671693 7.776577817043316 5.265875157721182
3.6843378390671693 6.4245523508695825 4.476649612132402
3.6843378390671693 6.2273041728213165 5.443008723856244
3.6843378390671693 6.2273041728213165 3.645117177707405
3.6843378390671693 6.295598131194808 5.2977905678057775
3.6843378390671693 8.010031680894286 5.9301978137535585
3.6843378390671693 8.010031680894286 5.312018143702481
3.6843378390671693 6.730168227351546 5.7802283406085335
3.6843378390671693 6.730168227351546 4.387312839800024
3.6843378390671693 6.730168227351546 4.622255511023065
3.6843378390671693 4.7049649376653875 3.8455888537733176
3.6843378390671693 6.567286112182536 5.448526741158377
3.6843378390671693 6.567286112182536 4.443899767568074
3.6843378390671693 6.567286112182536 3.8041282427819905
3.6843378390671693 6.567286112182536 3.963500701282527
3.6843378390671693 6.344745316071034 5.560938403360527
3.6843378390671693 7.643392769819389 5.971449946463307
3.6843378390671693 6.344745316071034 5.108978545758133
3.6843378390671693 6.260960212685841 5.227369665915978
3.6843378390671693 5.721339990473599 4.606454976059997
3.6843378390671693 5.596512937096087 4.476466397814779
3.6843378390671693 4.7656994108692174 4.518802820939195
3.6843378390671693 4.7656994108692174 4.555894020915021
3.6843378390671693 4.6055123600537655 4.375095963233786
3.6843378390671693 4.595356555633334 4.474702516035881
