2.981724332610771 7.782037785568633 5.2694975253891005
2.8893735156229075 7.238507809460923 3.522695805591286
2.3218252334729077 5.879324926947167 4.160404932024481
2.3218252334729077 6.4683207254450075 5.69927953805944
2.3218252334729077 9.10186714258102 7.140097163693713
2.3218252334729077 8.098956788048856 6.191108141598793
2.3218252334729077 8.098956788048856 5.431388304606388
2.3218252334729077 6.889425757661936 5.776581746785369
2.3218252334729077 6.889425757661936 4.731682714226262
2.3218252334729077 6.465124462617766 3.790701075136673
2.3218252334729077 6.465124462617766 5.468487470341239
2.3218252334729077 6.4616993449916045 5.947952138527528
2.3218252334729077 6.406652657528298 4.672302499649814
2.3218252334729077 7.511108034732535 5.7689129638019345
2.3218252334729077 7.38521456301927 5.437587478460045
2.3218252334729077 6.60732676324028 4.54317047001083
2.3218252334729077 4.5630387868840465 4.503666599648736
2.3218252334729077 6.248845619451142 5.214222483148432
2.3218252334729077 7.512800307208096 5.76387554041021
2.3218252334729077 7.512800307208096 5.9073573477723365
2.3218252334729077 7.590734097481604 6.098802038214818
2.3218252334729077 6.368575098315688 5.148993474502756
2.3218252334729077 6.406677286075958 4.740064323830882
2.3218252334729077 6.406677286075958 4.565766719225475
2.3218252334729077 6.406677286075958 5.540477042722831
