2.7401390064109354 7.710651551163684 5.225285990076793
2.7401390064109354 7.7329629525601575 4.895139026777687
2.7401390064109354 7.7329629525601575 3.4231034367779616
2.7401390064109354 3.113572494050065 3.067765709200263
2.7401390064109354 3.113572494050065 3.0906691016251644
2.7401390064109354 3.113572494050065 3.0906691016251644
2.7401390064109354 3.113572494050065 3.0906691016251644
2.7401390064109354 3.3938480945502474 3.2092472402983185
2.7401390064109354 5.639433013341495 4.0896783862475
2.7401390064109354 4.463542263124484 3.141713216611976
2.7401390064109354 3.186580741013089 3.0229675528499595
2.7401390064109354 3.2802662908243367 3.1156209902294267
2.7401390064109354 2.9936763057433535 2.9644220019742296
2.7401390064109354 2.9936763057433535 2.974173436563938
2.7401390064109354 2.9936763057433535 2.983924871153646
2.7401390064109354 5.567638875189594 4.6576306840486605
2.7401390064109354 5.567638875189594 4.179176021891316
2.7401390064109354 3.190236354284871 2.9918243627999384
2.7401390064109354 4.729911985362705 3.7957551096909867
2.7401390064109354 3.3485667621713415 3.311516061702559
2.7401390064109354 3.3485667621713415 3.3251656946420973
2.7401390064109354 3.3485667621713415 3.3251656946420973
2.7401390064109354 3.3485667621713415 3.3251656946420973
2.7401390064109354 3.3485667621713415 3.3251656946420973
2.7401390064109354 3.3485667621713415 3.3251656946420973
2.7401390064109354 3.3485667621713415 3.3251656946420973
2.7401390064109354 3.3485667621713415 3.3251656946420973
2.7401390064109354 6.498196379450647 4.880417228663768
2.7401390064109354 6.573148347040384 5.0945546670504935
2.7401390064109354 5.8740301177731915 5.536725376614616
2.7401390064109354 5.927206315145735 5.433377930594536
2.7401390064109354 6.4534212969646845 5.3317144227645725
2.7401390064109354 6.549731130607459 6.274906477790926
2.7401390064109354 6.271743726521347 5.987910245515921
2.7401390064109354 6.271743726521347 5.816722287459626
2.7401390064109354 6.381989281588389 5.879779498001491
2.7401390064109354 6.461992782747295 6.067191082746657
2.7401390064109354 6.461992782747295 2.8832872285777196
2.7401390064109354 3.1242806284650197 2.8731111063527353
2.696375252174683 3.694809315594594 3.086685390752132
2.696375252174683 6.306418699556257 5.37987122032608
2.696375252174683 6.306418699556257 5.291587967264202
2.696375252174683 4.824392368364503 3.4743998395992857
2.696375252174683 4.148430255871048 3.813340639633426
5.766263885046847 4.148430255871048 2.981811739110257
2.5621050290295 5.766263885046847 3.1179992068385616
2.5621050290295 4.164769951241723 3.264156931542339
2.5621050290295 6.327097317874312 4.593489511461212
2.5621050290295 5.624244905902174 5.0953784513839695
2.5621050290295 6.408686766950112 5.059781831406432
