2.765366300574773 7.709833407667288 5.2309046754066415
2.765366300574773 7.258316369277029 4.858801605910733
2.765366300574773 6.831239225653871 3.1565631479005134
2.765366300574773 4.264440134791336 3.2159196319665946
2.765366300574773 7.022659831326235 5.263626571585267
2.765366300574773 6.646762002827309 3.7219678853766087
2.765366300574773 5.4269075173262245 4.90193717340611
0.4757211363627829 5.645222621560972 3.8950510984273636
0.4757211363627829 5.668309024153984 3.8244515332761724
0.4757211363627829 2.8025001762711885 1.549619154782047
0.4757211363627829 2.9351438528852865 1.2324665876004761
0.4739948792920541 3.6366491449661287 1.7854583090135294
0.4739948792920541 0.6415158342343905 0.5392227498409811
0.4739948792920541 0.6415158342343905 0.4947185048040659
0.4739948792920541 0.4757211363627829 0.47565474186006224
0.4739948792920541 0.4757211363627829 0.47565474186006224
0.4739948792920541 3.2435253637306514 2.8302951344771947
0.4739948792920541 4.391878778138597 3.3799357045602685
1.1085049574668813 6.548659401721753 1.0215258979434894
0.4739948792920541 3.1678692869051095 1.6137109748206546
0.4739948792920541 1.1085049574668813 0.49839911306800866
0.4739948792920541 3.450648507595741 1.7333483374205376
4.77558427212961 0.4739948792920541 0.47399487929205375
0.4739948792920541 4.77558427212961 0.47399487929205375
0.4739948792920541 4.77558427212961 0.8048863710487889
0.4739948792920541 0.4739948792920541 0.47399487929205375
0.4739948792920541 5.571782155093931 2.434682293062008
0.4739948792920541 0.4739948792920541 0.47399487929205375
0.4739948792920541 5.556967219834455 2.6244831772138393
0.4739948792920541 3.183735507318158 1.620423606533868
0.4739948792920541 3.888438863929608 1.9222431127490915
0.4739948792920541 5.630007182816236 2.2636694068642647
0.4739948792920541 5.630007182816236 0.6796546016483594
0.4739948792920541 0.4819590658645443 0.4813464361281986
0.4739948792920541 0.4819590658645443 0.4813464361281986
0.4739948792920541 0.4819590658645443 0.4813464361281986
0.4739948792920541 0.4819590658645443 0.4813464361281986
0.4739948792920541 5.219696585843213 0.6638734248417048
0.4739948792920541 0.4819590658645443 0.4816527509963713
0.4739948792920541 2.7997833108217276 1.2839765280969349
0.4739948792920541 0.4819590658645443 0.4813464361281986
0.4739948792920541 4.749938865481102 1.9587240590723916
0.4739948792920541 0.4819590658645443 0.4816527509963713
0.4739948792920541 5.426280598018806 3.928460424465994
0.4739948792920541 7.819576758941867 5.9946217393719845
0.4739948792920541 7.819576758941867 1.5829571268656735
0.4739948792920541 0.4819590658645443 0.4743011941602265
0.4739948792920541 5.09575166665957 2.429659834969562
0.4739948792920541 0.4739948792920541 0.47399487929205375
0.4739948792920541 0.4739948792920541 0.47399487929205375
