1.1980093780792171 7.648883836291116 5.289982819280503
1.1980093780792171 7.407618959021944 5.532066218885403
1.1980093780792171 7.407618959021944 5.65145325119949
1.1980093780792171 6.918988155712311 3.321877693158947
1.1980093780792171 3.249696560789094 2.7289085501357544
1.1980093780792171 3.249696560789094 3.170785515300253
1.1980093780792171 3.249696560789094 3.0918744698114122
1.1980093780792171 3.249696560789094 3.0918744698114113
1.1980093780792171 3.249696560789094 3.0918744698114113
1.1980093780792171 3.249696560789094 3.170785515300253
1.1980093780792171 3.249696560789094 3.170785515300253
1.1980093780792171 5.391262406137731 3.8485328584306235
1.1980093780792171 5.115818791679718 3.666647862726617
5.042482935409989 6.409381994938393 3.6087370408514303
0.7424963553376362 6.409381994938393 2.267146007840986
0.7424963553376362 0.7424963553376362 0.7424963553376359
0.7424963553376362 2.926206764158952 1.6663738359928086
0.7424963553376362 2.813245170510488 1.6185823925261504
0.7424963553376362 2.813245170510488 1.67651256490679
0.7424963553376362 2.76192114021265 0.8201665393712904
0.7424963553376362 0.7424963553376362 0.7424963553376359
0.7424963553376362 0.7424963553376362 0.7424963553376359
0.7424963553376362 3.155933987079703 1.5779170740175823
0.7424963553376362 3.155933987079703 2.5989868412930734
0.7424963553376362 3.369002576100691 2.803363695992784
0.7424963553376362 3.254208316005855 1.2255178862353704
0.7424963553376362 0.7424963553376362 0.7424963553376359
0.7424963553376362 0.7424963553376362 0.7424963553376359
0.7424963553376362 0.7424963553376362 0.7424963553376359
0.7424963553376362 0.7424963553376362 0.7424963553376359
0.7424963553376362 0.7424963553376362 0.7424963553376359
4.7652785408998355 2.7500924705820684 1.5918639425564343
0.7424963553376362 4.7652785408998355 1.6708307058519896
5.822364346931245 0.7424963553376362 0.7424963553376359
0.7424963553376362 5.822364346931245 3.5105610851549844
0.7424963553376362 5.399530657065938 0.9216130592502629
0.7424963553376362 3.4086521055529926 1.870485326582595
0.7424963553376362 3.7788613751025015 3.306513763160491
0.7424963553376362 5.531476970784265 4.214730386872512
0.7424963553376362 6.098408045073171 5.03456617676086
0.7424963553376362 6.098408045073171 3.394753252442684
0.679507221529271 3.2404995770877005 1.8333487467026863
0.679507221529271 3.2404995770877005 0.7780069275122872
0.679507221529271 0.679507221529271 0.6795072215292707
0.679507221529271 0.679507221529271 0.6795072215292707
0.679507221529271 0.679507221529271 0.6795072215292707
0.679507221529271 0.679507221529271 0.6795072215292707
0.679507221529271 1.6113459550870108 0.8945469292733645
0.679507221529271 0.679507221529271 0.6795072215292707
0.679507221529271 0.679507221529271 0.6795072215292707
