2.8777397645222753 7.727472652173262 5.809941972566546
2.8777397645222753 7.6817062294410725 5.079421345068695
1.6387412525371627 6.141656978983519 3.719058816889155
1.6387412525371627 5.390852638140306 3.739793080826165
1.6387412525371627 6.156193882045507 4.771641192125368
1.6387412525371627 2.9061148227777562 2.774033074095595
1.6387412525371627 3.5178077431934764 3.0563528835182345
1.6387412525371627 3.9164432055225196 3.3343041188019478
1.6387412525371627 2.370756678174168 2.3037332796971803
1.6387412525371627 2.370756678174168 2.249362626976045
1.6387412525371627 2.2865406002771107 2.2088735922767473
1.6387412525371627 2.2293929810992137 2.2066756069237514
1.6387412525371627 4.114507447859495 3.0042240351684844
1.6387412525371627 4.114507447859495 3.576678672514686
1.6387412525371627 3.8738224853844057 3.7748015024388795
1.6387412525371627 3.8477098450969867 3.655084778301289
1.6387412525371627 3.833471853804778 3.746406489456216
1.6387412525371627 5.955055774637504 4.728142703028748
1.6387412525371627 4.234884125231218 3.7737078862582454
1.6387412525371627 4.234884125231218 3.3229466422559617
1.6387412525371627 6.36075053208522 4.253102373540726
1.6387412525371627 6.36075053208522 3.767150421952603
1.6387412525371627 6.434170301014248 4.9612190585629365
1.6387412525371627 6.434170301014248 4.339140774497382
1.6387412525371627 4.69547559460414 3.8283112728690574
0.8840684616026704 4.522473176169438 1.4813682638451613
0.8840684616026704 4.522473176169438 1.0530329810450263
0.8840684616026704 5.623417557706702 2.524612379484836
0.8688611588347652 6.358478673601969 1.3051769394487704
0.8688611588347652 2.4061893711309 1.3494888755406056
0.835428543820115 2.9623940263968476 1.3739948443165322
0.835428543820115 0.8688611588347652 0.8652296185303788
0.8340826680141409 0.8688611588347652 0.8418531739343794
0.8340826680141409 0.8915609697373239 0.8681276695811219
0.8340826680141409 0.8915609697373239 0.8831234110874615
0.8340826680141409 3.3736012867996874 1.859768457343543
0.8340826680141409 5.53692902302215 2.6570442532919025
0.8340826680141409 2.647727731205585 1.6132898234075244
0.8340826680141409 2.647727731205585 1.16109567870636
0.8340826680141409 0.9102634688471558 0.8922648732081465
0.8340826680141409 0.8965416477624513 0.8917371108587347
0.8340826680141409 0.8965416477624513 0.8941393793105928
0.8340826680141409 3.022837068235145 1.6301647171665261
0.8339215620211502 3.022837068235145 0.9327800605330491
0.7211565426118303 3.0465921850533033 1.7303949508120082
0.7211565426118303 3.0465921850533033 0.8279448395379359
0.7211565426118303 0.7211565426118303 0.7211565426118299
0.7211565426118303 1.8947228149746604 0.9017051998984192
0.7211565426118303 0.7211565426118303 0.7211565426118299
0.7211565426118303 0.7211565426118303 0.7211565426118299
