2.177895530410684 7.472336370529424 5.233737993452774
2.177895530410684 6.62558350482087 5.445065010774979
2.177895530410684 8.43929894164544 6.445432591488278
2.177895530410684 9.79145154439545 7.971439119914979
2.177895530410684 9.560422289818963 8.608467939103512
2.177895530410684 11.956213069662843 10.154042829993434
1.0968133138661327 2.634293477125205 1.9311597988177687
1.0968133138661327 2.634293477125205 1.215081018732215
1.0968133138661327 1.0968133138661327 1.0968133138661325
1.0968133138661327 1.0968133138661327 1.0968133138661325
1.0968133138661327 1.0968133138661327 1.0968133138661325
1.0968133138661327 5.696557894336792 3.3966856041014633
1.0968133138661327 2.9830206318467565 1.8948241022425512
1.0968133138661327 2.9830206318467565 1.314452619786974
1.0968133138661327 1.0968133138661327 1.0968133138661325
1.0968133138661327 1.0968133138661327 1.0968133138661325
1.0968133138661327 1.0968133138661327 1.0968133138661325
1.0968133138661327 1.0968133138661327 1.0968133138661325
1.0968133138661327 5.324775743035914 3.048180588867571
1.0968133138661327 1.0968133138661327 1.0968133138661325
1.0968133138661327 1.0968133138661327 1.0968133138661325
1.0968133138661327 1.0968133138661327 1.0968133138661325
1.0968133138661327 1.0968133138661327 1.0968133138661325
1.0968133138661327 2.8001041304308036 1.8829475368959812
3.7060722035237927 3.761241040169445 2.842216246375538
1.0968133138661327 3.761241040169445 3.4823514527816046
3.7060722035237927 5.685924024406781 3.7550781150693306
3.7060722035237927 7.313218471520489 6.132970162669246
2.7236244296179533 9.095014872740366 7.028572257994749
2.7236244296179533 8.160551122699816 5.665529312863447
2.7236244296179533 6.226849311042656 5.188923848509428
5.66959583004687 5.4687299861911 5.243203665300334
5.66959583004687 5.4687299861911 5.348784648245456
5.66959583004687 5.4687299861911 5.348784648245456
5.66959583004687 5.7118327205138435 4.187002164125247
5.66959583004687 6.02968656793303 4.093754488755414
5.66959583004687 6.02968656793303 2.989501265316616
5.66959583004687 5.120709483655695 4.019383041772224
5.66959583004687 8.124992490428522 6.636653911892688
4.816482479154342 8.124992490428522 5.65413419819341
4.816482479154342 7.149948041759682 6.436228781228043
4.816482479154342 6.131446213280064 5.672077385663768
4.816482479154342 6.131446213280064 5.9786723601992895
4.816482479154342 6.131446213280064 6.023749105838883
4.816482479154342 6.131446213280064 5.976865405449647
4.816482479154342 7.45377485031678 6.913263231240454
4.816482479154342 8.027858071093501 7.140623698846279
4.816482479154342 8.972617485437725 7.591151720509979
4.816482479154342 8.972617485437725 6.86986985797971
4.816482479154342 7.762646552613507 6.988504542716857
