5.078262741645254 7.67879205887286 5.053718163523336
0.035975772819079044 5.078262741645254 1.0056463437471892
0.035975772819079044 0.035975772819079044 0.035975772819079044
0.035975772819079044 0.035975772819079044 0.035975772819079044
0.035975772819079044 3.2889201559631336 0.1610890183246195
0.035975772819079044 0.035975772819079044 0.035975772819079044
0.035975772819079044 3.0784630689127686 1.2061631943935747
0.035975772819079044 0.035975772819079044 0.035975772819079044
0.035975772819079044 3.05670361067509 2.282719465993783
0.035975772819079044 0.06126437163933618 0.04667479539688014
0.035975772819079044 0.06126437163933618 0.03889368806757025
0.035975772819079044 3.6247188684732703 1.554290159442006
0.035975772819079044 0.035975772819079044 0.035975772819079044
0.035975772819079044 0.035975772819079044 0.035975772819079044
0.035975772819079044 0.035975772819079044 0.035975772819079044
0.035975772819079044 0.035975772819079044 0.035975772819079044
0.035975772819079044 0.035975772819079044 0.035975772819079044
0.035975772819079044 0.035975772819079044 0.035975772819079044
0.035975772819079044 2.6915449776867004 1.1594858210323031
0.035975772819079044 1.6693222500395746 0.7270069747200576
0.035975772819079044 5.126233127761591 1.993767063181583
0.035975772819079044 0.035975772819079044 0.035975772819079044
0.035975772819079044 0.035975772819079044 0.035975772819079044
0.035975772819079044 0.035975772819079044 0.035975772819079044
0.035975772819079044 4.936027431323577 1.920611026090039
0.035975772819079044 5.654849138608203 2.4131914275760162
0.035975772819079044 5.456736567452573 2.120883770755038
0.035975772819079044 0.035975772819079044 0.035975772819079044
0.035975772819079044 0.035975772819079044 0.035975772819079044
0.035975772819079044 3.1139529795580327 1.2198131600263686
0.035975772819079044 0.035975772819079044 0.035975772819079044
0.035975772819079044 0.035975772819079044 0.035975772819079044
0.035975772819079044 5.388791680843784 2.3006286569833776
0.035975772819079044 5.2667135874353015 2.2489802328490187
3.2314440768531765 5.623584148249325 2.3999639316549524
0.035975772819079044 4.96322125808501 2.5455833256202243
0.035975772819079044 0.035975772819079044 0.035975772819079044
0.035975772819079044 0.035975772819079044 0.035975772819079044
0.035975772819079044 0.035975772819079044 0.035975772819079044
0.035975772819079044 0.035975772819079044 0.035975772819079044
0.035975772819079044 0.035975772819079044 0.035975772819079044
0.035975772819079044 5.490551947668319 0.24576716415943434
0.035975772819079044 0.035975772819079044 0.035975772819079044
0.035975772819079044 0.035975772819079044 0.035975772819079044
0.035975772819079044 2.977048840091449 0.940921331979808
0.035975772819079044 0.035975772819079044 0.035975772819079044
0.035975772819079044 5.4380318997505945 2.1136896677927384
0.035975772819079044 0.035975772819079044 0.035975772819079044
0.035975772819079044 0.035975772819079044 0.035975772819079044
0.035975772819079044 0.035975772819079044 0.035975772819079044
