1.518885611137112 7.467822182850467 5.584085797211949
1.518885611137112 7.467822182850467 5.025675482279872
1.518885611137112 7.411238423767655 3.072836520642181
1.518885611137112 8.535047553187056 4.717879570594499
1.518885611137112 2.4066765133255292 2.3725307093952055
1.518885611137112 2.4066765133255292 2.3725307093952055
1.518885611137112 5.270726693985694 3.891179700677979
1.518885611137112 6.501659667854568 4.628020062242655
1.518885611137112 6.501659667854568 2.406767737684709
0.7559768991377642 6.345903654788167 3.133482714287177
0.7559768991377642 6.345903654788167 1.9264723442021712
0.7559768991377642 2.0931883181622735 1.527840041799649
0.7559768991377642 1.6024270690022786 1.5404637687222427
0.7559768991377642 5.663572801708696 3.1252273295865787
0.7559768991377642 6.142735616876596 5.27545518177775
0.7559768991377642 5.408016026050909 3.4722396818178964
0.7559768991377642 4.5734472190163125 2.831780292578554
0.7559768991377642 2.688634956857076 2.5399689524171305
0.7559768991377642 2.688634956857076 2.4656359501971568
0.7559768991377642 4.6993211996627196 2.9051895377570456
0.7559768991377642 6.231096485867472 3.6362257967761
0.7559768991377642 5.616928898105137 2.5665663819529954
0.7559768991377642 0.7559768991377642 0.7559768991377639
0.7559768991377642 2.8597191252927847 1.5651085245820027
0.7559768991377642 0.7559768991377642 0.7559768991377639
0.7559768991377642 2.9855210134635297 1.7849972595958101
0.7559768991377642 2.9855210134635297 0.8417285958426011
0.7559768991377642 4.926328682760754 1.5579676267575697
0.7559768991377642 0.7559768991377642 0.7559768991377639
0.7559768991377642 0.7559768991377642 0.7559768991377639
0.7559768991377642 3.1004807616006897 1.5675359284518537
0.7559768991377642 0.7559768991377642 0.7559768991377639
0.7559768991377642 0.7559768991377642 0.7559768991377639
0.7559768991377642 5.090552824673818 2.1443865572896947
0.7559768991377642 5.441520137661033 4.240142000432911
0.7559768991377642 5.441520137661033 4.684007847094322
0.4759517979192869 5.737331983941495 3.059211291185507
0.4759517979192869 5.4272781750562835 0.6879278202105924
0.4759517979192869 0.7559768991377642 0.4867219941199972
0.4759517979192869 3.7336799769885087 1.6036269368278637
0.4759517979192869 5.482458715593385 2.2089734232680134
0.4759517979192869 0.4759517979192869 0.47595179791928655
0.4759517979192869 0.4759517979192869 0.47595179791928655
0.4759517979192869 0.4759517979192869 0.47595179791928655
0.4759517979192869 0.4759517979192869 0.47595179791928655
0.4759517979192869 0.4759517979192869 0.47595179791928655
0.4759517979192869 0.4759517979192869 0.47595179791928655
0.4759517979192869 0.4759517979192869 0.47595179791928655
0.4759517979192869 3.219913015651479 1.5313214970470528
0.4759517979192869 5.611980468525861 5.016661074457629
