2.388325876774083 7.755135436650278 5.0114789228226355
2.388325876774083 5.8150246731013056 4.290686393010485
2.388325876774083 4.569068739360873 4.021633977694609
2.388325876774083 4.7663157162736844 4.094486545746021
2.388325876774083 4.7663157162736844 3.6774704705410985
1.6079406351422922 3.777459074357275 2.355318706450931
1.6079406351422922 2.388325876774083 1.7279999030856446
1.6079406351422922 1.6079406351422922 1.607940635142292
1.6079406351422922 1.6079406351422922 1.607940635142292
1.6079406351422922 3.336120359654647 2.77937747573145
0.4930280683819608 5.138436025895718 2.7344174316169094
0.4930280683819608 1.5010699135474472 0.9855401989272726
0.4930280683819608 5.583274227840519 2.9386261383199175
0.4930280683819608 5.469331095524968 3.465257883481254
0.4930280683819608 3.0567569422442173 1.7696441818185833
0.4930280683819608 3.0567569422442173 0.5916330250689703
2.834623697375737 0.4930280683819608 0.49302806838196045
0.4930280683819608 2.834623697375737 0.8176901949112698
0.4930280683819608 0.8688304715594097 0.5074820069657086
0.4930280683819608 5.707030430901838 2.2978750400234564
0.4930280683819608 3.2148733509944702 1.4352052815939833
0.4930280683819608 5.691553015360579 2.1011775792316523
0.4672288115641057 5.296734963054337 2.3296925730637827
0.3044336748345917 0.7432446607605105 0.5213912336358482
0.3044336748345917 1.1480704698387503 0.7681322067697279
0.3044336748345917 0.6191334465844283 0.5949257718344405
0.3044336748345917 1.345519361785279 1.056778976324383
0.3044336748345917 1.4638529002629785 1.2976888370047728
0.3044336748345917 1.4638529002629785 1.2191006670875326
0.3044336748345917 4.9401491500839185 2.2656979143631526
0.3044336748345917 0.3044336748345917 0.30443367483459155
0.3044336748345917 4.324652502243474 2.005295486430657
0.3044336748345917 4.324652502243474 0.4590574758887793
0.3044336748345917 6.365408128335613 2.8305845521185735
0.3044336748345917 0.3044336748345917 0.30443367483459155
0.3044336748345917 0.3044336748345917 0.30443367483459155
0.3044336748345917 5.657444745090643 2.3632840864715345
0.3044336748345917 5.650804112568775 2.771989261481138
0.3044336748345917 0.3044336748345917 0.30443367483459155
0.3044336748345917 0.3044336748345917 0.30443367483459155
0.3044336748345917 0.3044336748345917 0.30443367483459155
0.3044336748345917 0.3044336748345917 0.30443367483459155
0.3044336748345917 3.18249606309686 1.0792966255205867
0.3044336748345917 0.3044336748345917 0.30443367483459155
0.3044336748345917 0.3044336748345917 0.30443367483459155
0.3044336748345917 0.3044336748345917 0.30443367483459155
0.3044336748345917 3.28018599301457 1.5634058094491978
0.3044336748345917 0.3044336748345917 0.30443367483459155
0.3044336748345917 0.3044336748345917 0.30443367483459155
0.3044336748345917 0.3044336748345917 0.30443367483459155
