3.2461212778133732 6.682449639279749 5.044452749241626
3.2461212778133732 6.646974971678496 5.288091785293387
3.2461212778133732 7.564331667680333 4.999034327732531
3.2461212778133732 6.44864878206268 5.474865304846457
3.2461212778133732 6.44864878206268 4.0649921975321295
3.2461212778133732 3.2461212778133732 3.2461212778133732
3.2461212778133732 3.2461212778133732 3.2461212778133732
3.2461212778133732 4.553572598879526 3.748987170531124
3.007995783452867 5.502429479772196 4.141095724362879
3.007995783452867 7.269808290128957 4.861592737931695
3.007995783452867 7.316873072220375 4.768396787612181
2.7864693981824904 7.316873072220375 3.240341167192077
2.7864693981824904 5.546498782896041 4.164664246351728
2.7864693981824904 5.130654563170683 4.540409182946554
2.7864693981824904 6.117159872641469 5.412807902881222
2.7864693981824904 6.605079925026885 6.372050435911576
2.7864693981824904 6.605079925026885 5.584569989158611
2.7864693981824904 7.0045807051301345 5.81861104844747
2.7864693981824904 8.561512577978014 6.4356284838520175
2.7864693981824904 9.841678591785461 6.518298730991669
2.7864693981824904 9.841678591785461 4.613689789069531
2.7864693981824904 6.528392700416887 4.713822116313708
1.7970940370834616 4.573011584343188 3.0393658308246865
1.7970940370834616 2.7864693981824904 1.8351469355872703
1.7970940370834616 6.03540479672046 3.961094165304466
1.7970940370834616 6.03540479672046 4.628932076978146
1.7970940370834616 3.7778563030258145 3.5493068108016974
1.7970940370834616 3.7778563030258145 3.701673138951109
1.7970940370834616 5.572115680476468 4.598802827676437
1.7970940370834616 5.771178030783016 4.725193703864479
1.7970940370834616 5.771178030783016 5.31214682144019
1.7970940370834616 6.988637478632979 4.681199017854897
1.7970940370834616 3.9018829366356553 3.1885713916504814
1.7970940370834616 3.988493427493879 3.4243102047981893
1.7970940370834616 3.988493427493879 3.260387287525192
1.7970940370834616 3.4087554635142507 2.292989860600628
1.7970940370834616 3.4087554635142507 3.0988205738160235
1.7970940370834616 3.660603097677083 3.2875362494038525
1.7970940370834616 4.463284033955098 3.9549464687593785
1.7970940370834616 4.463284033955098 3.920787682199681
1.7970940370834616 3.9646906529911843 3.577556143716183
1.7970940370834616 3.4442661847604588 2.885401552056114
1.7970940370834616 3.4442661847604588 2.4545178372422205
1.7970940370834616 2.310309158952663 2.2905701158038476
1.7970940370834616 2.310309158952663 2.270831072655032
1.7970940370834616 2.310309158952663 2.2905701158038476
1.7970940370834616 4.337111441016411 3.1085853026870334
1.7970940370834616 2.310309158952663 2.0220671835507535
1.4257543563271295 6.875493476140958 3.9553008608856803
1.4257543563271295 3.5740151807053704 2.334633935871771
