3.068845260352145 7.652932958545874 5.65948192030837
3.068845260352145 6.347929423504134 4.5814356073100875
3.068845260352145 4.591250103998952 4.181278716666756
3.068845260352145 6.130110429469635 4.716098923862845
3.068845260352145 6.508226019918521 4.006881602352861
3.068845260352145 6.251938102913748 4.789574465428016
3.068845260352145 6.251938102913748 4.252563065444482
3.068845260352145 6.2210539020429465 4.429520544394514
3.068845260352145 6.2210539020429465 4.44443585519458
3.068845260352145 4.671004491383314 4.285534343236859
3.068845260352145 4.671004491383314 4.54070260443506
3.068845260352145 4.671004491383314 4.409452581218358
3.068845260352145 4.671004491383314 4.385537197905027
3.068845260352145 4.671004491383314 4.3708137359703985
0.7572765074290122 6.7398354265250315 3.7605944622785112
0.7572765074290122 5.787904479254131 3.8458526439471026
0.7572765074290122 5.787904479254131 2.8570303170709574
0.7572765074290122 0.7572765074290122 0.7572765074290119
0.7572765074290122 0.7572765074290122 0.7572765074290119
0.6228720994372066 0.8626376687190107 0.7978000310020883
0.6228720994372066 2.8894785843314073 1.7903646385871013
0.6228720994372066 2.858676843183663 1.6983725176812323
0.6228720994372066 2.858676843183663 2.7778537533469465
0.6228720994372066 5.747043281479346 3.9998549387797344
0.5066985241802482 5.747043281479346 2.070785602905504
0.5066985241802482 4.598280115067183 2.7532114855500627
0.5066985241802482 5.62176941417755 4.912858041129557
0.5066985241802482 2.7380188314921985 1.4507186541968429
0.5066985241802482 4.883450190942952 3.425943487323973
0.5066985241802482 6.1328264709620335 2.6392390798616203
0.5066985241802482 3.10472956375682 2.7006003134388945
0.5066985241802482 2.965374083841706 1.645563433685003
0.5066985241802482 3.268531904643418 2.213841415722507
0.5066985241802482 3.268531904643418 1.2841158078383128
0.5066985241802482 0.7097571841770862 0.6941372872542522
0.5066985241802482 2.5584606680201145 1.3418830570459481
0.44379795110144515 2.5584606680201145 0.9492734907947985
0.44379795110144515 4.222659332286899 1.7620945535531645
0.44379795110144515 0.44379795110144515 0.44379795110144493
0.44379795110144515 5.3067770930263585 2.166951787348681
0.44379795110144515 4.202440870613518 2.5943995682321606
5.064878463056253 4.202440870613518 3.0800882106563345
0.44379795110144515 3.6188409883858523 0.565914990996999
0.44379795110144515 0.44379795110144515 0.44379795110144493
5.064878463056253 4.750941105781703 1.934732120029227
0.44379795110144515 5.064878463056253 2.7922517252088186
0.44379795110144515 5.064878463056253 0.6215318169458606
0.44379795110144515 4.999644593710652 1.845596918058124
0.44379795110144515 0.44379795110144515 0.44379795110144493
0.44379795110144515 0.44379795110144515 0.44379795110144493
