1.1719608498866632 7.730835060725864 5.484210014569721
1.1719608498866632 8.615339263943607 5.993870583201219
1.1719608498866632 8.615339263943607 5.974840132472682
1.1719608498866632 9.222912777872683 8.373497979286707
1.1719608498866632 9.222912777872683 7.039333905221067
1.1719608498866632 9.222912777872683 7.57910976271965
1.1719608498866632 8.178703669483545 4.894315806242273
1.1719608498866632 6.657481476863822 4.270728784717561
1.1719608498866632 4.275764238148138 1.5300920100706799
1.1719608498866632 1.1719608498866632 1.171960849886663
1.1719608498866632 1.1719608498866632 1.171960849886663
1.1719608498866632 5.228122139011756 2.5760166807376566
1.1719608498866632 1.1719608498866632 1.171960849886663
1.1719608498866632 1.1719608498866632 1.171960849886663
1.1719608498866632 1.1719608498866632 1.171960849886663
1.1719608498866632 1.1719608498866632 1.171960849886663
1.0165672959864378 2.9804190209390033 2.006633851910821
0.8389278272267053 2.9804190209390033 1.2176102327886413
0.8389278272267053 5.561207137228447 2.8643708581908416
0.8389278272267053 5.561207137228447 1.5610264308643165
0.8389278272267053 1.3522774378018387 1.204498422283881
0.8389278272267053 1.1983445121775884 1.1653031943753454
0.8389278272267053 1.1983445121775884 1.1741065988143788
0.8389278272267053 1.1952976800332924 1.1801664006923531
0.8389278272267053 2.6962886553886567 2.0898643792304332
0.8389278272267053 2.348154571092991 2.1899797413428637
0.8389278272267053 2.5003319758641607 2.0183654481978572
0.8389278272267053 5.136954877867112 2.8505628044520197
0.8389278272267053 1.1191618024080587 1.108383572593391
0.8389278272267053 1.1191618024080587 1.0976053427787236
0.8389278272267053 1.1191618024080587 1.108383572593391
0.8389278272267053 2.6407016336899187 1.8106327254927115
0.8389278272267053 2.6407016336899187 1.2731676310035536
0.8389278272267053 2.980748184090807 1.492567026983835
0.8389278272267053 5.147793696099381 3.514551567696274
0.8389278272267053 3.227289531232565 2.1812294734478628
0.8389278272267053 3.227289531232565 1.238510948487818
0.8389278272267053 1.1867886728259696 1.146650882949131
0.6916605349399458 1.1867886728259696 1.1353226296963035
0.6916605349399458 2.4680549951308177 1.5138347407587622
0.6916605349399458 2.4680549951308177 0.8694534339925842
0.6916605349399458 0.7120143932644258 0.7112315525596379
0.6916605349399458 3.2551086017346127 1.8849673410843397
0.6916605349399458 5.592747367327988 2.686247858294476
0.6916605349399458 7.396137074713996 4.820572075787493
0.6916605349399458 10.808326147681454 7.7999597974199535
0.6916605349399458 12.571377562824793 5.734397735448422
0.6916605349399458 3.1982280572391137 0.8130297055693465
0.6916605349399458 0.725613695833879 0.716217508703876
0.6916605349399458 4.364639622955796 2.1177390727977756
