2.346003703331658 7.762500092879215 5.534829513782044
2.346003703331658 5.886433670770678 5.6961631210530115
2.346003703331658 6.58988642797631 6.457946851058571
2.346003703331658 6.245161980746271 5.273317805207896
2.346003703331658 7.757879566001369 5.85930101002257
2.346003703331658 7.050495414681752 5.4902835241148695
2.346003703331658 7.76458972432699 6.69432554550607
2.346003703331658 4.471632162329588 4.442353698115027
2.346003703331658 7.459204495287265 5.859546734922242
2.346003703331658 5.815911165463252 4.473933986422767
2.346003703331658 6.965459494353647 5.751853261498469
2.346003703331658 7.696777538274462 6.916792027545147
2.346003703331658 6.609872178252264 5.547128873431913
2.346003703331658 6.636648363424012 6.281625149815368
2.346003703331658 5.044974363935506 4.269414279190013
2.346003703331658 4.921043375084537 4.481452816965131
2.346003703331658 7.60761608442715 6.903904361406721
2.346003703331658 6.753036787116006 5.131601960961117
2.346003703331658 6.454390040788343 5.643988657658207
2.346003703331658 6.171550048094705 5.9186136198432004
2.346003703331658 6.0708869034892246 5.257403619871241
2.346003703331658 5.835889143373787 5.16493965498084
2.346003703331658 6.299791427376224 5.214622092976741
2.346003703331658 6.4066906161588015 6.365876014641552
2.346003703331658 6.100611038323969 5.076994866893598
2.346003703331658 7.409602000543394 6.954821325491895
2.346003703331658 9.885814963117316 7.592184261762063
2.346003703331658 6.265194419152078 5.018167485116794
2.346003703331658 5.559146651887243 5.121295548797624
2.346003703331658 6.335969893873138 5.388701427546633
2.346003703331658 7.044370032333738 5.650142708771532
2.346003703331658 7.745084517537954 7.4828634429583705
2.346003703331658 7.29202315650727 5.8169405808019485
2.346003703331658 7.181720232768502 6.845829396784701
2.346003703331658 7.597197576886863 7.216838263346068
2.346003703331658 6.511249704481443 5.058129090684378
2.346003703331658 5.5261125986756205 4.797103764990253
2.346003703331658 7.472150398331573 6.1852092352923105
2.346003703331658 5.4542908514965305 4.181674524656456
2.346003703331658 6.655248214294559 6.433008813542183
2.346003703331658 7.773839462341122 5.71815166267449
2.346003703331658 7.081362182592729 6.5709633255518165
2.346003703331658 7.170961572907704 6.686553078452487
2.346003703331658 5.664801862324609 5.358284012575755
2.346003703331658 7.659537545372473 5.79288114190623
2.346003703331658 4.500379063162761 4.149246124815843
2.346003703331658 7.502900066432664 6.346642757153359
2.346003703331658 6.374967353700988 5.492542275386013
2.346003703331658 6.660028735522694 5.538851954533779
2.346003703331658 6.081230906971921 4.660375860347569
2.346003703331658 6.864297246119783 5.334151278743189
2.346003703331658 6.658037324911742 6.140416330196256
2.346003703331658 5.828267100102284 5.513740012691066
2.346003703331658 7.34267163701881 5.511339013741296
2.346003703331658 6.3064622956896805 5.927902769406754
2.346003703331658 6.389945619322564 6.066755620269341
2.346003703331658 4.014268669846576 3.9431466121083965
2.346003703331658 6.630576880996205 6.554120898652575
2.346003703331658 6.267623750086813 5.317538725136603
2.346003703331658 7.725799282695277 5.863482276814507
2.346003703331658 6.252926150738897 4.924812008610549
2.346003703331658 6.492073903937534 6.042576249989789
2.346003703331658 7.010909461590133 5.129197381254188
2.346003703331658 6.222613623449668 5.464596885286453
2.346003703331658 7.749548809518542 6.906505661958125
2.346003703331658 7.315442149945934 5.815165469383614
2.346003703331658 6.7620184522248366 5.35412811461597
2.346003703331658 7.544445291489145 5.118046514345005
2.346003703331658 6.529851687863797 5.343254645815465
2.346003703331658 6.976703794462065 6.5471288386964
2.346003703331658 7.210034872879625 5.458549785841946
2.346003703331658 6.658761205564623 6.416410686151291
2.346003703331658 7.693665375684997 5.691539678955796
2.346003703331658 7.775170943635771 6.448676565578592
2.346003703331658 6.554901360251225 5.935290810261609
2.346003703331658 6.639048345711885 6.484495717628957
2.346003703331658 6.197847672989482 4.987610550839103
2.346003703331658 6.025330783684847 4.605696411341742
2.346003703331658 6.176998220823112 5.667755882776472
2.346003703331658 7.408177789778346 5.5144396069942045
2.346003703331658 9.167286494875505 6.187662907420331
2.346003703331658 4.548905107317278 4.170279360327405
2.346003703331658 5.634457954780103 4.338626263508639
2.346003703331658 7.185702293916835 6.946564063056029
2.346003703331658 6.151995745187367 5.510436170279495
2.346003703331658 6.518445421741706 5.9515070354235275
2.346003703331658 4.2422585231974566 4.1925725522817
2.346003703331658 5.409486892284953 5.360471943980412
2.346003703331658 6.048671267246419 5.888672239271719
2.346003703331658 6.914628671919319 6.360712052724833
2.346003703331658 6.196075531024636 5.4233715825627575
2.346003703331658 6.242035779177737 5.814885889226328
2.346003703331658 4.411781580993235 4.292790491767921
2.346003703331658 5.933713444472776 5.875226745703928
2.346003703331658 6.654550946985996 4.7406425903068685
0.49685203588259386 4.769525143876987 2.6089533754743393
0.49685203588259386 7.254439475899067 5.888401678101233
0.49685203588259386 3.849605806232152 3.7840367424619012
0.49685203588259386 4.575072866036326 4.41880214542813
0.49685203588259386 6.390318028198404 5.382587508454412
