1.4490005549872795 7.70069166654398 5.346211052792572
1.4490005549872795 5.060539477041246 4.143025853375888
1.4490005549872795 7.649379629950301 6.959446672043652
1.4490005549872795 7.5478072002093 5.6323826849724155
1.4490005549872795 5.341449257672114 4.971922167819542
1.4490005549872795 5.211542556967526 4.498013406424703
1.4490005549872795 8.760441531130159 7.266292124910721
1.4490005549872795 4.065287029729969 4.015629378551202
1.4490005549872795 5.797768456536769 5.57899369580355
1.4490005549872795 6.150923415234992 5.028527483345116
1.4490005549872795 5.398862776523771 4.504932889714063
1.4490005549872795 7.5978601166975 6.436648700985151
1.4490005549872795 7.242047326823828 5.869009892092816
1.4490005549872795 7.650076188745935 6.0201152470207955
1.4490005549872795 6.516886786646641 5.75370395087385
1.4490005549872795 5.6368672086883365 5.028923070785501
1.4490005549872795 6.275817500673259 6.170199277154959
1.4490005549872795 5.4506614700617 4.389544271480555
1.4490005549872795 6.5481425000692575 6.382797829637383
1.4490005549872795 3.675099725781863 3.436843895339418
1.4490005549872795 6.753036962794452 6.6562615246339165
1.4490005549872795 4.549897714496293 4.15629268386548
1.4490005549872795 6.44876120161668 6.230013539926188
1.4490005549872795 7.011933462912564 6.62630837403045
1.4490005549872795 7.290165262232303 6.890465751622781
1.4490005549872795 7.630990468266662 6.664679910595706
1.4490005549872795 7.767978933218254 6.094685651975492
1.4490005549872795 8.015875745389923 5.976052297804105
1.4490005549872795 6.132739940017011 4.689162561713165
1.4490005549872795 7.4858607805363615 5.975759570170151
1.4490005549872795 6.911685494068138 6.589159569742182
1.4490005549872795 5.433983499742016 5.17165914019206
1.4490005549872795 7.4049225223095 5.168237176377191
1.4490005549872795 6.658053934069482 6.161305101164886
1.4490005549872795 7.353131353891174 6.675197535714096
1.4490005549872795 6.623406865747704 6.5013016751972215
1.4490005549872795 6.036633047673654 5.259499350700289
1.4490005549872795 4.542717618183634 4.4035562418381415
1.4490005549872795 6.670172878717807 5.690756945553764
1.4490005549872795 4.353889125506637 3.7727154619578744
1.4490005549872795 5.684393394882363 5.06025658950275
1.4490005549872795 6.634320582111787 5.20667392796342
1.4490005549872795 7.31982088829027 6.208792806592297
1.4490005549872795 6.497919563252076 6.157093590682705
1.4490005549872795 6.738794200782539 6.607075118037525
1.4490005549872795 5.126680536903969 4.4179365501424925
1.4490005549872795 5.649785167420806 4.697918822261096
1.4490005549872795 5.399117640630706 4.978737044304284
1.4490005549872795 5.051957121424682 4.540267890137466
1.4490005549872795 7.567011476093009 6.9257532600258465
1.4490005549872795 6.90541961654545 6.118717136733635
1.4490005549872795 5.473196183133872 4.25463292870698
1.4490005549872795 4.928974792951895 3.713891610335947
1.4490005549872795 6.071227328109735 4.663079408625408
1.4490005549872795 5.985542523421593 4.990696638885462
1.4490005549872795 7.718014202712961 6.955009504742152
1.4490005549872795 6.460901452001874 5.467844678855595
1.4490005549872795 6.478867042970123 6.279820458324172
1.4490005549872795 6.492909532218469 5.76071715090564
1.4490005549872795 6.563035891260384 5.303126565692
1.4490005549872795 6.208903941908677 5.088989779608625
1.4490005549872795 6.512182751301001 5.51798918664548
1.4490005549872795 6.592716884866913 5.496823649956317
1.4490005549872795 6.363157286522306 5.788329748865578
1.4490005549872795 7.6843510355021305 7.234341280699133
1.4490005549872795 6.589836363438113 5.162435499439787
1.4490005549872795 5.334714590864635 5.289282825022756
1.4490005549872795 6.338692904130706 6.123540450608354
1.4490005549872795 6.65850533662552 6.567799677854334
1.4490005549872795 6.892115309982353 5.604906146508358
1.4490005549872795 7.54370072223522 6.805731180548048
1.4490005549872795 5.212389687298373 4.666415974879385
0.9245999292327558 6.181136111778262 3.5581120267630566
0.9245999292327558 5.820219660605876 5.681630010871112
0.9245999292327558 6.667254428664744 5.369199508414213
0.9245999292327558 6.481053982669199 6.352309705624845
0.9245999292327558 7.604764775890839 6.60129577576316
0.9245999292327558 4.775710241748449 4.642369295341917
0.9245999292327558 7.685794463564893 6.744461900456142
0.9245999292327558 5.805477128693234 5.737773931980218
0.9245999292327558 4.57011563153096 4.385956249170507
0.9245999292327558 6.097942435522043 4.552018379552214
0.9245999292327558 7.362515188257083 6.8816152303378715
0.9245999292327558 6.418271532132241 4.7234598117223
0.9245999292327558 6.3114769775177955 6.162112141335879
0.9245999292327558 7.516805037287849 6.579595013978052
0.9245999292327558 8.403268006873194 7.459781928894973
0.9245999292327558 5.875733864296578 5.816406604706932
0.9245999292327558 7.050814548645766 6.801137545574906
0.9245999292327558 6.272877896861058 4.788913145521738
0.9245999292327558 5.939521561303263 4.435700982501119
0.9245999292327558 7.4388389547303415 6.984883386598782
0.9245999292327558 6.152863112114691 3.7201520790558886
0.9245999292327558 6.178725156589913 5.180950658922726
0.9245999292327558 6.243007987828392 5.733702985851129
0.9245999292327558 5.74733380684977 4.96750603204459
0.9245999292327558 6.641165913468633 5.5309666448003965
0.9245999292327558 5.746670813865368 4.594888540829058
0.9245999292327558 6.534919881456897 4.257090777583826
0.9245999292327558 6.65698050771914 6.010264119889485
