0.636272778192311 7.753939728825356 5.546178598415873
0.636272778192311 7.047463865944085 5.062740907975386
0.636272778192311 6.198586836651806 5.881480420625014
0.636272778192311 6.457943086103636 6.007344888998031
0.636272778192311 6.387377498900808 6.321842050165339
0.636272778192311 4.038977812123431 3.9868626708484176
0.636272778192311 7.185738578007669 5.631482078791926
0.636272778192311 6.299491207973514 6.039077981557155
0.636272778192311 6.613790891430771 6.489112101501166
0.636272778192311 7.653824380660321 6.841131086433594
0.636272778192311 7.356224836668023 7.282879861371002
0.636272778192311 7.082319426056776 5.06854252546835
0.636272778192311 6.110110116158573 5.839555884975672
0.636272778192311 5.827038979748895 5.1029886207155
0.636272778192311 7.275071950325113 6.240270796990831
0.636272778192311 6.6297750325453 6.307659219487515
0.636272778192311 5.032889245543782 3.9550668657609616
0.636272778192311 4.601034744996184 4.541839793720341
0.636272778192311 6.340678116552613 4.96616750537905
0.636272778192311 5.285357884893781 4.185883698966139
0.636272778192311 6.663842686525523 5.575510098028069
0.636272778192311 6.615661821276657 4.93991595133099
0.636272778192311 7.739254652318307 7.2154268310833904
0.636272778192311 3.0908339201983215 2.3402798228439305
0.636272778192311 7.546731108401081 5.463683650098476
0.636272778192311 6.554872900143689 5.044066797464662
0.636272778192311 9.295939950778495 7.007482994686432
0.636272778192311 6.680249108538074 6.060660829351067
0.636272778192311 3.940169245490886 3.025995989269973
0.636272778192311 5.502953893326254 4.987595783654124
0.636272778192311 4.547121532100206 4.1382694441359655
0.636272778192311 6.149574426129366 5.297826048710236
0.636272778192311 6.9053527858338395 5.658632172931335
0.636272778192311 6.573362688086373 4.577334572677069
0.636272778192311 6.328534713483236 5.197239583281832
0.636272778192311 6.663745231167674 6.579154412514325
0.636272778192311 5.580763362065031 3.8352508900380933
0.636272778192311 6.400659177882794 5.951281670223661
0.636272778192311 5.997409868018931 5.11675164935523
0.636272778192311 7.476182953813041 6.860179929719656
0.636272778192311 6.736443848409625 5.602366549225289
0.636272778192311 5.382420220164349 5.216414095812382
0.636272778192311 7.719596679127157 7.483163034853927
0.636272778192311 7.581231196658798 6.624765721861762
0.636272778192311 7.539099948988561 5.946907757677309
0.636272778192311 7.575334566321555 6.738329870801036
0.636272778192311 6.513916519440606 5.489014748647647
0.636272778192311 6.250256718851443 4.352989309168863
0.636272778192311 6.521709389913433 5.251959871014174
0.636272778192311 4.776561955976689 4.436651418626205
0.636272778192311 6.293832308687751 4.4576350891357555
0.636272778192311 6.476883980946333 4.992038573676448
0.636272778192311 4.108061456110541 3.7387444047897422
0.636272778192311 6.757970923887582 6.079541538692391
0.636272778192311 7.689716646549098 5.704260148232648
0.636272778192311 6.665410191734605 5.107990263582278
0.636272778192311 7.694098050252334 5.856619752040132
0.636272778192311 4.119787403017138 3.972114458409544
0.636272778192311 4.385362942576936 4.302241999052402
0.636272778192311 4.24667797426676 4.177039448788868
0.636272778192311 7.423130138192329 6.4058971306485
0.636272778192311 7.008313566841036 5.464649957841435
0.636272778192311 6.468884984866385 5.772361205054833
0.636272778192311 6.495370849514284 6.194167910979755
0.636272778192311 7.484828613372715 7.416230805885089
0.636272778192311 6.300038998868242 4.4489242323722875
0.636272778192311 9.17625047177048 7.693238447346146
0.636272778192311 6.295688806728151 5.954774653256056
0.636272778192311 6.613548902565213 6.435263898378648
0.636272778192311 6.28578722731184 5.731788404168136
0.636272778192311 7.327857252313295 6.104963226013381
0.636272778192311 6.640639305161759 6.549045257869268
0.636272778192311 5.162851552922785 4.746356329581987
0.636272778192311 7.669246606641952 6.6829749880133456
0.636272778192311 6.325784006309469 4.786106182480096
0.636272778192311 5.736076187834325 5.315013474769007
0.636272778192311 6.610938979717915 5.553880174093425
0.636272778192311 6.180801128127893 5.3531475674992866
0.636272778192311 6.1691636593492305 4.748631286640538
0.636272778192311 3.951902505127489 3.6979338926677787
0.636272778192311 6.656592090743885 5.573359694134191
0.636272778192311 5.67278812392378 5.088763979915104
0.17586018535452697 7.735961686446343 3.8849140468178893
0.17586018535452697 7.646461172396846 5.4005118114280375
0.17586018535452697 5.568367363044459 5.452244156542994
0.17586018535452697 3.9948820478642912 3.922585375674909
0.17586018535452697 4.471297273852258 3.010524749697384
0.17586018535452697 3.9468244101150884 3.317278256096311
0.17586018535452697 7.707619343198317 6.129531735518665
0.17586018535452697 6.153875640684543 5.830881686218369
0.17586018535452697 6.620770387130911 5.854695303976875
0.17586018535452697 3.542620131866603 3.4767018238357057
0.17586018535452697 6.472176775314068 4.698391322380226
0.17586018535452697 7.626002730643771 6.542871099111501
0.17586018535452697 7.723086037241892 5.631098970535271
0.17586018535452697 5.8494275065770225 3.9002116566079006
0.17586018535452697 7.673041007504034 5.182921123127074
0.17586018535452697 6.616648475362602 6.327520935226511
0.17586018535452697 6.9527242577150155 5.981953681880261
0.17586018535452697 6.0840595602564775 5.2777813768584485
