0.8060164671730381 7.70459878031884 5.391661119842345
0.8060164671730381 5.3980817471479305 5.0544780474562145
0.8060164671730381 4.532307844883526 4.409447731850977
0.8060164671730381 7.515155357355068 6.5520359575419445
0.8060164671730381 5.7728467357169 3.5435990499415015
0.8060164671730381 6.479761131237058 6.034721424796322
0.8060164671730381 4.086941364750494 4.018384183980782
0.8060164671730381 6.526166214443009 4.526710797926697
0.8060164671730381 6.665852457860172 5.550900864833694
0.8060164671730381 6.079226232416339 4.4150676407890685
0.8060164671730381 4.556390158790766 3.7489847358729618
0.8060164671730381 4.556411683820809 4.182013200329363
0.8060164671730381 5.260146915470401 5.044105536807224
0.8060164671730381 6.753219125700607 3.9191639984943953
0.8060164671730381 7.618811309695097 6.595123876440031
0.8060164671730381 7.1365269184078635 6.312243774032197
0.8060164671730381 7.700435215223136 6.9022046506715835
0.8060164671730381 7.541380266282744 6.796979138089032
0.8060164671730381 4.5184943637130175 3.8902695325139844
0.8060164671730381 6.6550340170418 6.192917844356656
0.8060164671730381 6.555653352969266 6.137953145416046
0.8060164671730381 7.6838564298059495 6.4374106361931265
0.8060164671730381 6.203455293674647 5.863946743160678
0.8060164671730381 7.665741131568444 6.009745578970939
0.8060164671730381 6.369028254673545 5.299783288054372
0.8060164671730381 5.762584015439689 5.149503677349336
0.8060164671730381 6.205637556217184 5.32562744957376
0.8060164671730381 5.626214162795165 4.77626793154322
0.8060164671730381 6.449296949406872 6.375748094675417
0.8060164671730381 5.588037295406576 4.575625606147522
0.8060164671730381 6.154001440060412 6.008419576309478
0.8060164671730381 6.429670594867773 5.710157188845085
0.8060164671730381 6.540311723630175 6.434663334760462
0.8060164671730381 7.705669405113621 7.612657796866711
0.8060164671730381 7.689151913704677 6.904834348778878
0.8060164671730381 7.5205266300879465 6.28825728917946
0.8060164671730381 7.4635329137746265 6.8736394196858805
0.8060164671730381 6.786213749467327 6.466877536455919
0.8060164671730381 5.710190622940907 5.17737260776873
0.8060164671730381 5.783178278797525 5.4034427744686875
0.8060164671730381 6.391869793649516 5.185006566983537
0.8060164671730381 5.1505353196676005 4.963237454296129
0.8060164671730381 6.333324074357673 5.219707347119298
0.8060164671730381 6.195074316016626 4.989512156252553
0.8060164671730381 6.519149850684741 4.856295068526848
0.8060164671730381 7.102246285021536 5.774511134230878
0.8060164671730381 4.679516585871401 4.475374333573241
0.8060164671730381 6.714165876050696 5.682737131656723
0.8060164671730381 7.559069574417821 5.8240134956231
0.8060164671730381 4.562648511494363 4.349979117035004
0.8060164671730381 6.513185704785993 4.523075728190262
0.8060164671730381 5.3864016686136225 5.273335259365787
0.8060164671730381 4.553779254236911 4.49155255713303
0.8060164671730381 6.22089673471098 6.114013198880283
0.8060164671730381 7.551980660592058 7.464004185206113
0.8060164671730381 7.70173715169148 7.35703206431041
0.8060164671730381 4.5030854720465 3.4873787481241374
0.8060164671730381 5.451967901420101 4.5236198791302265
0.8060164671730381 6.200474180634554 5.354792813525359
0.8060164671730381 7.612495176527537 7.5227290683329535
0.8060164671730381 5.265665831401996 4.867633539834788
0.8060164671730381 4.416445848302544 3.3020798728927296
0.8060164671730381 5.362591486955594 3.967898934344963
0.8060164671730381 7.152712593938476 5.659993132675781
0.8060164671730381 6.6488507689342065 6.446566981879016
0.8060164671730381 6.579582356862769 5.9934812255188525
0.8060164671730381 5.614448222747814 4.533253410964812
0.8060164671730381 6.610761499314343 4.826004298660937
0.8060164671730381 5.870988662972454 4.2215952469094296
0.8060164671730381 7.676865903516438 6.778676754571555
0.8060164671730381 4.609933632751822 4.50202808105957
0.8060164671730381 4.284169690048053 4.055649878502523
0.8060164671730381 4.195414019476363 3.3758472723266983
0.8060164671730381 5.119254954158304 4.6514311640427595
0.8060164671730381 7.595082094088932 5.733329482574456
0.8060164671730381 7.328214628802238 7.133243829822143
0.8060164671730381 7.168951616089904 5.354716543063355
0.8060164671730381 5.74597916534179 5.079951705723635
0.8060164671730381 5.22292997680038 4.8631274994718545
0.8060164671730381 5.393816294246587 4.835626822825253
0.8060164671730381 6.562099186555987 6.336448345325082
0.8060164671730381 7.522483664912931 5.700624723975252
0.8060164671730381 6.265527352214928 6.099053087453212
0.8060164671730381 6.866999132750651 6.18594676459836
0.8060164671730381 6.293805258138018 6.1585365151717415
0.8060164671730381 5.985038724915519 5.641701612852061
0.8060164671730381 6.854351507534773 5.676127757006622
0.8060164671730381 5.766757010688927 4.370746808517127
0.8060164671730381 4.430842850472953 3.9382089346939697
0.8060164671730381 6.979272567216167 4.996304964971417
0.8060164671730381 5.929615594633159 4.738822444628938
0.8060164671730381 5.858145476283717 4.572668553710589
0.8060164671730381 6.5936224795096265 6.165649247330143
0.8060164671730381 6.661057725220456 5.533302375501584
0.8060164671730381 6.23425748560328 5.860025057585947
0.8060164671730381 6.004014014557761 4.9199789415957245
0.8060164671730381 5.550444563018569 5.020321195470641
0.8060164671730381 7.50693783895289 5.783610595663478
0.8060164671730381 6.578131987323744 5.523398342995068
0.8060164671730381 5.675465206193689 4.378351602964681
