1.823389949479687 7.743217025479741 5.641378737441409
1.823389949479687 6.052741225854668 4.799286809279424
1.823389949479687 7.651874033271435 6.054906646270919
1.823389949479687 6.923061038381338 6.4924983345594285
1.823389949479687 7.736304381732332 5.918928032409833
1.823389949479687 6.996282884609343 6.0718355701442235
1.823389949479687 6.257616449594732 5.6547765044224185
1.823389949479687 7.1798748801456025 6.480769909497573
1.823389949479687 6.0753336321052736 5.183837501970577
1.823389949479687 5.587569559315828 5.4196403161955775
1.823389949479687 6.000399697908808 5.4382717936794425
1.823389949479687 6.655291942522478 6.593609136272753
1.823389949479687 4.55446707154843 4.222951761553326
1.823389949479687 6.789411275085033 6.493909311000773
1.823389949479687 6.075500073940393 5.715092487121309
1.823389949479687 6.599377155195896 5.540947147513483
1.823389949479687 6.549878557928622 5.239780389536275
1.823389949479687 6.266651278565934 5.43468859178507
1.823389949479687 7.208672980018845 5.1723156077785175
1.1607657118720849 4.7515717721482496 2.9268869237834805
1.1607657118720849 6.6617542928127165 5.5130585714639935
1.1607657118720849 7.777119794929829 7.287458518223345
1.1607657118720849 6.43370797929882 5.67607182066408
0.1780970187686468 6.790691073572329 3.428094792553486
0.1780970187686468 6.209639968492699 5.043037960011834
0.1780970187686468 7.334691558846128 5.170049692773002
0.1780970187686468 7.7471297379831725 7.158248813851061
0.1780970187686468 7.402975628858339 6.770375308844888
0.1780970187686468 5.9384464616151185 5.201272481282166
0.1780970187686468 6.417113882931101 6.158399667035638
0.1780970187686468 7.661866349658617 6.931418178573535
0.1780970187686468 7.678110839423127 7.0742755721437405
0.1780970187686468 7.715820196583357 5.9290944062171045
0.1780970187686468 7.335041756437919 6.784869597491549
0.1780970187686468 6.234513157783841 5.239208808047821
0.1780970187686468 6.171224880882246 3.801645341330115
0.1780970187686468 6.588689157064334 5.745217360135968
0.1780970187686468 6.603608317404319 5.845031129111654
0.1780970187686468 5.3142421089158525 4.7313528576772725
0.1780970187686468 4.813678386628489 3.0796863974852187
0.1780970187686468 5.785228102569818 4.645405517658468
0.1780970187686468 5.721862169431361 4.478449723961259
0.1780970187686468 6.1867750414249265 6.076413735444186
0.1780970187686468 6.1901250726854045 6.1276423921842875
0.1780970187686468 7.389334695086889 5.4072873577641705
0.1780970187686468 6.483059409592752 5.563886999581589
0.1780970187686468 6.64239959391362 6.309054449207651
0.1780970187686468 7.050676180579163 6.709999367643613
0.1780970187686468 6.52959074776248 5.401255592037599
0.1780970187686468 6.560685785054442 4.6203217107007415
0.1780970187686468 6.285744830637803 4.640637966853258
0.1780970187686468 8.536771788051908 7.3370561292663785
0.1780970187686468 6.2718835108114455 5.949833883161731
0.1780970187686468 6.1652988389852545 5.644037227819529
0.1780970187686468 5.538999127660112 4.661737034106105
0.1780970187686468 4.976740475979078 3.857449124716216
0.1780970187686468 6.477253893794682 5.518469075024208
0.1780970187686468 6.455003094537066 6.3756878748427495
0.1780970187686468 5.209179192302056 4.549897783446025
0.1780970187686468 6.295884424230053 5.352613384967787
0.1780970187686468 5.090929126841644 4.632448952577536
0.1780970187686468 3.2597251525112374 3.215007157964288
0.1780970187686468 6.120618165286384 4.95486393158943
0.1780970187686468 7.496018760139144 6.1537865414632815
0.1780970187686468 6.620971579297112 4.837134036772383
0.1780970187686468 4.557808187421266 4.471157176118692
0.1780970187686468 6.294716905431947 6.0402386950862
0.1780970187686468 5.164514403990019 4.352962459627085
0.1780970187686468 5.588692433259496 4.797153445387925
0.1780970187686468 5.357033644970109 3.0744245611926333
0.1780970187686468 4.542800005279759 4.332729338238473
0.1780970187686468 7.1098464433685855 5.269729292768361
0.1780970187686468 6.065775339564674 5.270881333791832
0.1780970187686468 6.274289678859088 5.852782247946596
0.1780970187686468 6.58530458920422 4.788609385813334
0.1780970187686468 9.620601667691798 7.453126820976714
0.1780970187686468 6.277204314503351 5.524132527785316
0.1780970187686468 6.419985990851064 5.896557240329518
0.1780970187686468 6.678822172620581 5.411384892755864
0.1780970187686468 6.618816829062968 5.164497405286892
0.1780970187686468 6.626415475553834 5.541509337576647
0.1780970187686468 6.5267875688745995 5.492206048503246
0.1780970187686468 6.985641179542375 6.86275088336753
0.1780970187686468 6.740637369555527 5.544769379208392
0.1780970187686468 7.668200469787179 7.52349003660979
0.1780970187686468 2.6082555677788553 2.5669297205136927
0.1780970187686468 5.932486860374251 5.1045874381447485
0.1780970187686468 6.097937986696891 5.1143932787183255
0.1780970187686468 3.6401654808728137 1.915452269947952
0.1780970187686468 4.564986526567484 3.845717009809766
0.1780970187686468 4.607159528388973 4.429255490333862
0.1780970187686468 5.195230226225945 3.1994463630485614
0.1780970187686468 5.426632682741047 4.589266260994437
0.1780970187686468 7.517739116363822 5.942709916861328
0.1780970187686468 6.5807003028775775 6.306626229491977
0.1780970187686468 7.580172123497324 6.7810393317909075
0.1780970187686468 7.727863579434558 5.406785824976033
0.1780970187686468 7.7406368220627115 6.665171628766959
0.1780970187686468 7.452620296418074 5.476147887018599
0.1780970187686468 5.777432958330397 4.322736231395684
