0.6575768546890015 7.66416854150023 5.468307606800584
0.6575768546890015 7.644661195273054 5.377772294064259
0.6575768546890015 5.611970198701588 5.485170827193608
0.6575768546890015 7.070302160527964 6.793175862177261
0.6575768546890015 5.590730897781949 5.059652597297611
0.6575768546890015 6.131558879250296 5.503069489659355
0.6575768546890015 6.8078821675093995 4.962342829570897
0.6575768546890015 7.618401627332753 6.624812187316941
0.6575768546890015 5.26616713894251 4.652686633903507
0.6575768546890015 7.371980727273064 4.8275332447779835
0.6575768546890015 4.0469558680137645 3.3427214038935182
0.6575768546890015 7.655057222412449 5.569369032628118
0.6575768546890015 6.2051929039530975 6.022843323142735
0.6575768546890015 7.045471063749289 6.407661326095673
0.5402017298397053 2.9855458085816626 1.7640475204591781
0.5402017298397053 5.933678639090505 5.100570727954764
0.5402017298397053 7.039655048473314 5.941375421690472
0.5402017298397053 5.715829270994615 5.340370277441195
0.5402017298397053 6.570891241740746 6.403602252491094
0.5402017298397053 6.65638045230812 5.830729730307719
0.5402017298397053 4.02695440537212 3.9723470188752286
0.5402017298397053 6.944029904465875 4.8245823721935475
0.5402017298397053 6.03428405210683 4.9544524775616745
0.5402017298397053 7.177617553958454 4.098938063596406
0.5402017298397053 6.016813911009667 5.8578892207732745
0.5402017298397053 4.165184531583851 3.9634667448488625
0.5402017298397053 6.438266709561148 5.62982025360991
0.5402017298397053 7.612742995425238 7.056011542898907
0.5402017298397053 6.707346994096145 6.262844451959498
0.5402017298397053 5.827752803482198 5.154706740594292
0.5402017298397053 4.814795024892572 4.335828083862441
0.5402017298397053 7.056070676272325 5.710523269941558
0.5402017298397053 6.54091181411027 6.3818553958528925
0.5402017298397053 6.4638491263612785 4.053407946120131
0.5402017298397053 6.35434449388033 4.800398726744371
0.5402017298397053 6.571036615749975 6.2091909980804125
0.5402017298397053 4.563914323003264 4.348435297089882
0.5402017298397053 4.533004149362899 3.746266138428617
0.5402017298397053 6.227591946320889 6.140297856408142
0.5402017298397053 7.232949783752284 6.695904112079043
0.5402017298397053 4.596838738054473 3.9013368702798203
0.5402017298397053 4.579339254558615 4.183321520673233
0.5402017298397053 4.93832583709214 4.777421477803991
0.5402017298397053 6.19501014973903 5.815163040844109
0.5402017298397053 5.125233134966987 3.8471043936353144
0.5402017298397053 5.951581221974507 4.902803541655889
0.5402017298397053 4.567323060448221 4.088979701770874
0.5402017298397053 5.33128933302471 4.236187932146654
0.5402017298397053 6.496093501317986 5.448368402524318
0.5402017298397053 7.082671991217058 6.37687433200897
0.5402017298397053 6.32433509048937 5.79589515500978
0.5402017298397053 6.925628592108174 5.6532669476095805
0.5402017298397053 7.523403288143166 5.3420543797949485
0.5402017298397053 5.863016412588454 4.87636304972078
0.5402017298397053 6.492887085767478 6.230313384878093
0.5402017298397053 6.673848850771943 6.092514679819066
0.5402017298397053 6.180326645229101 4.35533289739013
0.5402017298397053 7.522927800599437 5.37128884706429
0.5402017298397053 4.489253893047181 4.343322610309361
0.5402017298397053 6.467414163438093 6.370243804095999
0.5402017298397053 4.802326747691588 4.595273836364492
0.5402017298397053 5.134597514620115 5.033776558290759
0.5402017298397053 5.929619843648261 5.201967479130424
0.5402017298397053 5.907842106417892 4.659889339355149
0.5402017298397053 5.6278048596635735 4.99075139971214
0.5402017298397053 6.721400953683657 5.997284210251454
0.5402017298397053 6.454756671220302 5.441482860490769
0.5402017298397053 4.15970362553956 3.8074191626476583
0.5402017298397053 6.671257874887388 4.307132075426994
0.5402017298397053 2.823918430818097 2.7936094824992663
0.5402017298397053 6.5664156416923625 6.074433270023007
0.5402017298397053 4.046439334877814 3.973197551144758
0.5402017298397053 6.421557307315446 5.682974871996746
0.5402017298397053 5.700720669852043 5.564807007394136
0.5402017298397053 4.510420558820837 3.8209224028313447
0.5402017298397053 7.24768346469487 7.033639126048643
0.5402017298397053 5.195520345833252 4.6033354824815635
0.5402017298397053 7.690166557567572 7.1790655897153375
0.5402017298397053 5.166392231331599 3.3233039700793836
0.5402017298397053 6.4413474196239235 4.6656786721983385
0.5402017298397053 5.7876615948385925 4.919073819437341
0.5402017298397053 6.5171222757480685 5.804524303703775
0.5402017298397053 6.35198357839942 5.7320945016750295
0.5402017298397053 6.265708270019754 4.561636312099464
0.5402017298397053 4.978246347193512 3.860233763907997
0.5402017298397053 7.740587223699508 7.650674623350068
0.5402017298397053 6.4111586316805855 5.2484746965166496
0.5402017298397053 6.8612591524713675 5.649175511115858
0.5402017298397053 7.321482833725771 6.8051608899929885
0.5402017298397053 5.548118902654171 3.333818670321554
0.5402017298397053 6.632435126728019 6.41201111185446
0.5402017298397053 6.663809863916249 4.897230785510555
0.5402017298397053 5.508633106632072 3.1017876791103975
0.5402017298397053 5.6083969090647905 5.490573424671259
0.5402017298397053 4.112088834348651 3.9625447586016667
0.5402017298397053 6.658967051789563 5.241567755571599
0.5402017298397053 5.382944109697263 4.64018529661045
0.5402017298397053 4.90630556083109 4.445947314278234
0.5402017298397053 7.271065578805672 6.877657545470753
0.5402017298397053 6.530866425334047 6.37096500986512
