2.228582230913134 7.757390283259815 5.491519704947549
2.228582230913134 6.365736824424893 6.319024252809715
2.228582230913134 6.0320402953017656 5.2415288927007575
2.228582230913134 5.605895251628549 5.061547901681811
2.228582230913134 5.9702326203111795 5.092923758819708
2.228582230913134 7.357267536462567 6.812047665232406
2.228582230913134 6.662755230052447 6.456371383063798
2.228582230913134 7.715624598308393 7.107659955775476
2.228582230913134 6.199065768937537 5.631404044559284
2.228582230913134 5.132674886184571 4.179168121845678
2.228582230913134 6.468602820430572 6.121245362490747
2.228582230913134 6.520299440187337 6.115523608521036
0.5923708006059525 6.174742653020623 3.3440951225922158
0.5923708006059525 7.575402049920637 7.452924007246579
0.5923708006059525 7.681799629789241 6.017007224142894
0.5923708006059525 4.593441124018071 4.2166087950748015
0.5923708006059525 6.631119556765714 6.171979052528389
0.5923708006059525 7.595895536485255 5.375307210913068
0.5923708006059525 4.565737560423642 3.986836974057116
0.5923708006059525 6.756085498520241 5.494668652895927
0.5923708006059525 6.488516589173987 5.488673922561086
0.5923708006059525 7.506760270641989 5.792662940088402
0.5923708006059525 6.573354292529462 6.372466405265869
0.5923708006059525 7.3271278470176675 5.955141762252641
0.5923708006059525 6.914991506050612 6.478683916316073
0.5923708006059525 6.114903418290549 4.861924573541601
0.5923708006059525 5.589809149373107 5.035198439320285
0.5923708006059525 7.202433132357234 6.254500251099015
0.5923708006059525 5.771844044437177 4.589298032220441
0.5923708006059525 4.5507512852635905 3.829598818061598
0.5923708006059525 6.254415145217624 5.728682566412236
0.5923708006059525 7.585750919947573 7.400044129136086
0.5923708006059525 6.714201657519023 6.486252373561671
0.5923708006059525 6.422351354876895 5.7393985039713415
0.5923708006059525 6.8221676536899185 5.198122194018016
0.5923708006059525 6.003694130085989 3.8835134991524494
0.5923708006059525 5.691956354347656 5.101493526842638
0.5923708006059525 6.164219250164681 5.42987806593654
0.5923708006059525 6.565653755279833 5.310063145982205
0.5923708006059525 7.701174050837421 6.073229785401203
0.5923708006059525 6.1901077737075845 5.875261558486167
0.5923708006059525 4.12538702175317 4.086845606873239
0.5923708006059525 6.310008130626606 5.882218407257244
0.5923708006059525 3.9000922578456003 3.8089346701510918
0.5923708006059525 3.662040280318593 3.333509863790959
0.5923708006059525 7.748353817709392 6.770428898873588
0.5923708006059525 7.132553576849125 6.6362456724678545
0.5923708006059525 6.518379243007143 5.261975024620654
0.5923708006059525 6.03979551364327 4.508501258880682
0.5923708006059525 5.9732087530938 5.527040795194061
0.5923708006059525 7.676359674104971 7.416565085648578
0.5923708006059525 6.585465347114312 5.387037131689108
0.5923708006059525 6.696889572607116 6.142541456512577
0.5923708006059525 6.5098002188154815 6.371457843845011
0.5923708006059525 3.3982149063909444 3.0247280657033024
0.5923708006059525 5.808841232794723 4.723688496262206
0.5923708006059525 6.219378935450884 6.120927291935005
0.5923708006059525 5.681401926843403 5.59790660274083
0.5923708006059525 7.695518306367472 6.4925037022880705
0.5923708006059525 6.023138554359683 4.918462663069779
0.5923708006059525 6.511175561022835 4.8852747785030735
0.5923708006059525 7.2387490070731975 5.548166534375181
0.5923708006059525 6.358618184055626 6.205833316376726
0.5923708006059525 6.673233105048087 4.854023489071827
0.5923708006059525 6.749794877030212 5.084397604128929
0.5923708006059525 7.283341626676371 6.510593095639368
0.5923708006059525 7.216493727909526 5.701486545852497
0.5923708006059525 6.109703403247977 6.045716863291546
0.5923708006059525 7.067858050073436 6.420560477560789
0.5923708006059525 8.280814646854237 6.37887446654957
0.5923708006059525 6.669586546864419 5.568057519465194
0.5923708006059525 6.867043712515535 5.68011679122914
0.5923708006059525 6.667870864148178 6.05543308977345
0.5923708006059525 5.423573477542394 5.15742889715248
0.5923708006059525 4.460670529380977 4.388715102146307
0.5923708006059525 7.70450773298616 5.871175115477782
0.5923708006059525 7.061010344796474 6.938698754338088
0.5923708006059525 7.2921119470531846 5.961881212141652
0.5923708006059525 6.2824531636428205 5.710168517276304
0.5923708006059525 5.312815623542814 4.69462392899885
0.5923708006059525 6.342155549598253 5.784976093799479
0.5923708006059525 7.327336914022805 6.688188543910456
0.5923708006059525 6.907737806271708 5.241633222616897
0.5923708006059525 5.579079206724476 5.239834470681421
0.5923708006059525 4.935112543609499 3.808789741698249
0.5923708006059525 5.3992186186095275 4.925415368729367
0.5923708006059525 7.010171806268243 6.3654502210017165
0.5923708006059525 6.249536079280514 5.893849257506059
0.5923708006059525 6.716443375153368 6.218565942672169
0.5923708006059525 7.6326448295440255 7.011725856815312
0.5923708006059525 6.60148098837044 5.966296190888504
0.5923708006059525 6.706375137441139 5.082018232069527
0.5923708006059525 5.940724264270905 5.711824731222302
0.5923708006059525 6.44787112008073 5.161901082120878
0.5923708006059525 6.501301033054769 5.2621628126915585
0.5923708006059525 6.319936574563002 5.8953041953610645
0.5923708006059525 6.271467030029321 5.18803909862444
0.5923708006059525 5.91639911638908 4.799747764942254
0.5923708006059525 3.907803908669518 2.8996176353386653
0.5923708006059525 3.137750361776814 2.9677700211453253
