0.9873937068203742 7.654909200059384 5.3395212208179785
0.9873937068203742 5.8030264402670575 4.995477323676734
0.9873937068203742 4.525242040410923 3.0305429805924398
0.9873937068203742 6.876990652793111 6.448185837300939
0.9873937068203742 7.274467640597461 6.451513191733012
0.9873937068203742 5.647315959372989 4.586832330428157
0.9873937068203742 6.354660900632556 5.556311297807423
0.9873937068203742 6.306138158085336 5.797315298017042
0.9873937068203742 4.863216572052124 4.27465731379342
0.9873937068203742 7.595943767677321 6.2245401018358
0.9873937068203742 6.630045278751332 6.119340399394393
0.9873937068203742 6.382460051651201 5.388031183011504
0.9873937068203742 7.726167042569129 7.040978781340179
0.9873937068203742 6.444156164359512 5.967614550553907
0.9873937068203742 6.247096412334223 5.4936143788834055
0.9873937068203742 5.843368657072393 4.495744414484585
0.9873937068203742 6.62390409134845 5.920171692821728
0.9873937068203742 6.143684710190602 4.799339025785322
0.9873937068203742 6.6671265928944266 6.178915734938716
0.9873937068203742 7.4715369484061185 6.680238186983266
0.9873937068203742 7.284714885261691 6.983533927046596
0.9873937068203742 5.641341142876911 5.493083184561113
0.9873937068203742 6.019164518701512 4.336143600005385
0.9873937068203742 6.744457616340306 6.5313860396820225
0.9873937068203742 6.3562548379739745 6.006029604804475
0.9873937068203742 4.088720283467378 3.6938399602550116
0.9873937068203742 4.1320928012047276 3.5887509189263933
0.9873937068203742 7.268536500975236 5.7303283120481465
0.9873937068203742 6.165929704980421 5.531120261235437
0.9873937068203742 4.77468486098574 3.7055277879771285
0.9873937068203742 7.196547492282086 4.835623830864068
0.9873937068203742 3.7302724811257417 3.362033665286885
0.9873937068203742 5.157128811065057 4.151669380282478
0.9873937068203742 7.698206146882214 6.140574490548945
0.9873937068203742 4.560109249561297 4.1583967638566
0.9873937068203742 4.08768991890971 2.610099745837515
0.9873937068203742 6.450944396496013 5.151235773230622
0.9873937068203742 7.738332646566516 6.944517785048007
0.9873937068203742 7.3104678832022305 6.373620498616475
0.9873937068203742 6.502630640076575 5.961216407197034
0.9873937068203742 6.112553353180612 4.6234800825766555
0.9873937068203742 6.834444822031934 5.938264679427246
0.9873937068203742 6.375014320043647 5.1175823999630365
0.9873937068203742 4.861871280811428 4.667889897320109
0.9873937068203742 5.43367800962848 4.83934676814597
0.9873937068203742 6.721217177018044 6.635424939008093
0.9873937068203742 6.679329428486859 5.441987230154258
0.9873937068203742 6.123822556646633 5.953555278466203
0.9873937068203742 5.826326025365603 5.407077896636357
0.9873937068203742 6.7374585564298854 6.64276937410869
0.9873937068203742 7.427556148722257 7.27032189517455
0.9873937068203742 5.878249240159175 5.817178060037616
0.9873937068203742 6.594290126998626 6.162288305763837
0.9873937068203742 6.472868799027104 5.226015207155915
0.9873937068203742 6.62029872517936 5.500212115143295
0.9873937068203742 4.581612426275079 3.719184289848544
0.9873937068203742 6.215207220328189 4.725512898975908
0.9873937068203742 5.6470512404821385 4.736078473023815
0.9873937068203742 5.637976657774512 4.750962847784577
0.9873937068203742 6.663366432180599 6.50448035143707
0.9873937068203742 7.571637487771065 5.942947511339948
0.9873937068203742 4.6414468041397825 4.197196727172374
0.9873937068203742 3.27355551210777 2.97531527284959
0.9873937068203742 6.589132173466719 5.773902956679466
0.9873937068203742 6.6519202049310735 5.597481150883722
0.9873937068203742 7.365135528920401 5.081432860056028
0.9873937068203742 5.601225316836949 5.18666868670474
0.9873937068203742 6.481320775907353 5.266415017645764
0.9873937068203742 6.362587571179056 4.5725268675429405
0.9873937068203742 7.678333499695139 6.0737963722175925
0.9873937068203742 7.714651668467148 5.628751589895383
0.9873937068203742 6.392211442731817 5.34687929599083
0.9873937068203742 6.1834135559270855 6.021500785660827
0.9873937068203742 5.501915880300594 4.971717855707397
0.9873937068203742 7.783149927552394 6.089225363078899
0.9873937068203742 6.460298798463871 6.131813263985232
0.9873937068203742 6.249452266273334 5.0704636788150195
0.9873937068203742 5.477330796144972 5.032390827936618
0.9873937068203742 6.0214962663678655 4.535523760312637
0.9873937068203742 5.937156832377912 4.536273050132751
0.9873937068203742 4.165451332693507 3.403993256274328
0.9873937068203742 5.67104976335818 4.029641677043916
0.9873937068203742 7.395286594569889 6.865737614306309
0.9873937068203742 7.647061980638053 6.859380732935759
0.9873937068203742 7.497955699306825 6.446656070404714
0.9873937068203742 6.507027140870115 6.190483280004956
0.9873937068203742 6.363150675775966 5.28395106402168
0.9873937068203742 7.468555762101346 7.148201677470424
0.9873937068203742 5.121792072660472 3.802872216799617
0.9873937068203742 7.706192240874909 7.4379317819141475
0.9873937068203742 5.730620447228819 4.449153437901932
0.9873937068203742 7.637536703252177 5.556961735660597
0.9873937068203742 7.675064726826115 7.246576216990191
0.9873937068203742 3.171392898424863 2.9923624547686014
0.9873937068203742 7.669416440378971 6.0416611639528295
0.9873937068203742 5.457188570280817 4.519119874970994
0.9873937068203742 7.632609160015322 6.486744700113262
0.9873937068203742 7.444451655156069 6.757067043907154
0.9873937068203742 7.49439401920764 7.124760551392676
0.9873937068203742 7.421514305797755 6.924599136208955
