1.5391871206528305 7.730333563870136 5.395002271323945
1.5391871206528305 4.130591637509639 3.79681299186998
1.5391871206528305 6.169253776009025 5.169098890610647
1.5391871206528305 6.722845060705888 5.483629477331266
1.5391871206528305 7.349588794557501 6.778485509928704
1.5391871206528305 5.6001358406667485 4.401234074706016
1.5391871206528305 5.057042009618026 4.794129274855672
1.5391871206528305 5.769710748392722 5.443583223628511
1.5391871206528305 8.393647577650812 6.027620352079565
1.5391871206528305 10.585303564210383 7.415699927991634
1.5391871206528305 6.617566014026476 6.085360944755922
1.5391871206528305 7.6175600359577285 6.94333968245908
1.5391871206528305 7.757713265511141 6.188704200760657
1.5391871206528305 7.223383656194761 6.020794187456533
1.5391871206528305 5.896063170759465 4.971874429200603
1.5391871206528305 6.135390203522515 5.259460627932677
1.5391871206528305 7.700109783181228 6.642505610179764
1.5391871206528305 7.30582980508991 5.500059346340212
1.5391871206528305 6.548339586213341 6.190381816054147
1.5391871206528305 6.487561029039085 5.131052349247312
1.5391871206528305 3.301956311634307 2.9634879776268277
1.5391871206528305 6.651899974321623 6.550322046538792
1.5391871206528305 6.6716201727062305 6.23167344607338
1.5391871206528305 5.802699661581748 5.6826861143853
1.5391871206528305 5.712615927854106 5.467303948227205
1.5391871206528305 6.420336640291012 5.2620394509134885
1.5391871206528305 6.199337152313067 5.305998254440782
1.5391871206528305 6.271059518019001 5.1316385595398035
1.5391871206528305 6.652979683937161 6.1275666328555465
1.5391871206528305 5.674510653517238 5.492983173495322
1.5391871206528305 10.781975329297856 6.6223037840323755
1.5391871206528305 9.167029026643483 7.388254723344996
1.5391871206528305 4.557935127533057 4.440105651242808
1.5391871206528305 6.497063552925926 6.303675909542673
1.5391871206528305 5.984650955989533 4.903523825266726
1.5391871206528305 6.092885994090878 4.957641344317396
1.5391871206528305 5.293361277347444 5.006639213127568
1.5391871206528305 5.846224232799589 5.710096965761502
1.5391871206528305 5.783607584749856 4.351714734891751
1.5391871206528305 5.689742361199965 4.354917083140479
1.5391871206528305 5.216417550851965 4.78096531375475
1.5391871206528305 5.517607316940037 3.609018773768846
1.5391871206528305 5.430539956875972 4.603221608442832
1.5391871206528305 5.630828183065294 4.341209230482782
1.5391871206528305 4.463503612072234 3.8105428930630465
1.5391871206528305 4.550261277535995 4.465441712659401
1.5391871206528305 4.674314737962565 4.389394697909729
1.5391871206528305 4.60503452484625 4.1792026213947535
1.5391871206528305 6.931121098112433 6.46751075609168
1.5391871206528305 6.495359842249393 4.074602219483366
1.5391871206528305 4.945710973651277 4.293399015867315
1.5391871206528305 5.6538555107369035 5.506506006104396
1.5391871206528305 6.479016601859303 5.352918600239224
1.5391871206528305 4.140204433913858 4.066274853621147
1.5391871206528305 5.755943425397561 5.249638401957283
1.5391871206528305 7.651992145225954 6.841196878563321
0.7877949637195738 6.4443372417664015 3.6235800243123184
0.7877949637195738 6.195813809895434 5.65833507292989
0.7877949637195738 6.626832242691663 5.1210467019722605
0.7877949637195738 6.027261256038351 4.2909392150117815
0.7877949637195738 5.827944306546623 4.3828428875403915
0.7877949637195738 4.451253621776704 3.4175153152113835
0.7877949637195738 6.3939705653847305 6.233226254185614
0.7877949637195738 6.75995306911066 4.772021828690856
0.7877949637195738 7.531613932551956 5.538249209861156
0.7877949637195738 3.610004596431278 3.1506598259889027
0.7877949637195738 6.662567930777229 6.532344774003331
0.7877949637195738 7.541620396853668 6.4407200706028025
0.7877949637195738 7.981167686728504 7.654985410694805
0.7877949637195738 7.453943613366437 6.4592350820477895
0.7877949637195738 4.198233711733366 3.8654967605934276
0.7877949637195738 6.287873540854008 6.101457535423026
0.7877949637195738 6.062535355812553 5.919118611229141
0.7877949637195738 4.675230957461071 4.2581570233445465
0.7877949637195738 6.7575645479883875 6.340885152820919
0.7877949637195738 6.1071551348283535 5.511263044264294
0.7877949637195738 6.35212683322268 3.8401123100141983
0.7877949637195738 5.464261653087718 5.351492101397225
0.7877949637195738 6.481900203602962 5.482364777018498
0.7877949637195738 6.27234319094207 6.0102647231517565
0.7877949637195738 6.681866271547733 5.119191650634061
0.7877949637195738 7.145858167020229 6.5873083119483145
0.7877949637195738 6.398410609746097 5.886181275580846
0.7877949637195738 6.279645169902416 4.650396084515083
0.7877949637195738 6.638967150179983 6.4023088555358845
0.7877949637195738 6.045096644726755 5.261593558892535
0.7877949637195738 7.571529857275808 6.7348347581801695
0.7877949637195738 6.549496640734986 6.0892925597028125
0.7877949637195738 6.9951950811417145 5.691245727751167
0.7877949637195738 6.487043001912404 5.06264789656813
0.7877949637195738 6.730873484298995 5.300304933937899
0.7877949637195738 5.304642230690838 4.7074030025038915
0.7877949637195738 5.220772618041977 4.813146286189218
0.7877949637195738 4.669826599173739 3.787733607105687
0.7877949637195738 5.904048352990625 4.109552961643642
0.7877949637195738 7.637395473355625 7.025325138776391
0.7877949637195738 4.987784237756262 4.377248077293137
0.7877949637195738 7.204080621359704 6.269394786548638
0.7877949637195738 6.277142631617426 5.3742126187303905
0.7877949637195738 4.392810993501207 3.183114882062448
