2.2156987354747817 7.611584192912797 5.559876333819874
2.2156987354747817 7.510643013518262 5.18589012150127
2.2156987354747817 5.7432507661563825 4.56305106077385
2.2156987354747817 7.661511056550745 7.121051686911353
2.2156987354747817 7.399405070913037 7.23169542398179
0.4530577443098065 2.9699990774483678 1.7039854074593492
0.4530577443098065 7.699307683541482 5.8599655008762515
0.4530577443098065 5.964066467401878 4.654172525888809
0.4530577443098065 7.759081516955122 6.133407880446957
0.4530577443098065 6.610411675401075 6.525597516202407
0.4530577443098065 6.643497493667631 6.4604981933567664
0.4530577443098065 6.237855264544525 6.155343709991165
0.4530577443098065 7.638055296713519 5.415584381895891
0.4530577443098065 7.478683031987238 6.297230822198718
0.4530577443098065 6.885729076358281 6.528911159056639
0.4530577443098065 5.7304496267743374 5.480840335716284
0.4530577443098065 7.547350887836734 6.7593604932736016
0.4530577443098065 6.215898875388035 5.971115461892466
0.4530577443098065 6.1562319351061525 4.38635040927621
0.4530577443098065 6.889650363011652 6.176830599679981
0.4530577443098065 6.69118319542433 6.025221692214411
0.4530577443098065 6.154153336743633 4.657858777704002
0.4530577443098065 6.035164989346406 4.763979728156222
0.4530577443098065 6.303027978273082 5.2290659529732615
0.4530577443098065 6.4831568080661945 6.3428531252211044
0.4530577443098065 7.73485026573001 4.928127836997602
0.4530577443098065 5.953812691598401 5.2127311522729585
0.4530577443098065 3.7612780121352114 3.4584469264617548
0.4530577443098065 7.546050466752199 6.149160543396524
0.4530577443098065 5.896368002948847 5.720473115920917
0.4530577443098065 7.548898350803018 4.377290743075013
0.4530577443098065 6.583375961247626 4.580133860425355
0.4530577443098065 7.628455146644129 7.007888199474524
0.4530577443098065 3.3497533192818776 3.2565084705386296
0.4530577443098065 5.551314541398735 4.983516710006174
0.4530577443098065 5.992779511660736 5.873039307688459
0.4530577443098065 5.8780563018458025 4.986285545336127
0.4530577443098065 4.4900081884649445 2.920168882239226
0.4530577443098065 4.710695699761374 3.938986087865209
0.4530577443098065 6.498208717604637 5.212675898778141
0.4530577443098065 6.777930925997676 6.491023183638524
0.4530577443098065 5.725273147482479 4.869447306746643
0.4530577443098065 4.795374670561689 3.530177187424743
0.4530577443098065 5.752146242733076 3.362447076281649
0.4530577443098065 6.3564552669808805 5.9231550934594726
0.4530577443098065 5.894157429756856 5.724189081200394
0.4530577443098065 6.371982732190503 6.156265042201036
0.4530577443098065 6.670392058686456 6.228828310346646
0.4530577443098065 6.7626236530996024 6.3654464461682805
0.4530577443098065 6.5628797571965976 6.038129430772772
0.4530577443098065 7.0499847959630415 5.779192481710539
0.4530577443098065 4.5822766780868065 4.530956230604942
0.4530577443098065 5.5399681162937675 4.991312994059419
0.4530577443098065 6.614103690572922 4.679147448502224
0.4530577443098065 7.448924713548012 7.3423442478093905
0.4530577443098065 5.628843800645768 5.53540991124966
0.4530577443098065 6.232965472776925 5.875539561271423
0.4530577443098065 4.462204146689174 2.5263479843365872
0.4530577443098065 3.6636352929693463 2.164978851443252
0.4530577443098065 6.270416381937107 6.1298803657506475
0.4530577443098065 3.4061443555490105 3.3567825043036765
0.4530577443098065 7.6653976123637815 6.53252324597624
0.4530577443098065 6.277224853478476 6.183871425156237
0.4530577443098065 3.1910271689071092 3.1055748133308168
0.4530577443098065 6.256687022199653 5.766396242645251
0.4530577443098065 4.041760194748008 3.596740719603044
0.4530577443098065 5.850661445194273 5.708034169721608
0.4530577443098065 6.211106488031099 5.470787665415144
0.4530577443098065 5.148375876177589 5.025382172621271
0.4530577443098065 7.191357381686682 5.728647962200842
0.4530577443098065 4.707024093714644 3.802899683245259
0.4530577443098065 7.636433416919678 6.793239448842969
0.4530577443098065 7.6655151125304215 6.880883839907384
0.4530577443098065 6.253851542629167 4.906412717037643
0.4530577443098065 7.6375267970104215 5.629770623207373
0.4530577443098065 6.274274275495586 5.876570316845032
0.4530577443098065 6.286087524874613 5.209339358279295
0.4530577443098065 5.57467053257928 4.681312901144716
0.4530577443098065 7.207620302009831 6.277744536124678
0.4530577443098065 5.7972081791732855 4.9412396137953785
0.4530577443098065 6.720495007688816 6.235167986558203
0.4530577443098065 6.355509908136504 5.804430464475631
0.4530577443098065 6.299598905666269 6.0729089892711805
0.4530577443098065 7.6296379790070645 7.331914038133756
0.4530577443098065 7.593312054752973 5.077546003222263
0.4530577443098065 5.903202629990709 5.110706296907137
0.4530577443098065 6.506034183905264 6.343421133894924
0.4530577443098065 6.568246317433292 5.233527773467516
0.4530577443098065 6.975954965209297 5.908155026705435
0.4530577443098065 5.670764952724991 4.413576470148437
0.4530577443098065 6.587065314948571 6.458842594837754
0.4530577443098065 3.6973741269264093 3.519167703317359
0.4530577443098065 6.394522535024251 5.199644697604025
0.4530577443098065 6.691158022390091 6.611902803162565
0.4530577443098065 6.267099045825162 5.404100544373062
0.4530577443098065 7.630232394875815 5.517146480617774
0.4530577443098065 6.175489841245863 5.977249065651763
0.4530577443098065 5.999607570705127 5.232260172859789
0.4530577443098065 6.284280313740101 5.859348286925905
0.4530577443098065 6.4911693745896315 4.355073685771133
