0.9131265202293624 7.743652994826734 5.225650895796788
0.9131265202293624 7.434140333345077 6.32452688178451
0.9131265202293624 6.1971333202260865 5.8582880792968615
0.9131265202293624 6.262706127480886 5.972770292989033
0.9131265202293624 6.550322876187803 6.3054405686089625
0.9131265202293624 6.182239397858858 5.560314357207183
0.9131265202293624 6.2518193588261965 5.387663622394813
0.9131265202293624 7.36965960663151 6.4907040799745035
0.9131265202293624 5.8870052870199565 5.153993424629307
0.9131265202293624 3.7448411156448285 3.153584364057316
0.9131265202293624 7.475830975973583 6.825601423872439
0.9131265202293624 5.776463098628529 5.614688594326505
0.9131265202293624 6.169169538120553 4.760777508554386
0.9131265202293624 3.4193435333741573 3.1751001836900987
0.9131265202293624 6.387685000794544 5.397894547541434
0.9131265202293624 6.641204367454886 6.347074766887183
0.9131265202293624 6.2874471848701745 5.247456284339242
0.9131265202293624 6.45278988657957 5.8967211992893125
0.9131265202293624 6.453518117786178 5.254865774786323
0.9131265202293624 5.493727553079577 4.848043844816471
0.9131265202293624 5.984376522768894 3.7713476458107933
0.9131265202293624 6.533948800929281 5.560025441681152
0.9131265202293624 6.769853234546263 5.88000247041934
0.9131265202293624 5.646936895230077 5.249923244784538
0.9131265202293624 4.841733895042573 4.649002773315385
0.9131265202293624 7.391040102043139 6.496793782265444
0.9131265202293624 5.804582539173836 5.5666777816524355
0.9131265202293624 6.945324519745453 5.192650357896582
0.9131265202293624 6.233049317494057 4.243064944133231
0.9131265202293624 5.224078914661522 4.804625724681915
0.9131265202293624 7.279948619012254 5.634134111628982
0.9131265202293624 6.084358980218688 5.7780017102895105
0.9131265202293624 6.046060878320155 4.908168974015299
0.9131265202293624 7.674958320387221 7.087390203580864
0.9131265202293624 7.027771323077268 5.972213308427231
0.9131265202293624 6.623935501076165 5.787124803112205
0.9131265202293624 7.062758760042145 6.253416266159259
0.9131265202293624 7.066401994105965 6.089298037041869
0.9131265202293624 4.467201112007455 4.3797808515744565
0.9131265202293624 4.5734477130346605 3.6450455101006822
0.9131265202293624 7.7308250176594715 7.246955644037999
0.9131265202293624 7.730225092586226 4.632048248289706
0.9131265202293624 6.649095404698112 6.1636450129710605
0.9131265202293624 6.40921116871473 6.217935196644761
0.9131265202293624 6.310799482096215 5.834615043996726
0.9131265202293624 7.657935404981588 7.187864609747303
0.9131265202293624 5.985843380232168 5.8952312120254815
0.9131265202293624 7.47766641480108 6.138175861096421
0.9131265202293624 5.7551575721614405 5.127401543292574
0.9131265202293624 4.45717769050405 4.033212541046142
0.9131265202293624 6.32824946471937 5.9693555784852705
0.9131265202293624 7.555251005588298 5.930658333806325
0.9131265202293624 7.679824888049893 5.799133538262038
0.9131265202293624 6.664595448344528 6.434042195463508
0.9131265202293624 7.266525925653946 6.734048213831215
0.9131265202293624 3.4037647589996785 3.3607095001088307
0.9131265202293624 6.689176372870971 6.422164571382108
0.9131265202293624 5.617943809375582 4.8194113175524205
0.9131265202293624 6.253401818309921 6.141044260331532
0.9131265202293624 7.274789145928478 5.294615967581506
0.9131265202293624 6.5354578632368145 6.104873947844022
0.9131265202293624 4.5157308442608475 4.212968631729052
0.9131265202293624 7.461255993076556 5.710939909121681
0.9131265202293624 6.6665983460492235 5.8800849057970375
0.9131265202293624 5.584999408195255 4.774176263761456
0.9131265202293624 7.745991342640902 6.993148267343827
0.9131265202293624 7.670961475107928 6.642360514917776
0.9131265202293624 7.657815061006463 6.568115569764055
0.9131265202293624 6.332448794001262 6.050292467980625
0.9131265202293624 6.170723963269388 4.504395327402036
0.9131265202293624 7.368772388370626 5.724380266321138
0.9131265202293624 4.377380773456835 3.646438655656918
0.9131265202293624 6.1792214085453985 5.572995179905141
0.9131265202293624 5.723830785114906 5.083549937006729
0.9131265202293624 6.531181884336142 6.434659063017201
0.9131265202293624 6.5014842283055785 6.156933193133362
0.9131265202293624 7.463757953566303 5.9259289128536565
0.9131265202293624 7.548099710291632 6.715892649776585
0.9131265202293624 7.465076540888955 6.589763072252283
0.9131265202293624 7.039037256844328 6.187294941662674
0.9131265202293624 6.094712703941855 5.070028049078438
0.9131265202293624 6.270381566321177 6.2037872062975135
0.9131265202293624 4.6668623236650255 4.583620999994453
0.9131265202293624 7.103671015270786 6.601646490934429
0.9131265202293624 6.3252225728741145 5.215273872687426
0.9131265202293624 7.71927907712263 7.065293477487345
0.9131265202293624 7.68258259246687 6.3130801302729695
0.9131265202293624 6.124903217103032 5.734940950124527
0.9131265202293624 5.916011093462529 5.742799888527248
0.9131265202293624 5.344061082756458 5.148578153062365
0.9131265202293624 6.224724062998451 6.047413463394385
0.9131265202293624 7.4525369188717665 6.828158656709436
0.9131265202293624 6.455006262135093 6.38247300223339
0.9131265202293624 5.318604640974854 3.712097834022048
0.9131265202293624 4.464716980716641 4.10767252899911
0.9131265202293624 6.487950365937149 6.031730668400859
0.9131265202293624 7.589433514164201 6.498438422285211
0.9131265202293624 7.4747561127536795 6.634973281053524
0.9131265202293624 4.5136344395924155 3.931455894064283
0.9131265202293624 3.9785819222715415 2.9132677914459566
