2.0413511651807963 7.654131611684392 5.291154214547667
2.0413511651807963 5.508189789546961 5.165097570598981
2.0413511651807963 6.280702641986462 5.721575949710619
2.0413511651807963 6.889332929324635 6.691158595414812
2.0413511651807963 4.539944187063732 4.471438271696483
2.0413511651807963 4.557846886090861 4.398245202109775
2.0413511651807963 5.593971447444655 5.434261530106327
2.0413511651807963 5.5130926339509045 5.051397119469883
2.0413511651807963 3.6747045734310295 3.603294107157115
2.0413511651807963 7.650640804981316 6.516742262275205
2.0413511651807963 5.962661101878389 4.804762921083532
2.0413511651807963 2.847343195976379 2.4485180460001827
2.0413511651807963 6.027422476116524 5.677044910221543
2.0413511651807963 6.55850553933892 6.125655417354977
2.0413511651807963 5.396773965515102 4.503319754743164
2.0413511651807963 5.602655281455039 4.496662482398068
2.0413511651807963 7.573586946510696 5.98510933918175
2.0413511651807963 6.1715468064655425 5.505390509199437
2.0413511651807963 4.21253605342044 4.15161209440064
2.0413511651807963 4.995704932088717 4.758722574246221
2.0413511651807963 7.549089121525645 6.961842302728102
2.0413511651807963 6.272015940153317 4.661604412748759
2.0413511651807963 4.505397590051068 4.374242230510526
2.0413511651807963 7.61541059223393 5.431779100705983
2.0413511651807963 4.703715721192662 3.8572070318453573
2.0413511651807963 6.479662371482107 5.737963178755187
2.0413511651807963 6.908224719904574 5.9995881225312795
2.0413511651807963 7.556541312177886 6.303823225148977
2.0413511651807963 5.301178136915457 4.922956603465616
2.0413511651807963 5.4736372972460074 3.999557034088984
2.0413511651807963 4.539418163594561 3.8252344451317946
2.0413511651807963 6.225756562253789 5.23124276373974
2.0413511651807963 7.626560787363351 5.6267243182443964
2.0413511651807963 6.316863684520648 6.150060749111397
2.0413511651807963 6.670018635579645 5.552284898103828
0.8430572185745864 7.722748654755401 4.2260889617692445
0.8430572185745864 6.514600291546685 6.092102401353881
0.8430572185745864 6.409736269022524 6.031487981560069
0.8430572185745864 6.663848004693467 5.739697090996936
0.8430572185745864 4.0415726056058645 3.896392568024749
0.8430572185745864 6.776982403546516 6.557635038792148
0.8430572185745864 3.2861736040774763 3.01834401615571
0.8430572185745864 6.471654095763913 6.22928934773824
0.8430572185745864 6.08673603484921 5.274215482254723
0.8430572185745864 6.598518155116501 5.198034524131034
0.8430572185745864 6.401703711282302 5.680103590131086
0.8430572185745864 7.591850238148853 6.988477650190856
0.8430572185745864 6.853144915045201 5.0864940882064635
0.8430572185745864 7.197297852934064 5.291941820285393
0.8430572185745864 7.781889929366617 6.079059655350878
0.8430572185745864 6.467875310706731 5.440326453158102
0.8430572185745864 4.583104940248862 4.532156276280052
0.8430572185745864 7.6645375251257555 7.529449361766812
0.8430572185745864 5.667370916819099 4.758564121838149
0.8430572185745864 6.042892564955004 4.919738957628466
0.8430572185745864 6.573497882063037 6.356669317934293
0.8430572185745864 6.272408533785402 6.008266840709227
0.8430572185745864 7.630116399759608 6.9716171856418585
0.8430572185745864 4.530329809222515 4.397404676183883
0.8430572185745864 6.10561061583207 5.076409018427556
0.8430572185745864 6.163723304028963 4.686594829376349
0.8430572185745864 6.2148084021037455 5.32531940180884
0.8430572185745864 6.065137700415722 5.900908293235835
0.8430572185745864 5.3456780995890405 4.9000990599481575
0.8430572185745864 7.65801764220987 6.5202252202279105
0.8430572185745864 5.3220924673530305 4.43314012162319
0.8430572185745864 4.359469265015665 4.084005322502036
0.8430572185745864 6.514680833246263 5.436047534862072
0.8430572185745864 6.220445520324489 5.863205134230444
0.8430572185745864 4.298271852283737 4.0437165560582375
0.8430572185745864 6.661211082253377 5.84704440231033
0.8430572185745864 6.076236426902074 5.063970570313851
0.8430572185745864 6.2430971752751425 5.823916101545357
0.8430572185745864 6.2765229335703445 5.329404485756839
0.8430572185745864 4.978662340513878 4.369317027744188
0.8430572185745864 6.039005694167855 5.727788448557809
0.8430572185745864 7.4817632762985635 5.352779812812221
0.8430572185745864 6.331184188048983 5.491471706832024
0.8430572185745864 7.4826144822933 6.941209401575789
0.8430572185745864 6.553468370756963 6.357953770061865
0.8430572185745864 7.405900291078947 6.741254573600905
0.8430572185745864 7.296537737383691 5.191665918468649
0.8430572185745864 6.030076904816891 4.285008247595171
0.8430572185745864 5.499467483293902 3.299737607525293
0.8430572185745864 7.761282327952895 6.390929060666097
0.8430572185745864 7.680621648797684 7.276048149133058
0.8430572185745864 6.367207994438154 6.20356104432071
0.8430572185745864 6.19969952059061 5.244081687292831
0.8430572185745864 7.074041114110765 5.639937845590068
0.8430572185745864 3.8482396543004325 3.422759605069992
0.8430572185745864 6.511872082054246 6.326438203686758
0.8430572185745864 7.268318794293986 4.404065638254682
0.8430572185745864 5.167006203165286 4.3576144770134775
0.8430572185745864 7.353362603508456 5.77256467848905
0.8430572185745864 4.748167330943627 4.2281871389714
0.8430572185745864 7.517882735858837 7.398304660281388
0.8430572185745864 5.829700355355296 5.577281899866261
0.8430572185745864 7.20741442977333 5.44433056968231
0.8430572185745864 6.712042820695267 5.733613189228973
0.8430572185745864 5.165765252790813 4.150424390504635
