3.2095156360557735 7.633262439634025 5.575674111532891
2.831401659491729 6.625827943618688 4.743157646807672
2.831401659491729 6.589630126940804 4.932963013408502
2.831401659491729 4.549979462379934 4.431010004429527
2.831401659491729 7.146590884815515 6.332639259603346
2.831401659491729 7.68748749926217 7.196062100455411
2.831401659491729 9.010903847894603 7.271189758476946
2.831401659491729 6.329541346608398 5.737778342555723
2.831401659491729 5.338899811753993 5.24245757512852
2.831401659491729 6.142962771599116 5.8536013098568125
2.831401659491729 7.05056603297 6.239866158107583
2.831401659491729 7.260667054572192 6.344251258886382
2.831401659491729 8.326035341838775 6.8545544596984636
2.831401659491729 5.955057345653714 4.568203857806623
1.7992950156620862 6.594867970230052 4.236777902324132
1.7992950156620862 8.224797169659794 5.709372385604736
1.7992950156620862 3.8226271830456615 3.391419505599454
1.7992950156620862 5.767731158255227 4.363971493204237
1.7992950156620862 3.213820570232681 3.0809829040248156
1.766746002314037 5.696331278020779 3.7327905252961786
1.766746002314037 6.523465541162441 4.145105771738238
1.766746002314037 4.293949296218621 2.9331475225776904
1.766746002314037 5.6869227284523305 4.427163035820239
1.766746002314037 6.456591799934294 4.642099227122399
1.766746002314037 6.662071123418993 5.448562196519019
