2.833848895061792 7.694888278202955 5.296401461027882
2.833848895061792 7.7407392521723555 7.300556989821696
2.833848895061792 6.62496640671171 6.2914210027612585
2.833848895061792 3.870722212071215 3.8184831183438614
2.833848895061792 7.124164653379507 5.39023681863492
2.833848895061792 3.7216038868765264 3.4970505588653986
2.833848895061792 6.52446848421749 4.768949986789817
2.833848895061792 6.342052426698093 5.025522510079436
1.9440577446216456 5.497529336030102 3.7550162768812623
1.9440577446216456 6.540229219668273 5.885726285195133
1.9440577446216456 5.584775002648652 4.581783699406338
1.9440577446216456 3.9414776943468373 3.760135045255431
1.9440577446216456 3.843147013686807 3.027132925553057
1.9440577446216456 6.165157177503676 5.706652949075441
1.9440577446216456 6.798576579250801 5.553018871556585
1.9440577446216456 7.66594137628077 6.76934442164819
1.9440577446216456 6.6957022118624465 6.440631514589512
1.9440577446216456 5.505821432976035 4.686148290566231
1.9440577446216456 7.523054029125932 6.493456646126415
1.9440577446216456 7.665402742343506 7.412087240660442
1.9440577446216456 7.700734988621445 6.185755157890555
1.9440577446216456 9.619135165249629 7.790306814795485
1.9440577446216456 6.458656396876304 5.900232466440996
1.9440577446216456 5.399182913862859 4.627107089106657
1.9440577446216456 6.630742389236737 5.142253621732996
