2.621739816510541 7.404658197403039 5.405333809467257
2.621739816510541 7.519746504991618 5.070743160751079
2.621739816510541 4.655569934980132 4.106590992851026
2.6126015175578527 3.82919576450772 3.17445802764828
2.6126015175578527 6.044299915704276 4.493627074745848
2.6126015175578527 5.663048473085379 5.338839579846669
2.103380754562768 7.145824210206781 4.644187896346124
2.103380754562768 5.684809011972053 4.329401373941809
2.103380754562768 7.182946534564794 4.9191021405065944
2.103380754562768 6.610941460029821 4.792213178580858
2.103380754562768 6.615266674358352 5.045908841535582
2.103380754562768 5.8501337085691425 4.9132163196881145
2.103380754562768 5.841079532205491 5.437563099077218
2.103380754562768 6.002909874447528 5.778237058032559
2.103380754562768 5.881513898213143 5.229095721329966
2.103380754562768 6.049774545645164 5.770141139973915
2.103380754562768 7.530430500547201 5.929624290899814
2.103380754562768 7.605025556866947 6.495087413011104
2.103380754562768 4.301550356911498 3.7636482724869396
2.103380754562768 6.253269053062162 4.38027159152525
2.103380754562768 5.9039932735314835 5.080987228096154
2.103380754562768 5.097665996956977 3.9966165093286325
2.103380754562768 7.668150200980378 5.282348614380476
1.1747583227145921 3.324606215966544 2.2853985167193454
1.1747583227145921 5.956663569212669 4.456715460031988
