2.271275851602692 7.570476487211575 5.6095942691996985
2.271275851602692 7.331695143129281 6.157292813761403
2.271275851602692 6.54346068122182 4.8995155941921675
2.271275851602692 5.65331843210668 4.587217652213254
2.271275851602692 6.333201521267153 5.30316662307201
2.108426953877711 3.6453093153171534 2.8240206936853385
2.108426953877711 4.001595500072252 3.0550112269749823
2.108426953877711 5.279011572175534 3.6937192630266225
2.108426953877711 5.6410582391260995 3.738872162453889
2.108426953877711 4.183177402258174 4.09358049868745
2.108426953877711 6.004090535595193 5.1295871639214
2.108426953877711 6.509349700314093 4.899146753626052
2.108426953877711 4.956902561349327 3.997284388057374
2.108426953877711 6.675728473509572 4.529588314064878
2.108426953877711 4.079632672011705 3.16718402546993
2.108426953877711 6.839822989142917 6.398522288495657
2.108426953877711 6.614933323159928 6.345409996587553
2.108426953877711 4.085283609329007 3.690738734775649
2.108426953877711 6.2045589217260755 6.024780509390974
2.108426953877711 6.160089171505742 5.108014273588337
2.108426953877711 6.934076250317926 5.161181188349652
2.108426953877711 3.8909425811626375 3.756657956431826
0.11020999899685835 6.617594615294784 3.1904727817067027
0.11020999899685835 4.544476452916516 4.271992597855929
0.11020999899685835 5.575008859438089 2.6324248576620426
