2.7604583549183777 7.665719144942541 4.984009899983176
1.090917844797787 4.502157583656597 2.7295492823526453
1.090917844797787 5.756194889113338 4.558700665404052
1.090917844797787 6.605418652704213 5.5122053038061605
1.090917844797787 5.742218411393829 4.899990791179227
1.090917844797787 4.017006597746022 3.864462171688331
1.090917844797787 7.645782362722281 5.526883580368442
1.090917844797787 8.341329290944927 6.348723629729055
1.090917844797787 4.513015146983928 3.6183074658655485
1.090917844797787 4.57363798631285 3.7055640445730615
1.090917844797787 3.606357211025639 3.0472753406166744
1.090917844797787 3.68680479099859 3.137522979905884
1.090917844797787 6.643750891928551 4.751530283096485
1.090917844797787 4.532823504841204 3.872916423109799
1.090917844797787 4.979665629001843 4.098751900980125
1.090917844797787 6.99385753236745 5.896778088421154
1.090917844797787 6.671551647626103 4.777335251840547
1.090917844797787 7.72174507608049 7.45384534860473
1.090917844797787 4.908666857941029 4.2511946392397295
1.090917844797787 5.874221186473449 5.15426384931414
1.090917844797787 7.5829955877030635 6.669602407633281
1.090917844797787 7.096486435611791 6.710715130832808
1.090917844797787 6.2938030152518465 5.980868876266511
1.090917844797787 7.625486679675046 6.829307102276638
0.6179219028892402 2.7325201094900007 1.6934131578014884
