2.8057630150605317 7.679737687686064 5.357847663259215
2.8057630150605317 5.872109004386619 5.653716562908725
2.8057630150605317 7.097397463541736 6.4526687555339395
2.8057630150605317 6.819059668919962 6.075941838808148
2.8057630150605317 6.587313321233999 5.960068664965164
2.8057630150605317 9.027076334142915 7.8392252178658435
2.8057630150605317 7.253655198469497 6.649085951399901
2.8057630150605317 6.444038717694568 4.914432072522653
2.8057630150605317 6.000237508179367 5.033932811326386
2.8057630150605317 6.065098301987835 4.613115144278022
2.8057630150605317 6.448070779537723 6.116495780590577
2.8057630150605317 4.6711110458931415 4.250404054507915
2.8057630150605317 7.136677832942796 6.515633745659516
2.8057630150605317 8.318576511342327 7.406621974810535
2.8057630150605317 4.348799803972394 4.179658477424164
2.8057630150605317 5.279966339902121 4.436680334936046
2.8057630150605317 5.724120786363525 5.478852109665098
2.8057630150605317 6.568948195369746 5.857687106697279
2.8057630150605317 9.044705547890025 6.0530110547293345
2.8057630150605317 4.911742937275097 4.385716047208741
2.8057630150605317 6.474756924035635 5.552134780310168
2.8057630150605317 4.67093699635905 4.386264653840661
2.8057630150605317 4.79095336465943 4.649014296967975
2.8057630150605317 4.420906429285605 4.075313549053009
2.8057630150605317 3.8539624699146455 3.3372649337709195
