1.6357920684142475 7.449143659230607 5.02948363558615
1.6357920684142475 4.629011923671857 4.455694126834411
1.6357920684142475 5.959143786210664 5.173557000276345
1.6357920684142475 4.617318393169342 3.859092856171611
1.6357920684142475 6.395739427416611 4.679902564285737
1.6357920684142475 3.440226381054672 3.278237664884323
1.6357920684142475 5.848053847317267 4.634157341493258
1.6357920684142475 3.568966566273826 3.4862089062235273
1.6357920684142475 5.951026309094779 5.16852578502771
1.6357920684142475 4.571525819151237 4.419617071025448
1.6357920684142475 6.2400731463332875 5.660085779829013
1.6357920684142475 6.206134468327125 4.619528707017737
1.6357920684142475 3.1493505188161923 2.8607151913840663
1.6357920684142475 5.390358216392233 5.022869093834942
1.6357920684142475 5.9385812130555315 4.503565923118719
1.6357920684142475 7.377448454763357 5.425113681704996
1.6357920684142475 5.838456329561371 4.78881006795953
1.6357920684142475 5.405135428775569 5.03194691684718
1.6357920684142475 6.030272037528718 4.570395862172787
1.6357920684142475 3.8499023663389385 3.4564999222962878
1.6357920684142475 6.318021047069582 5.311658910289838
1.6357920684142475 5.855069294233569 5.046912684308684
1.6357920684142475 4.173112657730467 3.5856671382630148
1.6357920684142475 6.406304166086471 4.54336931332171
1.6357920684142475 8.464992135288625 6.431792088115332
