1.6865586048003611 7.650940511252205 5.536521346347658
1.6865586048003611 6.546352069660312 6.055576210370922
1.6865586048003611 6.122247741212934 3.733799744683089
1.6865586048003611 5.719879161970972 4.5987647167577785
1.6865586048003611 4.453036028308464 3.9387224511007535
1.5609496116755008 6.550955818214138 4.060783830065007
1.5609496116755008 5.820437422011619 4.720079942428421
1.5609496116755008 6.5438819626847895 6.070912398246397
1.5609496116755008 6.289285669255296 5.662429763426354
1.5609496116755008 6.102514346421184 5.539144545535057
1.5609496116755008 5.325125878090905 4.173140313961597
1.5609496116755008 5.6039325483539635 4.933007706753191
1.5609496116755008 2.5130592875743294 2.3551768751325657
1.5609496116755008 3.8056860371679204 3.713627042812247
1.5609496116755008 3.916339083634391 2.7429293801328423
1.5609496116755008 3.7127922189721905 3.384582519396866
1.5609496116755008 3.258901437136388 2.4104657506184797
1.5548974193219611 5.246039876510892 3.4007014245454084
1.5548974193219611 6.687575377108594 5.958463836953446
1.5548974193219611 10.43745592780279 7.44382962570854
1.5548974193219611 6.195347697367016 4.674732861568872
1.5548974193219611 6.195347697367016 5.995265009053966
1.5548974193219611 6.871061434799083 5.950693193105712
1.5548974193219611 5.419717432048266 5.2608663833059195
1.5548974193219611 4.137779364057909 3.274816380894236
