1.6198415358758145 7.693821691861205 5.23718819930161
1.6198415358758145 3.3943010036964023 3.312531357758611
1.6198415358758145 3.038689534664823 2.9288333085125213
1.6198415358758145 7.327784321070437 4.963700666898608
1.6198415358758145 10.344644096648926 8.314779382141715
1.6198415358758145 7.12984561573777 6.548112568690803
1.6198415358758145 7.317682743160685 6.758523931965532
1.6198415358758145 5.733481727303506 5.571794509886365
1.6198415358758145 5.078566045429387 4.611207166192795
1.6198415358758145 6.735260104520734 5.078222112308986
1.6198415358758145 3.335482470758532 3.196813739472362
1.6198415358758145 5.734857516374788 5.3599909909332135
1.6198415358758145 9.145144014914585 8.41831770669458
1.6198415358758145 9.03029650342325 6.146352520790691
1.6198415358758145 5.617391490299742 5.446964741467931
1.6198415358758145 7.389341033630382 6.36523312889479
1.6198415358758145 7.389341033630382 7.167437206793671
1.6198415358758145 7.457220022988524 6.370747828395448
1.6198415358758145 5.485261769270412 4.263342797055538
1.6198415358758145 7.637364007592504 5.331853950827685
1.6198415358758145 6.497576906686799 6.254616753945422
1.6198415358758145 6.985520696951097 6.099579147770697
1.6198415358758145 5.492460181065212 4.798291657828072
1.6198415358758145 4.790167200723818 3.275888281358339
1.6198415358758145 7.619010764286193 6.542379556573004
