3.2859453216731294 7.725134375771278 5.767994300138125
3.2859453216731294 6.50842244016442 6.319817520573941
2.8987786648097686 6.562372930643452 4.7454668229905845
2.8987786648097686 5.5618797316284265 4.500565184343153
2.8987786648097686 4.055526327366007 3.9652287932542425
1.2285269769989502 4.100529419106795 2.618307015195294
1.2285269769989502 4.918332282080126 3.0734296295395387
1.2285269769989502 2.7665333879772835 1.9975301824881166
1.2285269769989502 6.074369071639545 3.465069482217687
1.2285269769989502 5.580422477561786 4.915043923582237
1.2285269769989502 7.6914799915658065 5.843864874260523
1.2285269769989502 5.12633979682915 4.246399535417235
1.2285269769989502 5.971682072577156 4.525483786712625
1.2285269769989502 8.09558368479725 7.614094686614877
1.2285269769989502 6.708843675458109 5.797781930762456
1.2285269769989502 5.91292113909244 4.427709615936376
1.2285269769989502 7.782818569551463 5.34507349881916
1.2285269769989502 5.318151864535132 4.353414627677747
1.2285269769989502 4.699563359060452 4.434583186834976
1.2285269769989502 5.228413100297725 4.898580742644987
1.2285269769989502 6.23907098009574 5.54862684190457
1.2285269769989502 5.932038670740724 5.6225958058574
1.2285269769989502 4.146095296911504 3.5848654879662405
1.2285269769989502 6.127328315376516 5.04827705458996
1.2285269769989502 6.592370434639516 5.987286301079008
