1.1266068468084112 7.450102853463624 5.534383388731759
1.1266068468084112 4.865113155498722 4.361742941138518
1.1266068468084112 6.1335801847267 5.621859839333281
1.1266068468084112 7.205023838628225 5.975735272049568
1.1266068468084112 6.080085007312871 5.571267736086355
1.1266068468084112 6.702718204095909 6.343676459635609
1.1266068468084112 4.959181250353886 4.361824669648358
1.1266068468084112 6.5393313107625985 5.087114442483254
1.1266068468084112 4.375057202652023 3.9410826842922546
1.1266068468084112 4.287773127458479 3.921212502084567
1.1266068468084112 5.987359239510649 4.100112659412951
1.1266068468084112 7.6549877766090795 6.535465833180227
1.1266068468084112 9.874509533144861 8.157118902842402
1.1266068468084112 6.743240241989037 5.894491099657407
1.1266068468084112 6.224964023035394 5.388813233024657
1.1266068468084112 4.778251439585155 4.37083083957291
1.1266068468084112 5.094192656355315 4.679659913842918
1.1266068468084112 5.831576444131979 5.048351807731249
1.1266068468084112 6.099213048776882 5.718756157083959
1.1266068468084112 6.893539060784192 6.069601262042308
1.1266068468084112 3.006080917004969 2.8790275973044497
1.1266068468084112 3.006080917004969 2.9337934527666407
1.1266068468084112 3.494522950371238 3.261034284650605
1.1266068468084112 6.16685989709865 5.714585847850482
1.1266068468084112 6.64122848797615 5.340069622428124
