2.952166671072256 7.533446539548404 5.430682579180668
2.952166671072256 4.831762915984491 4.264151919893307
2.952166671072256 5.164320529148565 5.00384925175392
2.952166671072256 6.435500861486297 6.126980946050468
2.952166671072256 9.285059270228972 6.600822445431749
2.952166671072256 6.497852075088836 5.6345759838864335
2.952166671072256 8.278713435792097 7.554955246501195
2.952166671072256 9.759935131550483 8.479465198591512
2.952166671072256 10.332789451915163 6.606681218558254
2.952166671072256 6.181964585530004 4.999219253785662
2.952166671072256 6.289383466372552 6.107319533824347
2.952166671072256 6.2017413587567845 5.109623096777913
2.952166671072256 5.41195085081192 5.006751989820371
2.952166671072256 6.008724441320862 5.075982066267329
2.952166671072256 5.878161307913977 5.532793109339675
2.952166671072256 4.365902814268484 4.178930068268384
2.952166671072256 3.279878544371272 3.2028820558017586
2.952166671072256 6.649354590662529 4.75265883091853
2.122212292019793 3.746484212214519 2.9662695743884058
1.4640328758395076 5.197993053584312 3.212713704651736
1.4640328758395076 6.098270271213899 4.760737745612188
1.4640328758395076 8.76760649393555 7.456590047634089
1.4640328758395076 9.685510265466492 8.576586099378128
1.4640328758395076 7.55500978282072 6.8387270709217445
1.4640328758395076 5.453130975593542 4.85609774395452
