1.6704580574240926 6.956719897456832 5.153343564316358
1.6704580574240926 5.593525763805271 4.955253851404077
1.6704580574240926 4.89483451077416 3.524187270682736
1.6704580574240926 6.046433148731918 4.485117656972353
1.6704580574240926 3.868588271496851 3.503349738160857
1.6704580574240926 4.408958886889582 4.122223328657802
1.6704580574240926 6.732278363724239 6.120505121117974
1.6704580574240926 6.487805050348964 5.529585568528164
1.6704580574240926 6.483219465209917 4.559834530951559
1.6704580574240926 3.0066620126767245 2.9552695528593174
1.6704580574240926 4.289237889190513 3.474073205091919
1.6704580574240926 5.3986838374813395 3.8630188145351614
1.6704580574240926 4.749081093066859 4.177626339254296
1.6704580574240926 4.749081093066859 3.686274246598521
1.6704580574240926 5.077746446376292 3.3083946482886093
1.6704580574240926 1.8011419570434026 1.7961156532118916
1.6704580574240926 7.545776293427286 5.399999836974792
1.6704580574240926 3.1884129000975574 2.838356220104575
1.6704580574240926 5.450978539298287 4.235112219871251
1.6704580574240926 4.416033707020656 3.6957668745959675
0.26853791989020026 6.436270077602938 3.406324004036335
0.26853791989020026 3.8393128470048805 3.415826150179958
0.26853791989020026 6.070837278267252 2.946522239141148
0.26853791989020026 7.741626261767006 5.387310008516311
0.26853791989020026 10.582490149965462 7.92649212461826
