3.0671941026614786 7.350046515033725 5.309336529359322
3.0671941026614786 4.411023651206293 4.0423800440634645
2.932976083151719 4.411023651206293 3.6771620986986115
2.932976083151719 4.411023651206293 4.354175667819578
2.932976083151719 5.426859799059212 4.8608037410723135
2.932976083151719 6.56587621434614 5.068631359591497
1.0310467054820092 6.648972363462576 3.9131606643826666
0.7057993140819119 1.0310467054820092 0.8809325248358101
0.7057993140819119 2.026758516951102 1.7690468133968678
0.7057993140819119 2.0861410218610463 1.7749145417432264
0.7057993140819119 1.5268454572540304 1.4952667594397187
0.7057993140819119 1.7808709204110689 1.6053374193227439
0.7057993140819119 3.204651979492955 2.2512850894696177
0.7057993140819119 1.4901376352471272 1.459970776740773
0.7057993140819119 5.430531040331381 3.4301674792828987
0.7057993140819119 2.147655836835377 1.4930748754383498
0.7057993140819119 0.8495517973712734 0.8440228557062976
0.7057993140819119 0.8495517973712734 0.8440228557062976
0.7047008565510429 0.8495517973712734 0.7715973852961824
0.7047008565510429 2.7161535811881596 1.6330636525374043
0.7047008565510429 3.0549307506685683 2.304513663467448
0.7047008565510429 1.6248795529092672 1.5705996664791333
0.7047008565510429 4.9705994840794645 4.388406091195072
0.7047008565510429 7.723380342479025 7.130572222837424
0.7047008565510429 7.535222290892879 7.087723265937535
0.7047008565510429 7.165648966700795 6.917150962464266
0.7047008565510429 9.369015685535683 7.934089448080369
0.7047008565510429 11.759614722799798 6.439739585781037
0.7047008565510429 4.991354802600025 3.3159273149196045
0.3883284121778563 0.7698392284113109 0.5912519912320136
0.34413077244170553 0.3883284121778563 0.35411356510027453
0.34413077244170553 0.3651858626114515 0.3600846822060913
0.34413077244170553 3.68173189852989 1.8907982372453713
0.34413077244170553 0.3566031241214813 0.35612341828764355
0.34413077244170553 3.978768609752255 2.167206161103032
0.34413077244170553 0.3566031241214813 0.35612341828764355
0.34413077244170553 4.868101418024114 2.6118725652389614
0.34413077244170553 2.586169997640035 1.3851542829885148
0.34413077244170553 0.3566031241214813 0.35612341828764355
0.34413077244170553 4.918149806514325 2.636896759484067
0.34413077244170553 3.5193739666944066 1.8158638071674562
0.34413077244170553 0.3566031241214813 0.35612341828764355
0.34413077244170553 0.3566031241214813 0.35612341828764355
0.34413077244170553 0.3566031241214813 0.35612341828764355
0.3184945258896765 0.36754222899146116 0.34211793680403957
0.3184945258896765 0.34250417111485776 0.33780860436613175
0.3184945258896765 1.0631786062285546 0.6980686086180833
0.3184945258896765 0.33416395143410726 0.3335612812208597
0.3184945258896765 0.33416395143410726 0.3335612812208597
0.3184945258896765 1.7812295046373703 1.0014376903915965
0.3184945258896765 2.6338555887466204 1.4140006809088834
0.3184945258896765 0.3722504702139884 0.3701829338938223
0.3184945258896765 0.3722504702139884 0.3701829338938223
0.3184945258896765 0.3722504702139884 0.3701829338938223
0.3184945258896765 0.3722504702139884 0.3701829338938223
0.3184945258896765 1.419852259207588 0.8737681184781866
0.3184945258896765 0.6160334428314411 0.4823799093148924
0.3184945258896765 0.48835634845488984 0.40183958917459883
0.3184945258896765 0.5453504079513221 0.5040543763595629
0.3184945258896765 1.6462258868960764 1.1044345893164045
0.3184945258896765 1.6462258868960764 1.5951592960881378
0.3184945258896765 5.865988585751197 3.7050406455156977
0.3184945258896765 5.964135976261186 3.5880408757951128
0.3184945258896765 5.714558735870174 3.396054507016836
0.3184945258896765 1.4926321404696883 1.44747300144738
0.3184945258896765 2.2465832701150323 1.3068817390915748
0.3184945258896765 1.1054946016352827 1.021711129922195
0.3184945258896765 1.1054946016352827 1.075225367952759
0.3184945258896765 1.1054946016352827 1.075225367952759
0.3184945258896765 1.1054946016352827 1.075225367952759
0.3184945258896765 0.3184945258896765 0.3184945258896763
0.3184945258896765 5.412688207997665 2.8655913669436694
0.3184945258896765 0.3184945258896765 0.3184945258896763
0.3184945258896765 0.3184945258896765 0.3184945258896763
0.3184945258896765 0.3184945258896765 0.3184945258896763
0.3184945258896765 0.3184945258896765 0.3184945258896763
0.3184945258896765 0.3184945258896765 0.3184945258896763
0.3184945258896765 0.3184945258896765 0.3184945258896763
0.3184945258896765 0.3184945258896765 0.3184945258896763
0.3184945258896765 0.3184945258896765 0.3184945258896763
0.3184945258896765 0.3184945258896765 0.3184945258896763
0.3184945258896765 2.8817113777054257 1.5015176882661763
0.3184945258896765 4.90715507237379 2.6128247991317326
0.3184945258896765 1.7827629630813466 1.0506287444855114
0.3184945258896765 5.64550224286107 5.0293335972170645
0.3184945258896765 1.2296371575660925 0.7390218943557143
0.3184945258896765 0.7068641454282134 0.5126793356589446
0.3184945258896765 1.586303853290286 1.0978221021515338
0.3184945258896765 0.9524968161722218 0.838345777169336
0.3184945258896765 0.9159126840733944 0.7990273965999386
0.3184945258896765 4.855936112052998 2.6232086929312697
0.30688446479804243 0.3238623695667191 0.31516696165634045
0.30688446479804243 3.305422116893379 1.8361682656077631
0.30688446479804243 5.012513153949772 2.51122931321927
0.30688446479804243 0.37191691011582195 0.36941566221898403
0.30688446479804243 0.37191691011582195 0.36941566221898403
0.053932910470962714 0.5714257905940667 0.3224082564681714
0.053932910470962714 0.053932910470962714 0.053932910470962714
0.053932910470962714 0.053932910470962714 0.053932910470962714
0.053932910470962714 0.053932910470962714 0.053932910470962714
