2.649485062388845 7.602653104332804 5.5957866732206325
2.649485062388845 8.500980620786798 7.677917203714291
2.649485062388845 8.918172783831821 7.788201453634091
2.649485062388845 6.992292211856988 6.825261167646674
2.649485062388845 6.992292211856988 6.825261167646674
2.649485062388845 6.992292211856988 6.825261167646674
2.649485062388845 6.992292211856988 6.498139290533784
2.649485062388845 8.342648702102153 7.163952452706502
2.649485062388845 8.394352099110618 8.166462042842221
2.649485062388845 9.198988558539533 8.575713904335775
2.649485062388845 9.212106660824817 8.556006620324005
2.649485062388845 8.337441706276062 8.118674143049628
2.649485062388845 8.337441706276062 6.198644207960227
2.649485062388845 10.020277626209975 7.968834693342983
2.649485062388845 6.476142276606154 6.260267398157032
0.17102662533832858 4.6573456512825615 2.336960731045302
0.17102662533832858 0.7966916774490156 0.48385915139367175
0.17102662533832858 5.620800524171528 2.686306886338267
0.17102662533832858 3.210918628893659 2.780846152681985
0.17102662533832858 5.542603765631597 4.2386152750871995
0.17102662533832858 0.17102662533832858 0.17102662533832855
0.17102662533832858 4.8906146877399905 3.669943481387558
0.17102662533832858 8.06098639684411 5.954525681647248
0.17102662533832858 3.9381511552754564 2.4864438123313968
0.17102662533832858 2.6069165306004938 1.76312633688331
0.17102662533832858 3.3780329111504313 2.230856212015563
0.17102662533832858 2.3946815925556106 1.685178236658797
0.17102662533832858 1.807500745839111 1.0974727609086834
0.17102662533832858 5.551709670967195 2.969577223472726
0.17102662533832858 0.40547962186491704 0.39646219892158646
0.17102662533832858 5.227897269048775 3.7985961484484383
0.17102662533832858 0.17102662533832858 0.17102662533832855
0.17102662533832858 5.419944709762287 2.7954856675503086
0.15917531091106385 0.17102662533832858 0.16555678791036021
0.15917531091106385 3.0651269045941665 2.766265386697109
0.15917531091106385 2.845115881207889 2.655650195002219
0.15917531091106385 5.668329644629534 4.0395005517389295
0.15917531091106385 2.7115725832088775 2.143635984787
0.15917531091106385 1.6937430593196265 1.6347212228423749
0.15917531091106385 6.396240522125634 5.824772556831953
0.15917531091106385 0.15917531091106385 0.15917531091106385
0.15917531091106385 0.15917531091106385 0.15917531091106385
0.15917531091106385 5.677733620240051 2.9184544655755573
0.15917531091106385 0.15917531091106385 0.15917531091106385
0.15917531091106385 0.15917531091106385 0.15917531091106385
0.15917531091106385 2.7443236147670373 2.575628046597967
0.15917531091106385 4.628578144576824 3.1281226634871824
0.15917531091106385 1.553457803432814 0.8788161411218417
0.15917531091106385 0.4412077420916991 0.31669161218144226
0.15917531091106385 0.21387028466969626 0.21176663183282568
0.15917531091106385 1.8797176292408548 1.0446903041184048
0.15917531091106385 0.21387028466969626 0.21176663183282568
0.15917531091106385 5.655602185980914 2.723335201668772
0.15917531091106385 0.21387028466969626 0.21176663183282568
0.15212995437231358 0.15990058021553155 0.1559873723206738
0.15212995437231358 0.15990058021553155 0.1596017099907924
0.15212995437231358 2.6753519753478305 1.32057927697493
0.15212995437231358 2.6206105717290105 1.2953140137662442
0.15212995437231358 6.462020505885267 4.352698652788744
0.1417769941451259 1.080847460933882 0.6117104183174724
0.1417769941451259 1.080847460933882 1.044729366057391
0.1417769941451259 1.080847460933882 1.044729366057391
0.1417769941451259 3.0286781050494445 1.585227549597285
0.1417769941451259 5.67639058769862 2.9090837909218736
0.1417769941451259 3.149460057966501 1.6456185260558132
0.1417769941451259 4.2437611868893335 3.553389142436421
0.1417769941451259 3.1785543435792154 1.7092236275339217
0.1417769941451259 3.26201323285212 2.8557626382465524
0.14003943233434812 3.4383252494377143 1.789249170186446
0.14003943233434812 0.14003943233434812 0.14003943233434812
0.14003943233434812 2.25242124651415 1.1962303394242488
0.14003943233434812 1.2828682841168129 0.6955969256878216
0.14003943233434812 2.8723408112325832 1.429199630510485
0.14003943233434812 0.19623547893440518 0.19407409252671057
0.14003943233434812 0.19623547893440518 0.19407409252671057
0.14003943233434812 0.19623547893440518 0.19407409252671057
0.14003943233434812 5.188641358927459 2.781111954952818
0.14003943233434812 5.323661189581504 3.060076481548506
0.14003943233434812 0.14003943233434812 0.14003943233434812
0.14003943233434812 2.6929726837836196 1.3183163176186272
0.14003943233434812 0.14003943233434812 0.14003943233434812
0.14003943233434812 0.14003943233434812 0.14003943233434812
0.14003943233434812 0.4067308020528597 0.27338511719360375
0.14003943233434812 0.2713965674577108 0.2257992363783563
0.14003943233434812 0.2713965674577108 0.2663443699529659
0.14003943233434812 0.2713965674577108 0.2663443699529659
0.14003943233434812 4.77964987320415 2.5204710228261864
0.14003943233434812 1.9669498412239048 1.526061283078199
0.14003943233434812 2.2936474879899156 1.4260027066669159
0.14003943233434812 3.5127249395936144 2.0355414324687664
0.14003943233434812 0.5932177997613803 0.575787862552648
0.14003943233434812 0.5932177997613803 0.575787862552648
0.14003943233434812 5.329230866393669 2.761640047152166
0.14003943233434812 0.5932177997613803 0.575787862552648
0.14003943233434812 0.5932177997613803 0.575787862552648
0.14003943233434812 2.680175365007923 1.6192666451759203
0.14003943233434812 5.263682260795381 2.9110200930696495
0.14003943233434812 4.9928505699411865 2.775604247642552
0.14003943233434812 5.074191117616412 3.890235928123429
0.14003943233434812 5.543838451022136 4.516485470478799
