2.6059532738649094 7.757851977056696 5.070048797921407
2.6059532738649094 5.337334178464033 4.837765024180566
2.6059532738649094 4.583287604724848 4.497314767318941
2.6059532738649094 4.595317499396717 4.506099606857496
2.6059532738649094 4.595317499396717 4.518803490722415
2.6059532738649094 4.595317499396717 4.518803490722415
2.6059532738649094 4.595317499396717 4.518803490722415
2.6059532738649094 4.595317499396717 4.518803490722415
2.6059532738649094 4.595317499396717 3.852645274058739
2.6059532738649094 3.7459638992550386 3.479211413731261
2.6059532738649094 4.202175495240311 4.060860613001874
2.6059532738649094 4.290090580551809 4.099402844790629
2.6059532738649094 4.211370351488693 4.138957017720188
2.6059532738649094 4.353182956210958 3.510440726883586
2.6059532738649094 5.683067494989885 4.121726784861439
2.6059532738649094 2.797087168665684 2.7897358650195008
2.6059532738649094 2.797087168665684 2.7897358650195008
2.6059532738649094 2.9282379478684857 2.9129714622465217
2.6059532738649094 2.9299201279882863 2.9143157296229467
2.6059532738649094 4.452310560150938 3.6131133731952567
2.6059532738649094 6.239750256925234 5.2535915684416645
2.6059532738649094 4.463952057513577 4.369767790841921
2.6059532738649094 6.002643752057683 5.631336300857939
2.6059532738649094 6.003374139218998 5.81653748202577
2.6059532738649094 6.063150227244979 5.848110289298669
2.6059532738649094 6.425196448204861 5.303066320816015
2.6059532738649094 7.349229457191056 5.878663008356686
2.6059532738649094 7.108416259637178 6.118107028244471
2.6059532738649094 9.18044280213417 7.2232696653835555
2.6059532738649094 9.18044280213417 8.927577820277659
2.6059532738649094 11.516967221473774 10.121468566349515
2.6059532738649094 9.411432522579785 9.149683320706137
2.6059532738649094 9.411432522579785 9.149683320706137
2.6059532738649094 6.285455355798955 5.689665843296124
2.6059532738649094 4.606314200279215 4.460398803719534
2.6059532738649094 3.9128893753031346 3.6688014579634762
2.6059532738649094 3.4929435628537253 3.458828551738771
2.6059532738649094 3.3686135790138185 3.2472340578569643
2.6059532738649094 3.5894916605422336 3.4062965762246096
2.6059532738649094 3.39736269736774 3.186221078767767
2.6059532738649094 3.035957108129548 3.019418499119371
2.6059532738649094 5.745616336897648 4.419628889767411
2.6059532738649094 4.577912113114824 3.780252547501126
2.6059532738649094 3.1342821233681915 3.113961783002682
2.6059532738649094 6.339194644168856 4.716418043403014
2.6059532738649094 6.339194644168856 6.195608437618704
2.6059532738649094 6.339194644168856 6.195608437618704
2.6059532738649094 6.339194644168856 6.195608437618704
2.6059532738649094 6.339194644168856 6.195608437618704
2.6059532738649094 6.339194644168856 6.195608437618704
2.6059532738649094 6.339194644168856 6.195608437618704
2.6059532738649094 6.339194644168856 6.195608437618704
2.6059532738649094 6.339194644168856 6.195608437618704
2.6059532738649094 6.339194644168856 6.195608437618704
2.6059532738649094 6.461161198077129 6.2565917145728385
2.6059532738649094 6.459101870347396 6.146362145171206
2.6059532738649094 7.659457143047648 6.6937561919056545
2.6059532738649094 6.251324743649125 6.0361833258602084
2.6059532738649094 6.251324743649125 6.111118148657422
2.6059532738649094 6.48638129634795 6.219605788364575
2.6059532738649094 6.251324743649125 6.111118148657422
2.6059532738649094 6.688225085199438 4.762223439011866
2.6059532738649094 9.89428149896782 6.625432913133983
2.6059532738649094 3.419136915086416 3.387860621193281
2.6059532738649094 4.387571655502786 3.872077991401466
2.6059532738649094 6.401574955824785 4.764370486149451
2.6059532738649094 4.982484610683624 4.439662184269407
2.6059532738649094 4.079649860687393 3.971980386147492
2.6059532738649094 4.2180549195156445 4.140886384953903
2.6059532738649094 3.6129288354783182 3.189796939130297
2.6059532738649094 3.6129288354783182 3.574199006185495
2.6059532738649094 3.6129288354783182 3.3108837557266693
2.6059532738649094 4.562714124776971 4.049091650834821
2.6059532738649094 4.88863324100927 4.650413650165736
2.6059532738649094 4.562714124776971 4.487454092049586
2.6059532738649094 3.840389855224292 3.4404374906177497
2.6059532738649094 3.997375871951491 3.651434313615422
2.6059532738649094 3.412525262824474 3.3815032632491064
2.6059532738649094 3.6990204408454237 3.1718355682107484
2.574749470081049 3.9665211350741427 3.2718354488769767
2.574749470081049 3.0435379287555517 2.7911133740846665
2.574749470081049 4.197231403490168 3.3235872855006425
2.574749470081049 2.574749470081049 2.57474947008105
2.574749470081049 2.574749470081049 2.57474947008105
2.574749470081049 2.574749470081049 2.57474947008105
2.574749470081049 2.574749470081049 2.57474947008105
2.574749470081049 2.574749470081049 2.57474947008105
2.574749470081049 4.18966661628513 3.3822080431830885
2.574749470081049 2.574749470081049 2.57474947008105
2.574749470081049 5.268699370917229 3.819982184439612
0.2985834650255943 2.9211782135388344 1.5965566568415306
0.2985834650255943 0.9183479107839543 0.6115844909275727
0.2985834650255943 5.124761040136807 2.714791055604
0.2985834650255943 0.30534087157499146 0.3050809713230914
0.2985834650255943 0.6540950310133344 0.5584191036293666
0.2985834650255943 0.6565163773871139 0.6169852413540812
0.2985834650255943 0.6472958779327702 0.6226857845317595
0.2985834650255943 2.7509862039040134 1.6058851880491614
0.2985834650255943 3.2109833988431267 2.116113864681798
0.2985834650255943 3.097845925127054 1.6826844644540935
