2.4569444278740034 7.751616024355224 5.423166829645566
2.4569444278740034 6.200800599275812 4.849219478357728
2.4569444278740034 7.2970642543150674 5.635420763464707
2.4569444278740034 4.346094182340579 4.273434576399557
2.4569444278740034 5.348741271470885 4.7747581209647105
2.4569444278740034 4.501832752309575 4.062032059088572
2.4569444278740034 4.5681084240577015 4.301014738949062
2.4569444278740034 5.181122547124723 4.793416870353376
2.4569444278740034 6.242806881967738 5.354888030751493
2.4569444278740034 4.803035566691609 4.547075861544311
2.4569444278740034 6.417672666674324 5.302187464177765
2.4569444278740034 4.491373664665851 4.413126386327701
2.4569444278740034 4.603795379030082 4.469337243509819
2.4569444278740034 3.6700674293592503 3.474403389272174
2.4569444278740034 5.121082843904052 4.199911096544573
2.4569444278740034 3.3193972168742367 3.193707323120656
2.4569444278740034 3.2216575682977653 3.055109985616946
2.4569444278740034 5.7221758265719735 4.522847417233174
2.4569444278740034 3.395733556229406 3.3596262820618907
2.4569444278740034 3.395733556229406 3.3596262820618907
2.4569444278740034 5.923181595735361 4.533763068912609
2.4569444278740034 3.3360059183293527 3.1991202008283404
2.4569444278740034 3.1614900567942397 3.0636836625253663
2.4569444278740034 3.253675007017716 3.2154778712245733
2.4569444278740034 3.253675007017716 3.223031523204498
2.4569444278740034 3.253675007017716 3.223031523204498
2.4569444278740034 3.253675007017716 3.223031523204498
2.4569444278740034 3.253675007017716 3.223031523204498
2.4569444278740034 4.546392305250961 3.819670276235226
2.4569444278740034 5.466433731187806 4.88082828334081
2.4569444278740034 6.611115362189043 5.417477734901226
2.4569444278740034 4.543391717945333 4.46314374525028
2.4569444278740034 5.753205335148067 5.068050553851648
2.4569444278740034 6.185527134524133 5.28421145353968
2.4569444278740034 6.185527134524133 6.0421201073452835
2.4569444278740034 7.533238149415803 6.755768351879075
2.4569444278740034 7.106038897415223 6.756914056575232
2.4569444278740034 9.354478909653675 8.323653558262084
2.4569444278740034 3.8487854820195158 3.2777327522922692
2.4569444278740034 2.727491322122607 2.7170856723438157
2.4569444278740034 2.727491322122607 2.71396803349779
2.4569444278740034 4.949031407161783 3.7424118654388185
2.4569444278740034 9.619981447424799 7.3850780302267065
2.4569444278740034 5.700415687874557 4.088723710640524
2.4569444278740034 5.700415687874557 5.57566679325915
2.4569444278740034 5.700415687874557 5.57566679325915
2.4569444278740034 5.700415687874557 5.57566679325915
2.4569444278740034 5.700415687874557 5.57566679325915
2.4569444278740034 6.356201079516154 5.777768460359267
2.4569444278740034 5.499278660559465 5.38226580545618
2.4569444278740034 5.499278660559465 5.38226580545618
2.4569444278740034 5.499278660559465 5.38226580545618
2.4569444278740034 5.499278660559465 5.38226580545618
2.4569444278740034 5.499278660559465 5.38226580545618
2.4569444278740034 5.499278660559465 5.38226580545618
2.4569444278740034 5.499278660559465 4.2778288548843655
2.4569444278740034 3.294634387672684 3.2604634069464997
2.4569444278740034 3.283842344511726 3.2373809018015973
2.4569444278740034 4.549831956612024 4.166117205085292
2.4569444278740034 3.943393801923023 3.886222672151907
2.4569444278740034 3.943393801923023 3.886222672151907
2.4569444278740034 3.943393801923023 3.886222672151907
2.4569444278740034 6.302113708197673 4.974862628894052
2.3036307792892043 3.1437478359525 2.729585986412576
2.3036307792892043 6.140330963702905 4.544717630958429
2.3036307792892043 6.127941542891882 5.313800276982516
2.2453395510510004 3.625500175039431 2.884578732439439
2.2453395510510004 3.8241930562134674 3.6756262726109545
2.2453395510510004 6.117140063871705 4.909941425228646
2.2453395510510004 6.117140063871705 5.074570793392038
2.2453395510510004 6.328601328450858 5.089774036197057
2.2453395510510004 3.6988204723906297 3.6421921274480735
2.2453395510510004 4.723401753354622 4.115015359536688
2.2453395510510004 3.697249135126722 3.6414064588161192
2.2453395510510004 3.7576824219099234 3.671623102207719
2.2453395510510004 3.82680532684595 3.698280558208561
1.9582005434468148 3.9574731989290233 2.891985577038765
1.9582005434468148 2.299954057795166 2.129077300620991
1.9582005434468148 2.299954057795166 2.2868096918586924
1.9582005434468148 2.299954057795166 2.2868096918586924
1.9582005434468148 3.713812733557273 2.9937390297397455
1.9582005434468148 3.713812733557273 3.646289187783796
1.9582005434468148 4.479052741320086 4.0289091916652024
1.9582005434468148 4.6515219114056485 3.8114109989825433
1.9582005434468148 5.853945128756749 4.4692781175842535
1.9582005434468148 3.1784786533255027 3.1315448798686307
1.9582005434468148 5.182812729803075 4.133711918107417
1.9582005434468148 3.1784786533255027 3.1315448798686307
1.9582005434468148 4.897417945793901 3.9910145261028296
1.9582005434468148 4.750416500346901 3.7875015165437995
1.9582005434468148 5.613115550426496 4.2077622033700495
1.9582005434468148 3.0835561645428062 3.0402732560391152
1.9582005434468148 5.9575603986126495 4.136810817624669
1.9582005434468148 3.9157454478869593 3.5636328380088873
1.9582005434468148 3.44556744839953 3.3466276074762265
1.3808490774506947 5.0231814054683674 3.0841313621510102
1.1998102755299773 1.3808490774506947 1.279179803581978
1.1998102755299773 1.1998102755299773 1.199810275529977
1.1998102755299773 1.1998102755299773 1.199810275529977
1.1998102755299773 5.47191786304553 3.171552238998694
