2.6361534776862148 7.639312609538939 4.990352994785971
2.6361534776862148 6.639086296321654 5.468441500550982
2.6361534776862148 6.68933223369995 6.357769382898264
2.6361534776862148 6.308710953297442 6.167458742697007
2.6361534776862148 6.34421788662134 6.18521220935896
2.6361534776862148 6.33876066976601 6.192644136222319
2.6361534776862148 6.331343540530927 6.189220845806128
2.6361534776862148 5.8696289816530545 4.17992216606792
2.6361534776862148 3.382816094646906 3.0321623720650845
2.6361534776862148 6.454566597112997 4.771829302825077
2.6361534776862148 3.382816094646906 3.3540983016868813
2.6361534776862148 4.975364915016577 4.704862473031948
2.6361534776862148 4.614299372380422 3.8903838424469868
2.6361534776862148 3.210661215415826 3.1885647639646875
2.6361534776862148 5.310023706337454 4.157501298236209
2.6361534776862148 3.210661215415826 3.1885647639646875
2.6361534776862148 3.210661215415826 3.1885647639646875
2.6361534776862148 3.210661215415826 3.1885647639646875
2.6361534776862148 3.210661215415826 3.1885647639646875
2.6361534776862148 3.210661215415826 3.1885647639646875
2.6361534776862148 3.210661215415826 3.1885647639646875
2.6361534776862148 3.210661215415826 3.1885647639646875
2.6361534776862148 3.210661215415826 3.1885647639646875
2.6361534776862148 3.210661215415826 3.1885647639646875
2.6361534776862148 3.210661215415826 3.1885647639646875
2.6361534776862148 3.210661215415826 3.1885647639646875
0.9664696508323698 2.6361534776862148 1.3265663505160876
0.9664696508323698 3.2349554133922003 2.1007125321122855
0.9664696508323698 0.9664696508323698 0.9664696508323695
0.9664696508323698 3.003917929670991 1.9068303949117338
0.9664696508323698 7.53395560004509 5.19463839494516
0.9664696508323698 3.012725484762971 2.9340233373041023
0.9664696508323698 4.281752990419566 3.5197283399148374
0.9664696508323698 5.631889790853066 4.183112786464102
0.9664696508323698 5.336027249240669 3.1634248748090177
0.9664696508323698 1.3269423156395423 1.3130779823777279
0.9664696508323698 1.3269423156395423 1.3130779823777279
0.9664696508323698 3.040578264027641 2.103986881633774
0.9664696508323698 3.479807138113799 3.2436845474900062
0.9664696508323698 5.4655291435770685 3.6412724207112843
0.9664696508323698 2.1630971972873962 2.1170730608852812
0.9664696508323698 2.1630971972873962 2.1170730608852812
0.9664696508323698 2.1630971972873962 2.1170730608852812
0.9664696508323698 5.122756434957232 3.5969026797201975
0.9664696508323698 3.850655011479781 2.895945898204843
0.9664696508323698 6.62803023715324 5.021590294073402
0.9664696508323698 3.850655011479781 3.7397248053010363
0.9664696508323698 0.9664696508323698 0.9664696508323695
0.9664696508323698 0.9664696508323698 0.9664696508323695
0.9664696508323698 0.9664696508323698 0.9664696508323695
0.9664696508323698 2.734480564755476 1.7824746880276505
0.9664696508323698 5.70757895848455 4.7132966140879295
0.9664696508323698 5.674439358826707 5.376013887079068
0.9664696508323698 7.753775323769975 4.464242832315075
0.9664696508323698 3.095588818681471 2.3681097546373624
0.9664696508323698 2.9447219264229862 2.29267630850812
0.9664696508323698 2.7365932735630776 2.184333213195158
0.9664696508323698 5.928869247506139 4.356710027997611
0.9664696508323698 2.936057571627139 2.86030419005811
0.9664696508323698 4.176394285443184 3.432767288742439
0.9664696508323698 2.936057571627139 2.86030419005811
0.9664696508323698 2.936057571627139 2.86030419005811
0.9664696508323698 2.936057571627139 2.86030419005811
0.9664696508323698 1.5949242799247298 1.3900697590052062
0.9664696508323698 1.2250661711780428 1.180617770598506
0.9664696508323698 6.251837062820368 4.750468783761528
0.9664696508323698 4.2077052585425605 3.7284028816226233
0.9664696508323698 5.170160350919794 3.5870932947317606
0.9664696508323698 5.170160350919794 5.008479939377967
0.9664696508323698 5.170160350919794 4.4746518732163745
0.9664696508323698 4.1042381077595955 3.683277438328581
0.9664696508323698 4.1042381077595955 3.983554705570089
0.9664696508323698 4.1042381077595955 3.602914308402587
0.9664696508323698 4.042543385909688 3.652781804576406
0.9664696508323698 4.069498865674685 3.6667499518364726
0.9664696508323698 4.069498865674685 3.950151588180752
0.9664696508323698 4.069498865674685 3.950151588180752
0.9664696508323698 4.069498865674685 3.950151588180752
0.9664696508323698 4.83335317231829 4.332078741502551
0.9664696508323698 4.063484863991789 3.332285817283001
0.9664696508323698 6.350981780003494 4.476034275288853
0.9664696508323698 8.337464647541273 5.131757763587922
0.9664696508323698 11.771340792478977 8.602948384274269
0.9664696508323698 7.205513387550843 5.499501494997949
0.9664696508323698 7.04292584767191 5.0130864870975875
0.9664696508323698 5.678825539523533 4.071915716506764
0.9664696508323698 5.678825539523533 5.497581082266179
0.9402052856377918 5.4524962974284 3.023811305125556
0.9402052856377918 0.9402052856377918 0.9402052856377915
0.9402052856377918 0.9402052856377918 0.9402052856377915
0.9402052856377918 0.9402052856377918 0.9402052856377915
0.9402052856377918 0.9402052856377918 0.9402052856377915
0.9402052856377918 6.428102842476232 3.473081081101687
0.9402052856377918 3.1876601437610543 1.9774921432331447
0.9402052856377918 5.758732254737296 3.349468770187544
0.9402052856377918 3.4989732598089813 3.377000985395394
0.9402052856377918 3.079623072992146 1.9909379344173899
0.9402052856377918 3.0076009338691034 2.03234223709134
0.9402052856377918 3.9760292170677265 2.516556378690651
0.9402052856377918 5.677907549834707 4.283036997431903
