3.0049116118741 7.585474943055065 5.175148970293578
3.0049116118741 6.216976336673614 5.982297066527858
3.0049116118741 7.196402794131778 6.595311142686715
3.0049116118741 7.9054752241891855 6.499267404828101
3.0049116118741 7.58969548373604 6.435048657947901
3.0049116118741 7.58969548373604 7.413357642510582
3.0049116118741 7.58969548373604 7.413357642510582
3.0049116118741 7.58969548373604 7.267071474350394
3.0049116118741 7.549644620751103 7.359781688441152
3.0049116118741 7.517002684819287 7.343460720475242
3.0049116118741 7.517002684819287 7.343460720475242
3.0049116118741 7.517002684819287 6.990080162325723
3.0049116118741 6.613510250847948 5.709987169907999
3.0049116118741 6.633893261872668 6.29594921883454
3.0049116118741 7.9572909796290165 6.311245985179426
3.0049116118741 5.046153249787906 4.967643956021991
3.0049116118741 5.4176248168818155 5.153379739568944
3.0049116118741 6.199477716248989 5.189376222053243
3.0049116118741 5.2158312569013 4.56511860342192
3.0049116118741 5.9627138932068995 5.669968650827405
3.0049116118741 5.807358098517128 5.408888594684436
3.0049116118741 5.269934707832501 4.590573601859341
3.0049116118741 5.353651479593001 5.1922315977459075
3.0049116118741 7.35680889841198 6.199278286623757
2.5095081295208677 6.497489768122147 4.369169019735045
2.5095081295208677 4.092015890764195 3.3007620101425315
1.3811951969041663 2.5095081295208677 1.9887483144670053
1.3811951969041663 1.3811951969041663 1.381195196904166
1.3811951969041663 1.3811951969041663 1.381195196904166
1.3811951969041663 2.9209014880354798 2.1510483424698235
1.3811951969041663 5.592219504931805 4.044158218953269
1.3811951969041663 2.589005410980612 2.5425511719776717
1.3811951969041663 6.374627034902929 4.289761152249512
0.6732052630901006 3.2883662732552676 2.008016150242457
0.6732052630901006 5.2252280183647315 2.9492166407274163
0.6732052630901006 3.068959282421894 1.7789378873970825
0.6732052630901006 0.6732052630901006 0.6732052630901003
0.6732052630901006 3.419392332121977 3.0001588452923946
0.6732052630901006 2.7921705176191094 2.7106718539833796
0.6732052630901006 3.0716923581726303 2.83968193423885
0.6732052630901006 3.0716923581726303 2.9794428545156104
0.6732052630901006 3.0558116010774197 1.864508432083761
0.6732052630901006 0.6732052630901006 0.6732052630901003
0.6732052630901006 4.417648851879569 2.401409996377548
0.6732052630901006 2.7185942285364963 2.252059240686447
0.6732052630901006 3.6615396225310417 2.3456748783564154
0.6732052630901006 4.333372312432122 3.8566803117376574
0.6732052630901006 4.55901259075296 4.305416795848615
0.6732052630901006 4.563898808056614 4.383458244049246
0.6732052630901006 6.467848287315082 5.364739187528189
0.6732052630901006 4.942059252693248 3.7318090188808393
0.6732052630901006 2.310300554475092 1.7339452273172804
0.5795298648533529 0.7522186202829784 0.669477142500348
0.5795298648533529 5.301287054876635 2.9404084598649955
0.5795298648533529 0.5795298648533529 0.5795298648533526
0.5795298648533529 0.5795298648533529 0.5795298648533526
0.5795298648533529 0.5795298648533529 0.5795298648533526
0.5795298648533529 0.5795298648533529 0.5795298648533526
0.5795298648533529 0.5795298648533529 0.5795298648533526
0.5795298648533529 3.078470350396874 1.7328870120272866
0.5795298648533529 0.8180326637732347 0.6987812643132935
0.5795298648533529 3.4513935640082996 1.9050054183094824
0.5795298648533529 6.617130358736642 5.986283636616594
0.5795298648533529 3.180896157148269 2.835014523943494
0.5795298648533529 2.6892379901460193 2.608095369942456
0.5795298648533529 2.9469749398204645 2.727050885176815
0.5795298648533529 3.5009324876843455 2.957894678724422
0.5795298648533529 1.7657502161252911 1.71347129491657
0.5795298648533529 2.314212203498663 1.568480359934097
0.5248783848096896 5.081428094701639 2.6300033078384235
0.5248783848096896 4.886298891433764 2.7055886381217267
0.5248783848096896 0.5248783848096896 0.5248783848096893
0.5248783848096896 1.7150149697617363 1.1199466772857127
0.5248783848096896 2.574744324390736 1.4956343321792893
0.5248783848096896 0.5742063353202309 0.5723091064544406
0.5248783848096896 0.5993324093619887 0.5691669070725744
0.5248783848096896 3.363497775656598 1.9462157852550261
0.5248783848096896 0.5292717456904339 0.5291027702719434
0.5248783848096896 3.552306518913469 1.9243495886825757
0.5248783848096896 0.5292717456904339 0.5291027702719434
0.5248783848096896 0.5292717456904339 0.5291027702719434
0.5248783848096896 0.5292717456904339 0.5291027702719434
0.5248783848096896 0.5292717456904339 0.5291027702719434
0.5248783848096896 0.5274857472888219 0.5261252380126541
0.5248783848096896 0.5249652950810355 0.5249619523782911
0.5248783848096896 5.076740257042502 2.8008494333590255
0.5248783848096896 0.5249652950810355 0.5249619523782911
0.5248783848096896 2.3196413819184944 1.4222999957970208
0.5248783848096896 2.3196413819184944 2.250612035875848
0.5248783848096896 2.8438094395927576 2.5126960647129803
0.5248783848096896 3.7688030003361175 3.335716858875401
0.5248783848096896 4.77199090634306 3.633986815024339
0.5248783848096896 4.77199090634306 3.1119981159693095
0.5248783848096896 3.5836029906888602 2.0374540633635516
0.5248783848096896 3.2589870407946724 1.9850311402051521
0.5248783848096896 3.026924643904604 2.781707486993313
0.5248783848096896 2.819341265974771 2.6858997741026207
0.5248783848096896 2.728955426935475 2.6441832330075616
0.5248783848096896 6.3968858185368696 4.337074182977434
0.5248783848096896 2.728955426935475 2.6441832330075616
