1.8251245012349533 7.6076907281083965 5.525991430678577
1.8251245012349533 6.68199252246221 6.34262031144121
1.8251245012349533 6.561322737764854 5.387567389423779
1.8251245012349533 4.412869336070017 4.3133406885763605
1.8251245012349533 4.412869336070017 4.3133406885763605
1.8251245012349533 4.412869336070017 4.3133406885763605
1.8251245012349533 4.412869336070017 4.3133406885763605
1.8251245012349533 4.412869336070017 4.3133406885763605
1.8251245012349533 4.922549343568061 4.548577615113921
1.8251245012349533 4.922549343568061 4.4286548486182
1.8251245012349533 4.922549343568061 4.705199999380006
1.8251245012349533 8.321254603570965 6.189425248033473
1.8251245012349533 7.38772691813354 6.351005171582585
1.8251245012349533 5.742175918639212 5.5530973651373605
1.8251245012349533 5.742175918639212 5.448128827570686
1.8251245012349533 5.5748723094176995 5.31354743769465
1.8251245012349533 5.867645642916891 4.09032215517929
1.8251245012349533 6.012663155040297 5.772892513615437
1.8251245012349533 6.462913227248418 5.95181987638865
1.8251245012349533 7.210348723353562 4.735335508466965
1.8251245012349533 2.674570310666415 2.6418993179959753
1.8251245012349533 2.674570310666415 2.6418993179959753
1.8251245012349533 2.674570310666415 2.6418993179959753
1.8251245012349533 2.674570310666415 2.6418993179959753
1.0431353338684244 5.678084666029342 3.3906865063860563
1.0431353338684244 1.0431353338684244 1.0431353338684242
1.0431353338684244 3.184192269027872 2.1136638014481495
1.0431353338684244 5.126919360115906 3.085027346992165
1.0431353338684244 1.0431353338684244 1.0431353338684242
1.0431353338684244 3.1609127730490454 2.102024053458736
0.18823038709426188 1.0431353338684244 0.47200321820414104
0.18823038709426188 4.99611551914613 2.4138431879521347
0.18823038709426188 0.20140817460828275 0.20090133662697415
0.18823038709426188 0.20140817460828275 0.20090133662697415
0.18823038709426188 0.20140817460828275 0.20090133662697415
0.18823038709426188 0.20140817460828275 0.20090133662697415
0.18823038709426188 0.20140817460828275 0.20090133662697415
0.18823038709426188 0.20140817460828275 0.20090133662697415
0.18823038709426188 5.4968052184639085 4.747898996549312
0.18823038709426188 6.10890964190671 4.445829934577284
0.18823038709426188 5.450876206067068 3.7410281860044106
0.18823038709426188 3.1901760012248492 1.7998613477860788
0.18823038709426188 5.409081163127208 3.0073797138712166
0.18823038709426188 0.6404655877419683 0.6230719261785946
0.18823038709426188 6.4499704383839145 3.527824351499569
0.18823038709426188 0.6404655877419683 0.6230719261785946
0.18823038709426188 0.6404655877419683 0.6230719261785946
0.18823038709426188 0.6404655877419683 0.6230719261785946
0.18823038709426188 5.762566818424467 2.9871186480320566
0.18823038709426188 0.6404655877419683 0.6230719261785946
0.18823038709426188 3.381686183262119 1.993682223938671
0.18823038709426188 0.3381237521432827 0.2851927001713164
0.13625333709716658 0.4212453034493291 0.28074843758082824
0.13625333709716658 0.13625333709716658 0.13625333709716658
0.13625333709716658 0.13625333709716658 0.13625333709716658
0.13625333709716658 0.13625333709716658 0.13625333709716658
0.13625333709716658 0.13625333709716658 0.13625333709716658
0.13625333709716658 0.13625333709716658 0.13625333709716658
0.13625333709716658 4.987595828757581 2.375334487094281
0.13625333709716658 3.2520259076405087 1.5743022158094782
0.13625333709716658 4.402228981071897 2.269241159084531
0.13625333709716658 4.934920992235018 2.5625672822683163
0.13625333709716658 0.19471025856865198 0.19246191543513322
0.13625333709716658 5.680050342661723 2.724157338862705
0.13625333709716658 0.19471025856865198 0.19246191543513322
0.13625333709716658 4.930514036653147 2.560363804477381
0.13625333709716658 0.19471025856865198 0.19246191543513322
0.13625333709716658 0.19471025856865198 0.19246191543513322
0.13625333709716658 0.19471025856865198 0.19246191543513322
0.13625333709716658 5.682935503879346 2.8186410465193905
0.13625333709716658 0.14867829996854143 0.14573944029369806
0.13625333709716658 6.565280322802973 5.341153954023232
0.13625333709716658 7.894569055680492 6.0671926820745234
0.13625333709716658 3.7420038015619856 3.484627544395615
0.13625333709716658 4.461539092890231 3.7603821851273924
0.13625333709716658 4.461539092890231 4.295181948436654
0.13625333709716658 3.3109445163318267 3.1867358674412114
0.13625333709716658 5.747689183597945 3.233540783581119
0.13625333709716658 1.7015059439651847 0.9342985301638039
0.13625333709716658 0.1696609313011952 0.16837602383180944
0.13625333709716658 0.40652583275094445 0.28680847455668396
0.13625333709716658 3.9709255220629065 2.069008319212665
0.13625333709716658 5.5428482365691245 2.648308626263162
0.13625333709716658 0.1696609313011952 0.16837602383180944
0.13625333709716658 0.1696609313011952 0.16837602383180944
0.13625333709716658 0.1696609313011952 0.16837602383180944
0.13625333709716658 0.1696609313011952 0.16837602383180944
0.13625333709716658 4.523482079754885 2.345286598058654
0.13625333709716658 0.1696609313011952 0.16837602383180944
0.13625333709716658 3.1803284231318227 1.557914866215176
0.13625333709716658 0.1696609313011952 0.16837602383180944
0.13625333709716658 0.1696609313011952 0.16837602383180944
0.13625333709716658 4.369265640755756 2.106655120503145
0.13625333709716658 0.3500906484551156 0.3321786671361837
0.13625333709716658 0.32910113154392606 0.32168390868058894
0.13625333709716658 0.32910113154392606 0.32168390868058894
0.13625333709716658 2.6078837115685265 1.3698995922879609
0.13625333709716658 5.504587465018659 2.906168500749191
0.13625333709716658 0.32204088642826934 0.3148952114539959
0.13625333709716658 1.6792174052702298 0.9412843739964392
