1.3420792745975523 7.6567798451947855 5.4905626408970996
0.18249410934116073 3.715259456317878 1.8576006219941226
0.18249410934116073 0.18249410934116073 0.1824941093411607
0.18249410934116073 0.18249410934116073 0.1824941093411607
0.18249410934116073 0.18249410934116073 0.1824941093411607
0.18249410934116073 4.748482494355461 2.4654883018483105
0.18249410934116073 5.468444730942448 2.622163627003295
0.18249410934116073 0.18249410934116073 0.1824941093411607
0.18249410934116073 2.669837986300078 1.3304989756298917
0.18249410934116073 0.18249410934116073 0.1824941093411607
0.18249410934116073 4.4219017805700105 3.444225530060649
0.18249410934116073 5.662073016291188 4.221237075283979
0.18249410934116073 3.207213764351778 1.7190019977454334
0.18249410934116073 5.660043076863957 3.0509456074830443
0.18249410934116073 2.8836521057766373 1.56966584763383
0.18206023900366164 0.8011373399043049 0.491615476774656
0.17758420936614927 0.2808108701441516 0.22539943855743919
0.17758420936614927 5.255589784379179 2.5212790901413937
0.17758420936614927 5.370231167286093 2.5741904976368932
0.17758420936614927 5.540292475263033 2.858938342314592
0.17758420936614927 5.288077518887665 2.7328308641269077
0.17758420936614927 5.426200049848866 2.600022289588942
0.17758420936614927 2.8787320904337617 1.528158149899956
0.17758420936614927 0.17758420936614927 0.17758420936614924
0.17758420936614927 0.17758420936614927 0.17758420936614924
0.17758420936614927 5.69036425570636 2.721944230753939
0.17758420936614927 7.716317238460963 5.2152987864541265
0.17758420936614927 0.17758420936614927 0.17758420936614924
0.17758420936614927 0.17758420936614927 0.17758420936614924
0.17758420936614927 3.9724158595631534 2.079035448768018
0.17758420936614927 0.1863276070234403 0.18599132249815986
0.17758420936614927 0.1863276070234403 0.18599132249815986
0.17758420936614927 0.1863276070234403 0.18599132249815986
0.17758420936614927 0.1863276070234403 0.18599132249815986
0.17758420936614927 2.636218609195453 1.3167102465775502
0.17758420936614927 2.585400602279169 1.3855278201260244
0.17758420936614927 4.0844103308281134 3.4174386333152955
0.17758420936614927 3.289234708223273 2.3339445361396844
0.10575663429560977 0.7522405815898066 0.43176120698388243
0.10575663429560977 0.5900312202354425 0.39172297437061676
0.10575663429560977 0.7463283661802689 0.4379578828009809
0.10575663429560977 2.674095932555247 1.4236672897635498
0.10575663429560977 0.18308601020436344 0.14649929144731852
0.10575663429560977 0.11025890088982893 0.11008573679005126
0.10575663429560977 2.8223154951823024 1.4661140339362881
0.10575663429560977 0.11025890088982893 0.11008573679005126
0.10575663429560977 5.667481709793922 2.6749578024380942
0.10575663429560977 5.563945066661567 2.6271716594539316
0.10575663429560977 5.532859316171201 4.190083139231873
0.10575663429560977 5.284474222751516 4.665775992152333
0.10575663429560977 5.436900052026051 3.0761742954069464
0.10575663429560977 5.2955005674108335 3.06681892954842
0.10575663429560977 0.10575663429560977 0.10575663429560977
0.10575663429560977 0.10575663429560977 0.10575663429560977
0.10575663429560977 0.5399732398869763 0.30616429841470183
0.10575663429560977 0.10575663429560977 0.10575663429560977
0.10575663429560977 0.10575663429560977 0.10575663429560977
0.10575663429560977 0.10575663429560977 0.10575663429560977
0.10575663429560977 0.10575663429560977 0.10575663429560977
0.10575663429560977 0.10575663429560977 0.10575663429560977
0.10575663429560977 0.10575663429560977 0.10575663429560977
0.10575663429560977 0.10575663429560977 0.10575663429560977
0.10575663429560977 0.10575663429560977 0.10575663429560977
0.10575663429560977 0.10575663429560977 0.10575663429560977
0.10575663429560977 0.10575663429560977 0.10575663429560977
0.10575663429560977 0.10575663429560977 0.10575663429560977
0.10575663429560977 3.233796640125782 1.6697766372106957
0.10575663429560977 3.2326619879050082 1.8425916339109525
0.10575663429560977 2.83819555351559 2.658968144027095
0.10575663429560977 5.672788009400094 5.431858563837583
0.10575663429560977 5.672788009400094 5.458671418049922
0.10575663429560977 5.41432753913768 2.5558662826842573
0.10575663429560977 0.10575663429560977 0.10575663429560977
0.10575663429560977 0.10575663429560977 0.10575663429560977
0.10575663429560977 0.10575663429560977 0.10575663429560977
0.10575663429560977 0.10575663429560977 0.10575663429560977
0.10575663429560977 5.469128292343015 2.787442463319313
0.10575663429560977 0.10575663429560977 0.10575663429560977
0.10575663429560977 0.10575663429560977 0.10575663429560977
0.10575663429560977 0.10575663429560977 0.10575663429560977
0.10575663429560977 2.6082541246539006 1.3570053794747552
0.10575663429560977 3.9596849538049033 2.210230780992991
0.10575663429560977 0.8980378763922592 0.7471729215818618
0.10575663429560977 0.6572526777019765 0.636041291417116
0.10339539210454562 0.946318355151448 0.5249476906353452
0.10339539210454562 0.10339539210454562 0.10339539210454562
0.10339539210454562 0.10339539210454562 0.10339539210454562
0.10339539210454562 0.10339539210454562 0.10339539210454562
0.10339539210454562 5.266574039772568 2.486400921797478
0.10339539210454562 0.10339539210454562 0.10339539210454562
0.10339539210454562 0.10339539210454562 0.10339539210454562
0.10339539210454562 0.10339539210454562 0.10339539210454562
0.10339539210454562 2.979157927750514 1.430670408556531
0.10339539210454562 0.10339539210454562 0.10339539210454562
0.10339539210454562 4.911149283088381 2.5072723375964623
0.10339539210454562 3.2578837159564604 1.5593130800361985
0.10339539210454562 3.2578837159564604 3.1365572419621577
0.10339539210454562 3.2163905597691387 2.88791903607814
0.10339539210454562 2.5773117748548455 1.8295369525733656
0.10339539210454562 4.917172513432643 2.510283952768595
