2.4474396539067063 6.739070025808637 4.980242710946019
2.4474396539067063 5.6619409605313145 5.017611118639167
2.4474396539067063 6.528521685259037 5.458301868175558
2.4474396539067063 4.549802250857528 4.468942150974803
2.4474396539067063 6.649484461467306 5.438026248179318
2.4474396539067063 6.636172168391266 6.196479998978491
2.4474396539067063 6.618675674999263 6.191252365734295
2.4474396539067063 6.650389538809904 6.466179286488307
2.4474396539067063 6.647442835025938 5.537972812374891
2.4474396539067063 6.624455837772498 6.343998738287875
0.5424929373984608 3.5617412045776438 2.125384252392216
0.5424929373984608 0.5424929373984608 0.5424929373984605
0.5424929373984608 3.22823939942877 1.7820682275662965
0.5424929373984608 3.296357835350062 1.8135075056838161
0.5424929373984608 1.9401917708690957 1.1875847066925997
0.5424929373984608 0.5424929373984608 0.5424929373984605
0.5424929373984608 0.5424929373984608 0.5424929373984605
0.5424929373984608 2.5642645180950727 1.4756182823353587
0.5424929373984608 0.5424929373984608 0.5424929373984605
0.5424929373984608 5.211536347262172 2.877014642330316
0.5424929373984608 0.5424929373984608 0.5424929373984605
0.5424929373984608 3.3138163410168073 1.9281546392076352
0.5424929373984608 5.33260699378965 4.149578850639007
0.5424929373984608 3.1685555216625194 3.0675531145754413
0.5424929373984608 4.271066523896533 3.618808615692448
0.5424929373984608 0.5424929373984608 0.5424929373984605
0.5424929373984608 0.5424929373984608 0.5424929373984605
0.5424929373984608 0.5424929373984608 0.5424929373984605
0.5424929373984608 5.6639692814034746 3.103231109400968
0.5424929373984608 6.236074803814059 5.750027315650905
0.5424929373984608 5.543340996301467 4.312377317878969
0.5424929373984608 5.097522229307128 4.0894679343817995
0.5424929373984608 5.497992438636093 2.9278269523460105
0.5424929373984608 0.7388537353818987 0.73130139699792
0.5424929373984608 1.623042294911635 1.1733956767627882
0.5424929373984608 4.344000481442766 2.5166700334614043
0.5424929373984608 0.6929869609922226 0.6294786410587225
0.5424929373984608 5.015191518061428 3.815443001788992
0.5424929373984608 4.838786022320196 3.716481309245853
0.4742046199551315 3.175726355866989 1.827591961658881
0.4742046199551315 2.814265139128431 1.5542325518812694
0.4742046199551315 0.4742046199551315 0.4742046199551312
0.4742046199551315 4.367044181372279 2.420624400663705
0.4742046199551315 2.8036798653159605 1.6389422426355462
0.4742046199551315 2.8036798653159605 2.714084663571314
0.4742046199551315 4.4866781029843565 3.555583782405511
0.4742046199551315 3.9707627010112607 2.7271627531547002
0.4742046199551315 1.5676759874100559 1.5256193963540972
0.4742046199551315 3.611212039831092 2.547387422564616
0.4742046199551315 5.782993522852188 3.311481041786276
0.4742046199551315 3.18257098618107 2.011269773450717
0.4742046199551315 0.870448889117466 0.8552087249189143
0.4742046199551315 0.870448889117466 0.8552087249189143
0.4742046199551315 3.2292275640671844 1.9438758056649397
0.4742046199551315 0.870448889117466 0.8552087249189143
0.4742046199551315 3.4260254436368354 2.132997002178601
0.4742046199551315 0.870448889117466 0.8552087249189143
0.46242932563916783 0.7251606629900746 0.584142838813277
0.46242932563916783 5.378938334903623 2.9665116058147087
0.46242932563916783 0.932277877438445 0.9142067792923186
0.46242932563916783 0.932277877438445 0.9142067792923186
0.46242932563916783 0.932277877438445 0.9142067792923186
0.46242932563916783 3.440052567930828 2.071641251827265
0.46242932563916783 3.3868724403599413 2.1415040607530678
0.46242932563916783 3.3760464407913706 3.133766375799664
0.46242932563916783 6.283900771434368 5.138764868908941
0.46242932563916783 6.210381809362101 5.188249065048311
0.46242932563916783 6.4733110161784495 5.63816105541307
0.46242932563916783 6.014771421006348 5.754753389297382
0.46242932563916783 1.0738652892086304 0.8996520117068572
0.46242932563916783 4.967650866939884 2.846544800572485
0.46242932563916783 5.674538448106315 3.199988591155701
0.46242932563916783 5.662606428908514 5.287731835460838
0.46242932563916783 5.681860053758346 5.467856949844579
0.46242932563916783 5.6830382924561285 5.472869499977461
0.46242932563916783 7.119732686254233 6.627953692801108
0.46242932563916783 7.47135055213648 6.361602720481276
0.46242932563916783 5.15314441807655 3.7032013629974228
0.46242932563916783 7.694995590100168 5.031204503425205
0.46242932563916783 5.612837103370506 2.8395406076690155
0.46242932563916783 5.527793930306618 2.800289912408761
0.46242932563916783 0.46242932563916783 0.4624293256391675
0.46242932563916783 4.870934942731235 2.497124225835506
0.46242932563916783 3.2808117033077306 1.7632211922554286
0.46242932563916783 3.0279932746258216 1.7452113001324951
0.46242932563916783 0.46242932563916783 0.4624293256391675
0.46242932563916783 0.46242932563916783 0.4624293256391675
0.46242932563916783 0.46242932563916783 0.4624293256391675
0.46242932563916783 5.543363087704016 3.0028962066715925
0.46242932563916783 0.46242932563916783 0.4624293256391675
0.46242932563916783 0.46242932563916783 0.4624293256391675
0.46242932563916783 5.721415200564625 2.889653575604764
0.46242932563916783 0.46242932563916783 0.4624293256391675
0.46242932563916783 0.46242932563916783 0.4624293256391675
0.46242932563916783 0.46242932563916783 0.4624293256391675
0.46242932563916783 0.46242932563916783 0.4624293256391675
0.46242932563916783 2.9753163139591163 1.6222233202483756
0.46242932563916783 0.46242932563916783 0.4624293256391675
0.46242932563916783 0.46242932563916783 0.4624293256391675
0.46242932563916783 2.841252063218264 1.5603475122141357
