3.096034719751778 7.624887196281804 5.757222149448041
3.096034719751778 6.630957555609847 5.424451346384051
3.096034719751778 4.311437671942134 4.264691404550195
3.096034719751778 4.509811704951993 4.356248650554746
3.096034719751778 4.593634425640747 4.1796010416525355
3.096034719751778 4.5843319573593 4.447946030115022
3.096034719751778 4.412853884797325 4.362206993834038
3.096034719751778 4.412853884797325 4.362206993834038
3.096034719751778 4.413663078722429 4.3625804679533156
3.096034719751778 4.413663078722429 4.362985064915868
3.096034719751778 6.2936836633139635 5.230686873188885
3.096034719751778 6.2936836633139635 6.170697165484652
3.096034719751778 7.054440611703848 6.521815757049215
3.096034719751778 9.216339087726976 8.19296566338303
3.096034719751778 6.150698187092509 5.696842971146811
3.096034719751778 4.375842523674134 4.302875611910249
3.096034719751778 4.5659937915743 4.5031622989643285
3.096034719751778 4.5534045811099375 4.4973518941346216
3.096034719751778 4.5534045811099375 4.4973518941346216
3.096034719751778 4.5534045811099375 4.4973518941346216
3.096034719751778 4.5534045811099375 4.4973518941346216
3.096034719751778 4.5534045811099375 4.4973518941346216
3.096034719751778 4.555211539149823 4.38173468238465
3.096034719751778 4.496091543452511 3.9746842458878215
3.096034719751778 4.115617790937108 3.865173005202745
3.096034719751778 4.179933552546789 3.971321833125908
3.096034719751778 3.818266396534462 3.7904882551197456
3.096034719751778 5.030880820694836 4.396795467199931
3.096034719751778 3.877146119398575 3.7260435758477017
3.096034719751778 6.477214038847794 5.068975376262109
3.096034719751778 8.644069988597963 7.940466987030164
3.096034719751778 8.839516260500613 8.443594955294607
3.096034719751778 9.057734883686257 8.817249806246913
3.096034719751778 9.04966347390565 8.817669052742492
3.096034719751778 6.529851179786466 6.3592356513842345
3.096034719751778 6.4463355732511936 6.313965576310637
3.096034719751778 6.331646410192551 5.870655840442874
3.096034719751778 5.602467816604985 5.5060665436490925
3.0915973588145076 6.045783593527307 4.568861143899264
3.0915973588145076 3.124945647542948 3.108271503178729
3.030833050002905 3.0915973588145076 3.034238267755688
0.8689174062425349 3.0329693079075786 1.9508611933094926
0.8689174062425349 0.8689174062425349 0.8689174062425346
0.8689174062425349 5.38241340027777 4.321979638463582
0.8689174062425349 3.4609315825166296 3.361238729583012
0.8689174062425349 3.1090776521180996 2.1067341250765446
0.8689174062425349 1.1240133640176926 1.1142019810263402
0.8689174062425349 5.138291894211072 3.12134124612303
0.8689174062425349 1.1240133640176926 1.1142019810263402
0.8689174062425349 1.1240133640176926 1.1142019810263402
0.8689174062425349 1.1198124638472433 1.000076912524676
0.8689174062425349 3.4977823560644095 2.18906185863326
0.8689174062425349 3.4723418451008397 2.1763416031514753
0.8689174062425349 5.648653603768604 3.8017047067992538
0.8689174062425349 2.322427825024214 2.2665235781479955
0.8689174062425349 2.322427825024214 2.2665235781479955
0.8689174062425349 2.322427825024214 2.2665235781479955
0.8689174062425349 2.322427825024214 2.2665235781479955
0.8689174062425349 2.322427825024214 2.2665235781479955
0.8689174062425349 2.322427825024214 2.2665235781479955
0.6146014009641161 1.4512381475949927 1.010522822689075
0.6146014009641161 2.332709913416768 1.4075745605576482
0.6146014009641161 0.6146014009641161 0.6146014009641158
0.6146014009641161 0.6146014009641161 0.6146014009641158
0.6146014009641161 0.6146014009641161 0.6146014009641158
0.6146014009641161 1.0136703367421984 0.798787063630923
0.6146014009641161 0.6146014009641161 0.6146014009641158
0.6146014009641161 2.4936386518530083 1.5541200264085626
0.5099972599360858 2.43948337478777 1.4787635535553139
0.5099972599360858 0.6276543272693762 0.5643005217822196
0.5099972599360858 5.114155542983443 2.8120764014597635
0.5099972599360858 3.148035673607954 1.8290164667720201
0.5099972599360858 3.297871494160536 1.903934377048311
0.5099972599360858 3.177574550379973 2.8087600347603887
0.5099972599360858 2.6007745407411957 2.5203600299410005
0.5099972599360858 4.211878207958641 3.325911863549721
0.5099972599360858 5.339801524605424 3.889873521873113
0.5099972599360858 5.237442942231652 3.8188182866302274
0.5099972599360858 3.2742224266416646 3.1509383501648336
0.5099972599360858 3.1353982624426746 2.591006906236344
0.5099972599360858 2.174667074204504 2.110641312117258
0.5099972599360858 2.174667074204504 2.110641312117258
0.5099972599360858 2.174667074204504 2.110641312117258
0.5099972599360858 2.174667074204504 2.110641312117258
0.5099972599360858 2.174667074204504 2.110641312117258
0.5099972599360858 2.174667074204504 2.110641312117258
0.5099972599360858 2.903041334829315 2.3014872797430366
0.5099972599360858 2.7733927801131206 1.641695020024603
0.5099972599360858 2.7733927801131206 2.6863391062601583
0.5099972599360858 4.103971697395792 3.351628564901494
0.5099972599360858 0.5099972599360858 0.5099972599360855
0.5099972599360858 0.5099972599360858 0.5099972599360855
0.5099972599360858 3.2001561802610436 1.855076720098565
0.5099972599360858 3.1510003744279804 1.72892177431696
0.5099972599360858 0.5099972599360858 0.5099972599360855
0.5099972599360858 2.81107885485017 1.5720349191272016
0.5099972599360858 5.401635717189688 2.9558164885628875
0.5099972599360858 5.539755112295868 3.024876186115976
0.5099972599360858 5.02509580545302 2.7675465326945528
0.5099972599360858 0.5099972599360858 0.5099972599360855
