3.2120720155192655 7.751376403178295 5.746290236318673
3.2120720155192655 7.575737366554488 5.6884461856693775
3.2120720155192655 4.52412217621028 4.330968408070219
3.2120720155192655 4.52412217621028 4.4560805037577875
3.2120720155192655 4.543316301015132 4.468932683521834
3.2120720155192655 4.543316301015132 4.492114597726827
3.2120720155192655 4.543316301015132 4.492114597726827
3.2120720155192655 4.543316301015132 4.492114597726827
3.2120720155192655 4.543316301015132 4.492114597726827
3.2120720155192655 6.745368401552804 6.560718768383898
3.2120720155192655 6.711508983296493 6.516615382662422
3.2120720155192655 6.552047969449237 6.409437588064246
3.2120720155192655 6.5628608760617055 6.4311934804238415
3.2120720155192655 6.579336758327241 6.443727527875491
3.2120720155192655 6.574961130304338 5.728684422597709
3.2120720155192655 6.666760866753243 6.088175288457176
3.2120720155192655 6.666760866753243 6.170802248335706
3.2120720155192655 8.163510533385429 7.327707122643583
3.2120720155192655 8.163510533385429 7.973070590390574
3.2120720155192655 8.163510533385429 7.973070590390574
3.2120720155192655 8.163510533385429 6.122106822676491
3.2120720155192655 9.851113088228505 6.885620132568325
3.2120720155192655 3.979131773690551 3.8377817892848616
3.2120720155192655 6.6180765392602225 5.146668298126921
3.2120720155192655 4.380444083056769 3.8336982918429703
3.0969354805853873 6.5862804872591205 4.84603631218894
3.0969354805853873 5.959531404582297 4.951453365180555
3.0969354805853873 4.163575012240113 4.12255041486878
3.0969354805853873 4.163575012240113 4.12255041486878
3.0969354805853873 4.163575012240113 4.12255041486878
3.0969354805853873 4.163575012240113 4.12255041486878
3.0969354805853873 6.274129129907223 5.096652315330521
3.0969354805853873 6.174312293100986 5.174072182633362
3.0969354805853873 6.6699393896529635 6.409364434472403
3.0969354805853873 4.7891946041332325 4.378842521543657
3.0969354805853873 7.5010000689180725 6.760395454921407
3.0969354805853873 5.595574925072874 5.488203484874197
3.0969354805853873 6.169858578645538 5.788560384536575
3.0969354805853873 5.6436408902783874 5.545690682213275
3.0969354805853873 5.208684502293853 4.632856611051732
3.0969354805853873 5.478130277730301 5.38621796399004
3.0969354805853873 5.586751401826348 5.405936872599317
3.0969354805853873 6.368778633327196 4.693923847425309
3.0969354805853873 3.270749304042021 3.264064156985998
3.022096749634738 3.2625386379101937 3.1451961065013383
3.022096749634738 3.2625386379101937 3.253290872976524
3.022096749634738 3.2625386379101937 3.253290872976524
3.022096749634738 3.89267515989765 3.5441231138938107
3.022096749634738 5.58125421683992 5.458327675590616
3.022096749634738 4.533080723978141 4.089093917997106
3.022096749634738 4.907848316689442 4.360419527575867
3.022096749634738 3.878898570864586 3.84594465466344
3.022096749634738 3.878898570864586 3.84594465466344
3.022096749634738 5.836661513815166 5.371459528282111
3.022096749634738 6.845217744062225 5.8565013010195255
3.022096749634738 6.8347850578026215 5.650575014142577
3.022096749634738 5.873270820290781 5.632802889422394
3.022096749634738 6.027943164305235 5.834997514810681
3.022096749634738 6.504643279386492 6.132349124547722
3.022096749634738 7.273478010936003 5.790178150805913
3.022096749634738 4.413943419095908 4.23792071386382
3.022096749634738 4.372802948232309 4.164018891848942
3.022096749634738 4.372802948232309 4.320852709824708
3.022096749634738 4.372802948232309 4.320852709824708
3.022096749634738 4.540946612173382 4.404924541795247
2.899910277131877 5.9508475496748865 4.312734651863378
2.899910277131877 5.9508475496748865 5.833503808423233
2.899910277131877 5.9508475496748865 4.650756470187742
2.899910277131877 6.074528825947336 4.671173766837173
2.899910277131877 5.9324942573852475 5.806013688800975
2.899910277131877 5.9324942573852475 4.6347900672483995
2.899910277131877 3.3735171771098575 3.3553015271107065
2.899910277131877 3.3735171771098575 3.3553015271107065
2.899910277131877 3.3735171771098575 3.2198004372906226
2.899910277131877 3.3735171771098575 3.3553015271107065
2.899910277131877 6.02015865925123 5.785758969687111
2.899910277131877 6.118674357174051 5.83501681864852
2.899910277131877 6.6625757370364695 6.281642080363584
2.899910277131877 8.75595769552827 6.539011632304872
2.899910277131877 8.75595769552827 8.530725102513028
2.899910277131877 13.028520287331945 12.568290513407998
2.899910277131877 4.27506238045509 3.534595863281054
2.899910277131877 7.689326022936465 5.797985903780216
2.899910277131877 4.27506238045509 4.2221719149426615
2.899910277131877 4.27506238045509 4.2221719149426615
2.899910277131877 4.27506238045509 4.2221719149426615
2.899910277131877 4.27506238045509 4.2221719149426615
2.899910277131877 4.27506238045509 4.2221719149426615
2.899910277131877 4.27506238045509 4.2221719149426615
2.899910277131877 6.062114556778898 5.115698003104561
2.899910277131877 4.27506238045509 4.2221719149426615
2.899910277131877 4.27506238045509 4.2221719149426615
2.899910277131877 4.448261144829175 4.3087712971297
2.899910277131877 4.275435770346409 4.200481503295172
2.7298714449185018 6.043216072863217 4.393083713975989
2.7298714449185018 6.043216072863217 5.91577974101919
2.7298714449185018 6.043216072863217 5.906089993665602
2.7298714449185018 6.023836578156043 5.897145611493064
2.7298714449185018 6.023836578156043 5.897145611493064
2.7298714449185018 6.023836578156043 5.897145611493064
