2.5248513880377037 7.7198155629941585 5.689822102133056
2.5248513880377037 7.389063403850075 6.784017057580528
2.5248513880377037 6.553140866373472 6.045662428026345
2.5248513880377037 6.553140866373472 6.398206655668248
2.5248513880377037 6.553140866373472 6.398206655668248
2.5248513880377037 6.259792691155347 5.218106900978213
2.5248513880377037 7.494485203385464 6.465115311868392
2.5248513880377037 7.901896985561223 6.597489460757076
2.5248513880377037 9.600339264315565 8.612189154518124
2.5248513880377037 9.600339264315565 9.32820511522795
2.5248513880377037 9.600339264315565 9.32820511522795
2.5248513880377037 9.600339264315565 9.32820511522795
2.5248513880377037 9.600339264315565 6.668725188343288
2.5248513880377037 4.281379410546226 4.213820640449741
2.5248513880377037 4.281379410546226 3.7666591666033202
2.5248513880377037 3.6205780828328256 3.4396047138445476
2.5248513880377037 3.6242716287195553 3.2950164933431165
2.5248513880377037 4.405408525403232 3.63162706976409
2.5248513880377037 3.002503855460756 2.984132606713717
2.5248513880377037 3.591731948836149 3.425064357300623
2.5248513880377037 6.4366006731479715 4.96405793487586
2.5248513880377037 4.372649275772336 3.9012907453500394
2.5248513880377037 6.489510396471793 5.372325621253075
2.5248513880377037 6.489510396471793 6.337023511532018
2.5248513880377037 7.906561643293301 7.572014728622746
2.5248513880377037 7.651445525894934 7.454268828285038
2.5248513880377037 7.783937307653559 7.515418881404405
2.5248513880377037 8.160753502684376 7.190454799502869
2.5248513880377037 8.51960728301003 7.9506371039695445
2.5248513880377037 9.154497904630123 8.568556193061113
2.5248513880377037 9.154497904630123 8.820322011202752
2.5248513880377037 8.99611892674403 7.549459237370533
2.5248513880377037 10.681517576135576 7.9448720872495375
0.6823945571853725 5.722314281157253 3.273218143434865
0.6823945571853725 5.0458597289369145 2.864127143061145
0.6823945571853725 0.6823945571853725 0.6823945571853721
0.6823945571853725 3.430175788370367 1.9506012792707554
0.6823945571853725 0.6823945571853725 0.6823945571853721
0.6823945571853725 3.228112510837239 1.9552535340113066
0.6823945571853725 0.6823945571853725 0.6823945571853721
0.6823945571853725 0.6823945571853725 0.6823945571853721
0.6823945571853725 3.1937952817086424 1.841502583888421
0.6823945571853725 0.6823945571853725 0.6823945571853721
0.6823945571853725 0.6823945571853725 0.6823945571853721
0.6823945571853725 0.6823945571853725 0.6823945571853721
0.6823945571853725 0.6823945571853725 0.6823945571853721
0.6823945571853725 2.782081122561046 1.6514806642818376
0.6823945571853725 5.428962985862075 2.898297908941935
0.6823945571853725 0.7327534803815401 0.7308165987201487
0.6823945571853725 4.9818752685023355 2.8694914874448147
0.6823945571853725 3.0045549313936886 1.794630506227431
0.6823945571853725 5.602465330444822 3.242483265214474
0.6823945571853725 4.994636177487617 2.938568688735873
0.6823945571853725 0.8991767535506878 0.8908389767674062
0.6823945571853725 0.8991767535506878 0.8908389767674062
0.6823945571853725 0.8991767535506878 0.8908389767674062
0.6823945571853725 5.185937250687637 2.8693438215998452
0.6823945571853725 8.755792431380216 5.15229276101008
0.6823945571853725 6.152632701089512 3.89303528154711
0.6823945571853725 10.281945821292494 8.980137415745018
0.6823945571853725 8.103416699715412 6.951986898504652
0.6823945571853725 8.103416699715412 7.817992771156564
0.6823945571853725 0.6823945571853725 0.6823945571853721
0.6823945571853725 0.6823945571853725 0.6823945571853721
0.6823945571853725 6.439044047539756 3.560719302362564
0.6823945571853725 3.681261357503083 2.066486926562778
0.6823945571853725 4.464290291034629 2.42788489588503
0.6823945571853725 4.927352734354319 4.5325538904956675
0.6823945571853725 5.6471370752435845 3.9875606636526895
0.6823945571853725 4.1449456565012746 3.662314129893743
0.6823945571853725 5.677184237596499 4.4248235581822595
0.6823945571853725 3.5566774695688754 3.4461281267848967
0.6823945571853725 5.777992955498089 4.456741822837142
0.6823945571853725 3.339915367925425 3.23770302905081
0.6823945571853725 3.339915367925425 3.23770302905081
0.6823945571853725 5.883353184810694 5.432787085614807
0.6823945571853725 6.656523725544897 4.475294958134749
0.6823945571853725 3.62777734495257 2.46187951333995
0.6823945571853725 1.5225495884786509 1.4902359334289097
0.5434914327774938 1.7454303063820373 1.1035748792260474
0.5434914327774938 0.7288407686724168 0.6599632246559423
0.5434914327774938 5.734921743682399 5.053299674981992
0.5434914327774938 0.5434914327774938 0.5434914327774935
0.5434914327774938 0.5434914327774938 0.5434914327774935
0.5434914327774938 0.5434914327774938 0.5434914327774935
0.5434914327774938 0.5434914327774938 0.5434914327774935
0.5434914327774938 5.168905221239733 2.856198327008614
0.5434914327774938 0.5434914327774938 0.5434914327774935
0.5434914327774938 0.5434914327774938 0.5434914327774935
0.5434914327774938 0.5434914327774938 0.5434914327774935
0.5434914327774938 0.5434914327774938 0.5434914327774935
0.5434914327774938 0.5434914327774938 0.5434914327774935
0.5434914327774938 3.066785462280159 1.8051384475288261
0.5434914327774938 4.197870481404589 3.5352782014768875
0.5434914327774938 3.6360207308841272 2.365703024267766
0.5434914327774938 5.468159947996504 3.1153578838519445
0.5434914327774938 1.1413764747242294 1.118380896187816
0.5434914327774938 1.1413764747242294 1.118380896187816
0.5434914327774938 1.1413764747242294 1.118380896187816
0.5434914327774938 3.023985635544087 2.0596854765977457
