3.264322816320274 7.707651638738401 5.335022311990367
3.0857408607997 4.562001286263186 3.830739610282234
3.0857408607997 4.542550838299697 4.071670704026531
3.0857408607997 4.542550838299697 4.100644108974677
3.0857408607997 3.75923215408335 3.4821900858566885
3.0857408607997 3.2150986140325526 3.210123315831291
3.0857408607997 5.991112180179712 5.25096382290866
3.0857408607997 6.0722692865609 5.868467395987836
3.0857408607997 6.014229799708367 5.87852369386242
3.0857408607997 6.037952304253352 5.908062628964791
3.0857408607997 6.346293735978765 4.912019700458408
3.0857408607997 9.72639955287963 6.864854225862215
3.0857408607997 4.079772902015225 4.041540900430011
3.0857408607997 4.831924954975985 4.417616926910393
3.0857408607997 4.833448439069787 4.326615977536739
3.0857408607997 3.880953737270691 3.850368626637191
3.0857408607997 3.880953737270691 3.850368626637191
3.0857408607997 3.880953737270691 3.850368626637191
3.0857408607997 5.976271789681729 4.817438496980747
3.0857408607997 3.880953737270691 3.850368626637191
3.0857408607997 3.880953737270691 3.8090352718001457
3.0857408607997 4.852679099291485 4.336231307647589
3.0857408607997 6.661083841402068 5.61936827878515
3.0857408607997 6.421313334216759 5.508704967776544
3.0857408607997 4.852679099291485 4.784719936272573
3.0857408607997 4.852679099291485 4.784719936272573
3.0857408607997 4.852679099291485 4.784719936272573
3.0857408607997 6.625253990412183 5.6710073818329185
3.0857408607997 6.625253990412183 6.489118870042469
3.0857408607997 5.520925798733547 4.723375332700944
3.0857408607997 3.995831867157396 3.9608283669128688
3.0857408607997 6.02643908551358 4.8980316984618755
3.0857408607997 7.6298894847823835 5.922507755229633
3.0857408607997 7.6298894847823835 5.770336200398145
3.0857408607997 7.7606212554072815 7.515452277994539
3.0857408607997 7.6298894847823835 5.873823551391926
3.0857408607997 4.467307512153987 4.4141703332557425
3.0857408607997 4.467307512153987 4.4141703332557425
3.0857408607997 4.467307512153987 4.2168159878448135
3.0857408607997 4.039706430430307 4.003015446982974
3.0857408607997 4.039706430430307 4.003015446982974
3.0857408607997 4.039706430430307 4.003015446982974
3.0857408607997 4.039706430430307 4.003015446982974
3.0857408607997 4.039706430430307 4.003015446982974
3.0857408607997 4.068063007393977 4.016103097889286
3.0857408607997 6.336701916993579 5.240531741455039
3.0857408607997 4.026765940863434 3.907912254322871
3.0857408607997 5.275996573638345 5.17230997332181
3.0857408607997 6.762412818698948 5.877794236249443
3.0857408607997 5.275996573638345 5.191755969298393
1.4935739494480598 4.229067553260116 2.922557940252229
1.4935739494480598 5.65996399708721 3.4165232022045915
1.4935739494480598 1.4935739494480598 1.4935739494480602
1.4935739494480598 3.4058155750723285 2.7345414210267203
1.4935739494480598 5.794290627621233 4.150532876055436
1.4935739494480598 3.9070974960931193 3.5370409219394268
1.4935739494480598 5.154870860220971 4.159772485761711
1.4935739494480598 5.697854746600608 4.492860851473696
1.4935739494480598 7.256619120679115 6.3183996223590615
1.4935739494480598 7.479272354845072 7.04377111544509
1.4935739494480598 8.470079744578438 5.5216370657182425
1.4935739494480598 5.085480539471607 4.045491033333989
1.4935739494480598 3.28180203412126 3.213024030864599
1.4935739494480598 3.28180203412126 3.213024030864599
1.4935739494480598 4.324871206974155 3.7345586172910457
1.4935739494480598 3.28180203412126 3.213024030864599
1.4935739494480598 3.416645268089685 3.2752593696192567
1.4935739494480598 6.243032923561717 5.283422998211956
1.4935739494480598 6.243032923561717 4.614826083987413
1.4935739494480598 5.816438019748027 4.7344652841430825
1.4935739494480598 5.653447411595998 3.4135155473624943
1.4935739494480598 1.4935739494480598 1.4935739494480602
1.4935739494480598 1.4935739494480598 1.4935739494480602
1.4935739494480598 2.9633105374152398 2.455927737161755
1.4935739494480598 5.881035040202345 5.055835559526519
1.4935739494480598 4.458724589634244 4.344680334242468
1.4935739494480598 4.458724589634244 4.344680334242468
1.4935739494480598 4.458724589634244 3.7270489116861936
1.4935739494480598 5.952924307687649 3.885184068518503
1.4935739494480598 7.57086647790938 5.613640685145142
1.4935739494480598 5.284862593726498 4.135131961337778
1.4935739494480598 6.382367243300276 4.629796554340651
1.4935739494480598 4.790177535691278 3.969292411781022
1.4935739494480598 4.911970926907909 4.025504746188699
1.4935739494480598 3.401992179120246 3.3285914779790082
1.4935739494480598 3.401992179120246 3.3285914779790082
1.4935739494480598 3.401992179120246 3.3285914779790082
1.4935739494480598 3.401992179120246 3.3285914779790082
1.4935739494480598 5.662239994695057 4.458715385766413
1.4935739494480598 5.698257443375812 5.472755707507092
1.4935739494480598 5.571813093464208 4.3194667855176965
1.4935739494480598 3.4688200105011657 3.3522387791326036
1.4935739494480598 4.660542140905562 3.606962656085353
1.4935739494480598 6.2046944550513174 3.952822761074577
1.4935739494480598 5.295569648898489 3.741489746391771
1.4935739494480598 7.487302882629118 6.238202778454773
1.4935739494480598 7.487302882629118 7.256774846737538
1.4935739494480598 8.615683660503963 6.972243008514678
1.4935739494480598 8.615683660503963 6.329611443239609
1.4935739494480598 4.591393819133401 4.472246901068581
