2.740123948001806 6.954136800890048 5.238511036296545
2.740123948001806 8.59676527974124 8.172467603706373
2.740123948001806 10.09648634973445 9.37497802130824
2.740123948001806 12.980471655515618 11.03582095373093
2.740123948001806 13.104105816286443 12.561492095314138
2.740123948001806 13.197935775305746 9.123545048016743
2.740123948001806 7.45107201436503 6.660316305049374
2.740123948001806 6.030697594994994 5.318768294237628
2.740123948001806 4.594872577791666 3.7217632602120143
2.740123948001806 4.594872577791666 4.523536092030515
2.740123948001806 4.594872577791666 4.523536092030515
2.740123948001806 4.594872577791666 4.523536092030515
2.740123948001806 5.426483181542039 4.907873161617646
2.740123948001806 4.595906159657883 4.524529920748036
2.740123948001806 5.869652656297571 5.112412919197123
2.740123948001806 4.849244803807714 3.8530316102718434
2.740123948001806 4.849244803807714 4.463040543221879
2.740123948001806 5.385467639445849 4.202912816949681
2.740123948001806 6.740223421464497 5.224252811794354
2.740123948001806 7.345582134166602 6.491208259475774
2.740123948001806 7.362774213822481 4.934920715290474
0.43904528721643077 5.555890952406607 3.0859711452263405
0.43904528721643077 2.639233935520267 1.5391396113683486
0.43904528721643077 0.43904528721643077 0.43904528721643055
0.43904528721643077 0.43904528721643077 0.43904528721643055
0.43904528721643077 5.670851229930538 3.054948258573483
0.43904528721643077 0.43904528721643077 0.43904528721643055
0.43904528721643077 0.43904528721643077 0.43904528721643055
0.43904528721643077 3.090261255665752 1.6626834265007326
0.43904528721643077 3.277144767725599 2.5409649244862837
0.43904528721643077 2.0231004259015184 1.9621752282597842
0.43904528721643077 2.0231004259015184 1.9621752282597842
0.43904528721643077 3.254169164372961 2.5777095974955055
0.43904528721643077 3.036781997487538 2.5130806265477785
0.43904528721643077 3.036781997487538 2.9368690470924954
0.43904528721643077 3.130453985203389 2.983367748139653
0.43904528721643077 3.130453985203389 3.0269382660500446
0.43904528721643077 3.130453985203389 3.010996776776627
0.43904528721643077 3.113138657373629 2.6602448551866025
0.43904528721643077 3.2681703537875006 2.855842402212576
0.43904528721643077 5.641495204732781 4.24718465009813
0.43904528721643077 5.7719169277877285 4.307379291508106
0.43904528721643077 3.374618299254625 3.162865948450005
0.43904528721643077 6.319281970613087 4.996770477651708
0.43904528721643077 4.4914654709077695 4.186673710830679
0.43904528721643077 4.804642701484877 3.8396489045984077
0.43904528721643077 5.716848171114673 4.532060568072973
0.43904528721643077 5.5764650295293166 4.65456373869196
0.43904528721643077 7.084638685966812 5.519819351579416
0.43904528721643077 7.176219768804815 5.717060823830615
0.43904528721643077 8.5395891258021 8.153153397600855
0.43904528721643077 9.674613216981966 6.2319452622884475
0.43904528721643077 2.985129975959801 2.8872036417773645
0.43904528721643077 3.4405586036544133 3.097401469944109
0.43904528721643077 4.90101284637602 4.361465381936532
0.43904528721643077 7.25133038516751 5.860882621657037
0.43904528721643077 5.573745651355747 4.9962590082397345
0.43904528721643077 4.813749316211364 4.645491468942326
0.43904528721643077 5.665080721177148 4.087526771327217
0.43904528721643077 0.43904528721643077 0.43904528721643055
0.43904528721643077 0.43904528721643077 0.43904528721643055
0.43904528721643077 0.43904528721643077 0.43904528721643055
0.43904528721643077 0.43904528721643077 0.43904528721643055
0.43904528721643077 0.43904528721643077 0.43904528721643055
0.12572611140348444 4.731839333237183 2.2636752590118436
0.12572611140348444 6.275655294428212 3.200690702915849
0.12572611140348444 4.283616026188366 2.2046710687959252
0.12572611140348444 0.12572611140348444 0.12572611140348444
0.12572611140348444 0.12572611140348444 0.12572611140348444
0.12572611140348444 0.12572611140348444 0.12572611140348444
0.12572611140348444 3.0171273159872602 1.5714267136953726
0.12572611140348444 0.12572611140348444 0.12572611140348444
0.12572611140348444 0.12572611140348444 0.12572611140348444
0.12572611140348444 4.751516379302682 2.4386212453530836
0.12572611140348444 0.12572611140348444 0.12572611140348444
0.12572611140348444 0.12572611140348444 0.12572611140348444
0.12572611140348444 2.726938421065498 1.3262856389397986
0.12572611140348444 5.668878337758482 3.4157915714100913
0.11289252029597252 2.017763047102243 1.0658213833570886
0.11289252029597252 7.218728983326201 3.6658107518110867
0.11289252029597252 0.11289252029597252 0.11289252029597252
0.11289252029597252 0.11289252029597252 0.11289252029597252
0.11289252029597252 4.90750958349733 2.325792703311983
0.11289252029597252 0.11289252029597252 0.11289252029597252
0.11289252029597252 3.043481729107896 1.4654721551322447
0.11289252029597252 0.11289252029597252 0.11289252029597252
0.11289252029597252 0.11289252029597252 0.11289252029597252
0.11289252029597252 0.11289252029597252 0.11289252029597252
0.11289252029597252 0.11289252029597252 0.11289252029597252
0.11289252029597252 4.453899226140145 2.1164340768394365
0.11289252029597252 2.670471648564313 1.2933136564198218
0.11289252029597252 0.11289252029597252 0.11289252029597252
0.11289252029597252 0.18269185482136452 0.14779218755866852
0.11289252029597252 3.167651097874384 1.640271809085178
0.11289252029597252 2.7763419905655806 1.4446172554307766
0.11289252029597252 2.670249869923467 1.3915711951097196
0.11289252029597252 2.659359653646384 1.2881850433807776
0.11289252029597252 0.11289252029597252 0.11289252029597252
0.11289252029597252 0.11289252029597252 0.11289252029597252
0.11289252029597252 0.11289252029597252 0.11289252029597252
