4.8336380166396395 7.715370607166921 5.635932157967601
4.8336380166396395 7.592378783402939 6.256938428585039
4.8336380166396395 7.050988286647883 5.783466768274753
4.8336380166396395 6.0162932125979545 4.7574768844152855
4.8336380166396395 6.5515781968633355 5.032860630906936
4.8336380166396395 6.572870315987952 4.271034948588942
4.8336380166396395 6.5515781968633355 4.753195906100555
4.8336380166396395 6.4715612886678535 5.781369541094612
4.8336380166396395 6.4715612886678535 5.476217732802702
4.8336380166396395 6.658701137985961 5.571031750737328
4.8336380166396395 7.115477563760795 6.591659256824998
4.8336380166396395 10.199234294771614 8.077740652043277
4.8336380166396395 10.199234294771614 7.584172830432539
4.8336380166396395 8.762202008615017 4.710782896297365
4.8336380166396395 7.090452695818669 4.53349590603031
4.8336380166396395 8.103720528955748 5.941150342783037
4.8336380166396395 8.586064849808317 6.217950942666528
4.8336380166396395 8.586064849808317 5.930597451833348
4.8336380166396395 8.586064849808317 4.6490928530191775
4.8336380166396395 4.758288997266742 4.228453597208987
4.8336380166396395 6.578374370055364 5.719225277238321
4.8336380166396395 9.13218652785193 7.225906899179426
4.8336380166396395 9.13218652785193 6.0905063664898265
4.8336380166396395 10.942552012761768 8.017801886894103
4.8336380166396395 11.854678469112635 7.5670863741780945
4.8336380166396395 10.692745671083866 3.9765801549571838
4.8336380166396395 5.502743342081661 4.342889796948615
4.8336380166396395 6.943514337120911 4.889441154490197
4.8336380166396395 7.24798702334628 5.994905584437878
4.8336380166396395 7.263465038723982 5.2417728106313515
4.8336380166396395 7.263465038723982 5.899567716614412
4.8336380166396395 6.16957985837297 5.018979072790698
4.8336380166396395 6.217350105262437 4.434953079655084
4.8336380166396395 6.632553343065318 5.506559445021672
4.8336380166396395 7.649497004680494 5.358409747389486
4.8336380166396395 7.649497004680494 5.22850939518761
4.8336380166396395 7.777926656854012 6.421168614483373
4.8336380166396395 7.777926656854012 5.2316025570880695
4.8336380166396395 6.120693857203481 5.136226493475131
4.8336380166396395 6.0714568448881 4.968044468733869
4.8336380166396395 6.232710193176505 5.2872609472806165
4.8336380166396395 6.261433417853286 5.239789478012088
4.8336380166396395 6.261433417853286 5.555218200501701
4.8336380166396395 6.306464959600181 5.459461208527487
2.9217961092242146 6.241476698334125 4.434747312257452
2.9217961092242146 3.879023507325407 5.42120020125105
2.9217961092242146 5.225798726512057 3.9592393679900892
2.9217961092242146 6.460419789187107 3.8816003992353245
2.9217961092242146 6.333064855388056 4.8954782728323005
2.9217961092242146 7.5296145218854615 5.004507837278784
