2.1283132087231107 7.712036191451709 5.5014834608146295
2.1283132087231107 6.652688896752306 3.7397005058271704
2.1283132087231107 7.564851059832485 3.3859363797150395
1.5641513956118733 4.376248248528178 3.2806796731469468
1.5641513956118733 5.672491774887455 4.251703069321099
1.5641513956118733 5.910936244184914 4.156540344856944
1.5641513956118733 5.910936244184914 2.742062612343223
0.6852350563924472 5.111287188414099 2.825089418925854
2.9776320568648065 5.111287188414099 0.8966863684046207
2.9776320568648065 3.866652887693029 3.0470218768718205
2.9776320568648065 3.9134018195936027 3.2476152645371155
2.829709089722869 5.07817437124325 4.203933471797296
2.829709089722869 5.505768939970654 4.381972959909355
2.829709089722869 6.296359805663442 5.8089176600435835
2.829709089722869 7.694446860493507 5.929154569134661
2.829709089722869 7.694446860493507 6.2189337163194764
2.829709089722869 5.982337851724559 4.5470702489067305
2.829709089722869 6.437260478087953 5.390389967214379
2.829709089722869 6.437260478087953 5.524633305843812
2.829709089722869 6.817330643406802 6.229306342169428
2.829709089722869 6.817330643406802 6.218328670833114
2.829709089722869 6.817330643406802 6.116780668420002
2.829709089722869 7.241655621664693 6.125786427001966
2.829709089722869 7.241655621664693 6.467688123452965
2.829709089722869 7.241655621664693 6.517461039198889
2.829709089722869 7.742910637424677 7.05499134171609
2.829709089722869 7.742910637424677 6.4635586016801065
2.829709089722869 6.592658279298746 5.6767594346164465
2.829709089722869 6.857635260589548 5.806527878489968
2.829709089722869 6.857635260589548 5.433349694945338
5.833818489830218 5.495665665448456 3.9009766983556227
2.829709089722869 5.833818489830218 5.342565440581259
2.829709089722869 6.586176018637968 5.433014921123571
2.829709089722869 6.958820333606429 5.428641702741431
2.829709089722869 6.958820333606429 4.993117223608905
2.829709089722869 6.412602052008964 4.992711307809242
2.829709089722869 6.547646983104627 5.823288184469295
2.829709089722869 7.705442068738648 5.479994882991857
2.829709089722869 7.705442068738648 7.267127929819327
2.829709089722869 7.593894671590837 5.671845865365706
1.711135195340184 7.56708447579895 3.282604318620311
5.165365656922347 5.687427740470156 3.5304467405440096
1.711135195340184 6.088280536906279 3.0857256535308784
1.711135195340184 5.438529105588799 4.4940603627294715
1.0271351845127872 7.339245600103808 3.860924938979518
1.0271351845127872 6.442186297135141 5.436366150979512
5.871107673183783 6.442186297135141 3.9470433017261697
5.871107673183783 5.4990296946121475 4.224931041230304
1.711135195340184 8.913442877829986 5.756453569114322
1.711135195340184 8.913442877829986 4.548468861012385
