5.072991549474324 7.766232708290239 5.413777825028285
5.072991549474324 8.992606127339554 7.392375192518132
5.072991549474324 8.992606127339554 7.359721828935981
1.1554667594795558 8.992606127339554 3.30635133219118
2.827563661251546 5.191716269955677 4.472571268227803
1.1554667594795558 7.634748428204157 5.738393322715199
2.827563661251546 7.634748428204157 6.046921735972717
1.1554667594795558 7.351128473068291 2.370798924773287
1.1554667594795558 4.668392410371222 3.659584735291888
2.765956755111152 6.066839044459073 5.168791176463154
2.765956755111152 6.353558988450139 4.862463469388355
2.765956755111152 6.353558988450139 4.767469261010947
2.765956755111152 6.2268469967500515 4.143818763300966
5.070762191873097 4.435055602395707 2.279968470155137
2.765956755111152 5.339761933036307 4.736397029636831
2.765956755111152 7.259273913816946 5.111099008990137
2.765956755111152 7.259273913816946 4.033109210689482
2.765956755111152 6.070434498552796 5.311972040698542
2.765956755111152 6.909124546375331 5.83530477449651
2.765956755111152 6.129307627551007 5.822936831557555
2.765956755111152 6.560168453223255 5.953620786070004
2.765956755111152 6.560168453223255 5.8741770948782355
2.305134850853943 6.569781177859685 4.473494777535256
3.974724648364671 6.569781177859685 4.446361270412894
3.974724648364671 6.203290217539358 4.729860528484531
3.974724648364671 7.218926900132805 6.411775753228512
3.974724648364671 7.218926900132805 6.328191688557033
3.480060255464292 6.838774457029775 5.227817566494664
3.480060255464292 6.838774457029775 5.303830188599387
3.480060255464292 7.637527856765873 5.771965624025638
3.1339350154848806 7.918311035849678 5.464551717598215
3.1339350154848806 6.642885071955728 5.3732328826144045
3.1339350154848806 6.642885071955728 5.441765142807303
3.1339350154848806 6.642885071955728 5.231509211351817
3.1339350154848806 6.6395628097868915 6.003646537151158
3.1339350154848806 6.263322697204231 5.7517014477553055
3.1339350154848806 7.7151018778963785 6.762084266165155
2.9332974529833185 7.7151018778963785 4.607955586544554
2.9332974529833185 6.234762959438058 4.087853978282963
2.6149714456655393 6.4553521722328 3.4988184504579585
2.6149714456655393 6.4553521722328 3.7865997253430317
2.6149714456655393 5.521715400968471 4.262437529981441
2.6149714456655393 5.669746943145338 4.597803002626295
0.3255506224641782 5.184884664516918 2.876352929897533
0.3255506224641782 7.487689967942188 5.7445864624857075
0.2581303776117996 6.826141142211249 2.4742276611492526
5.562511713191558 5.5864835684279335 4.267645642922043
5.562511713191558 5.671680048153764 3.4919401923189515
5.173175937087834 6.848190591770017 3.738783171245274
0.23537644715843742 6.848190591770017 1.7538235542431293
