1.4509417787284993 7.7776476488181 5.1088301152094395
1.4509417787284993 7.7776476488181 5.660455567734828
1.4509417787284993 7.514785507858248 6.433848551022156
1.4509417787284993 7.514785507858248 6.4265755809733704
1.4509417787284993 7.577755421079255 6.546411145989531
1.9701502044238137 6.569516198727946 1.8604277323284564
1.4509417787284993 7.500985420596688 4.054265119396577
1.4509417787284993 6.049389288994995 5.390063258364659
2.6928018321250176 6.049389288994995 4.371363597847047
2.6928018321250176 7.422083221100216 6.299951850815319
2.6928018321250176 8.016603860032758 5.9591649778166
2.6928018321250176 8.016603860032758 6.120716936558159
2.6928018321250176 3.751612905343706 5.597023166747838
2.6928018321250176 6.115620731148642 4.460958938877121
2.6928018321250176 4.561728506555401 4.2226359111072505
2.6928018321250176 6.74233115091921 5.627081836733916
2.6928018321250176 8.386157480770313 6.532413712419071
2.6928018321250176 8.386157480770313 5.337405648418323
2.6928018321250176 5.623161418515224 4.683551607032303
2.6928018321250176 6.222923973950579 5.242798199327736
2.6928018321250176 6.222923973950579 4.5461994756491
2.6928018321250176 4.608527353799293 4.3368183361698796
2.6928018321250176 5.115265209754334 4.428516005995549
2.6928018321250176 5.115265209754334 4.336049599805512
2.6928018321250176 6.536947570146143 5.216784771537136
2.6928018321250176 6.625534773729871 6.157748445632206
2.6928018321250176 6.580288081918546 5.849763238287692
2.6928018321250176 8.657158541455978 7.239762573917008
2.6928018321250176 8.657158541455978 7.833795271809414
2.6928018321250176 8.657158541455978 5.082716855497778
2.6928018321250176 8.657158541455978 4.882516760150611
2.6928018321250176 5.431594800278933 4.887146671650799
2.6928018321250176 6.357470934450621 4.950308628984875
2.6928018321250176 6.357470934450621 3.966481196361615
2.6928018321250176 6.181895426059782 4.656365258587945
2.6928018321250176 5.227069449497346 4.559042166965466
2.6928018321250176 6.289315015812829 5.191626060602824
2.6928018321250176 8.479159586501082 6.897164980507381
2.6928018321250176 8.479159586501082 6.323247503658767
5.402561548718943 7.07073676980761 3.305017026416162
5.402561548718943 5.613895282290752 2.917104457986095
5.402561548718943 5.5316224874950315 3.3037138968318116
0.36678154053631973 5.643061445959397 3.5315447513677416
0.5580621917489457 3.619692398637366 1.733004100938761
0.36678154053631973 4.648399126357397 3.839089548542022
0.5580621917489457 4.15467121611627 3.528195297634065
0.5580621917489457 4.962447470500344 3.7614876961490613
0.36678154053631973 4.15467121611627 1.6752667880760126
0.36678154053631973 4.882262436950278 3.3364626958209556
0.36678154053631973 4.882262436950278 1.1640515125574509
