3.730125557474086 7.685981879002158 5.351760250015329
3.730125557474086 7.63026425579481 5.548523085293871
3.730125557474086 7.637629862250574 6.109462136140478
3.730125557474086 8.661078414387793 6.92577107888677
3.730125557474086 6.7515784952335505 6.064848698790033
3.730125557474086 6.7515784952335505 4.876364584834823
3.730125557474086 5.44262560642618 4.3725783729624625
3.730125557474086 6.367669738529987 5.159243901481224
3.730125557474086 9.857703185210505 9.082127361003225
3.730125557474086 10.222830952494114 8.927386578118405
3.730125557474086 9.408242176624215 7.6347586123652045
3.730125557474086 11.31813099393531 7.658166650577474
3.730125557474086 9.423077943642191 6.73165790356925
3.730125557474086 9.64311855058388 6.286893435138057
3.730125557474086 13.927043453855205 10.106242686367699
3.730125557474086 13.927043453855205 5.860056699177332
3.730125557474086 7.380191872360852 5.443383402850176
3.730125557474086 9.688763944200584 7.703611897234141
2.4912775989416684 9.688763944200584 5.491366904479202
3.424996450191959 6.637592930629122 6.295331706765803
2.4912775989416684 9.50664875290589 7.867180553101541
2.4912775989416684 9.83857503984508 8.168207296147745
2.4912775989416684 9.83857503984508 8.102703115020983
2.4912775989416684 8.105816949643636 5.665691886538832
2.4912775989416684 7.190293395082685 6.2388301325864575
2.4912775989416684 7.190293395082685 5.76569613612069
2.4912775989416684 7.303777978960982 6.0259574715049755
2.4912775989416684 7.303777978960982 5.817595194621935
2.4912775989416684 6.499516206007986 5.525542218918837
2.4912775989416684 6.560405194991819 5.181619880799045
2.4912775989416684 6.616934509656222 5.814668974236095
2.4912775989416684 6.645698004840117 8.429078907414848
2.4912775989416684 13.107406909260348 9.73157331105742
2.4912775989416684 11.735746329959996 6.712751608426763
2.4912775989416684 4.497588777756356 3.757470403411812
2.4912775989416684 5.878129072911559 4.248515906992369
2.4912775989416684 6.311299020914461 5.966160541527926
2.4912775989416684 7.584454430517132 6.3108232373145885
2.4912775989416684 7.584454430517132 5.120971091035142
2.4912775989416684 6.311299020914461 4.815525648343121
2.4912775989416684 6.311299020914461 4.877458355261546
2.4912775989416684 6.4867543771076654 5.368857594835585
2.4912775989416684 6.4867543771076654 4.937081143801137
2.4912775989416684 6.4867543771076654 4.248704196989438
2.4912775989416684 5.91915133457973 5.224743768056742
2.4912775989416684 6.093851679589154 5.631037094137545
2.4912775989416684 7.478229069708162 5.92639578514089
2.4912775989416684 7.478229069708162 5.591963164833581
2.4912775989416684 5.642842612799143 4.692435689489775
2.150344124127987 6.349042121566953 2.718464598404537
