2.867754871741813 7.619757559170134 5.463735850268753
2.635422506964592 6.976014061453574 6.166696724076231
0.9878303792791461 7.671819536246456 4.564708640071464
5.562834401082991 7.671819536246456 5.171657786406794
5.562834401082991 6.480278862810053 4.552253200672393
3.80041822892148 5.562834401082991 4.514973410881586
5.042708747477398 5.061518672996588 3.9443713496270045
3.175075382979703 5.061518672996588 3.4790202657907288
3.009906287401844 6.258779588530398 4.789982920872662
3.009906287401844 6.627759198128807 4.959199108474643
3.009906287401844 5.746530765518557 4.034360886301873
3.009906287401844 5.564447853522438 4.574649449987915
3.009906287401844 6.569330189234449 5.299378566687256
3.009906287401844 6.569330189234449 4.64802658007845
3.009906287401844 6.6086700118448825 6.161569434069642
3.009906287401844 6.6086700118448825 6.128669167935835
3.009906287401844 7.681186120419955 6.735059509174931
3.009906287401844 7.197495844849891 4.560972177469934
3.009906287401844 6.1341936889403 4.728075338113003
3.009906287401844 6.635592868941497 5.757622547062025
3.009906287401844 7.782000897732869 7.027656733417628
3.009906287401844 7.782000897732869 6.3930932482652345
3.009906287401844 6.851848012516731 5.0059365862855065
3.009906287401844 6.625310637149866 5.833910534079561
2.8842506562237564 2.5156028416896743 4.790628522157772
1.273862361289304 6.223283568503067 2.025202726634656
1.273862361289304 6.632025416359269 3.474619723561547
1.273862361289304 6.632025416359269 4.378670986443543
1.273862361289304 7.833161435259097 5.841643187178612
1.273862361289304 7.833161435259097 5.561341022529709
1.273862361289304 7.833161435259097 5.107933475126703
1.273862361289304 4.709332472105558 2.7202418408948206
1.273862361289304 5.584294652590966 3.4202843341885445
1.273862361289304 5.584294652590966 3.5781819510494266
7.283519447406098 5.659322223834668 3.239974535545826
0.6554336077184719 3.7158733097603194 1.5676328567261135
2.6575741271210878 7.283519447406098 3.0057150686175964
2.6575741271210878 5.422742514487691 4.052877691864809
2.6575741271210878 5.741295781507585 5.247888633880686
2.6575741271210878 6.273414204056795 5.043082999294032
2.6575741271210878 5.499308246785279 4.531510637181418
2.3611694642451835 4.885485099323674 4.162507693576565
2.3611694642451835 4.885485099323674 4.220928237911282
2.8848867333891204 5.298928416875217 3.1129023713339627
0.48022248982983173 5.298928416875217 2.8717632801385604
1.9581902680660765 5.461133134960889 2.800925840137326
1.6590640622557058 5.461133134960889 3.0737198327544366
3.1919393045923354 5.473035892011378 3.243473233767111
0.48553916075886905 5.473035892011378 2.92674378216306
0.48553916075886905 5.450367537912655 2.716163919161308
