2.620020407074375 7.777496700059894 5.890053352367164
2.620020407074375 7.49558777774574 4.9816687948785745
6.183626765080518 7.49558777774574 4.939519956919389
5.73874616026011 8.472126822306322 7.773443335199934
5.73874616026011 8.472126822306322 7.117617822942574
5.73874616026011 8.040273039312924 7.318964536580036
5.73874616026011 8.25728908665357 7.442368508109374
5.155928703515489 8.25728908665357 5.585970471171596
6.4961675702682165 8.25728908665357 5.406688688651546
6.089014587883593 6.738315477617165 5.917107415598542
3.052298053241526 6.738315477617165 4.574090200729254
3.052298053241526 6.738315477617165 3.4647326278567694
6.247938267174394 6.281936409983057 5.334696469542413
3.052298053241526 6.371177938210561 5.585790143329701
3.052298053241526 6.522390157105882 4.639127659427716
3.052298053241526 6.522390157105882 4.547778118827298
3.052298053241526 6.637282985649296 5.805970975188918
3.052298053241526 6.637282985649296 5.651484979097056
2.713661493961141 7.886622302824788 5.212758445316776
2.713661493961141 7.886622302824788 6.583023998508179
2.713661493961141 6.425464397023099 6.013067091617887
2.713661493961141 6.425464397023099 4.014073067644837
2.703943610475808 7.944529389583057 5.02564836435703
0.9575334544899374 7.944529389583057 2.3081739171622404
5.38711912756882 5.071390428767142 2.163564150597105
5.38711912756882 6.022040081224237 4.408003975267864
5.38711912756882 6.293754132030145 4.675124543499937
5.38711912756882 6.293754132030145 4.726994974281097
5.38711912756882 6.289780835786573 4.119536176179413
5.38711912756882 6.473751129269289 4.2612801340504145
5.38711912756882 6.473751129269289 4.655805326180731
3.244017190722943 5.786057603664599 4.080949515416428
2.8793161611888647 5.38711912756882 3.4586026724076504
2.4571717340366743 4.509406293298287 3.725270511355005
2.4571717340366743 6.6301063809649925 5.265230957761483
2.4571717340366743 7.421086243238403 4.93440167218077
1.6051662579860246 6.563240215458411 3.729184865170321
2.8293424906782083 6.851223147602777 2.4868485593164316
2.8293424906782083 5.215880150560796 3.8868867453414486
2.8293424906782083 6.855972841077474 5.498104389966285
2.8293424906782083 9.101390821218908 7.583538850157148
2.8293424906782083 9.101390821218908 5.345066423384354
2.8293424906782083 7.640729838396149 6.481428110164888
2.8293424906782083 7.640729838396149 5.8109059864035295
2.8293424906782083 8.129020610557635 6.010667225060535
2.8293424906782083 8.129020610557635 4.759480176539021
2.8293424906782083 8.129020610557635 5.334679564029024
2.8293424906782083 7.596008027745254 5.09160405304137
2.8293424906782083 7.596008027745254 5.9171534482664345
2.8293424906782083 6.648662981232537 5.082338592606789
