3.0261579196336226 7.597811700551254 5.218306353027547
3.0261579196336226 6.797274079168897 5.190960382709407
3.0261579196336226 6.797274079168897 3.916580391573739
3.0261579196336226 5.66369677190227 4.121296929174021
3.0261579196336226 5.999751053865385 3.3341894837967576
3.0261579196336226 6.50608474709265 3.783998867288817
3.0261579196336226 6.50608474709265 4.591510229141189
3.0261579196336226 8.431708294910646 5.723217173552094
3.0261579196336226 7.592939374060624 5.466800274134549
3.0261579196336226 7.95533939105788 5.847858665837546
3.0261579196336226 8.225530512176928 6.649161946880027
3.0261579196336226 8.225530512176928 4.837774106619045
3.872586295457318 6.156452204526563 3.156759460692312
1.4396260967492407 5.2914506167196755 3.413794947562396
3.872586295457318 5.2914506167196755 3.0412861498832298
3.872586295457318 3.532104399966468 3.2765513930222934
3.872586295457318 4.894473257433418 4.375825558460477
3.872586295457318 5.977407162283509 3.4686014266465968
3.872586295457318 4.340858523262778 3.5205600799256946
3.0999100052296993 5.877114759376756 4.679352671846607
4.416108289537707 7.669621597529755 5.542174828277208
4.416108289537707 8.473824476357603 5.788008012551335
2.611412124032317 5.506724644276112 3.7905040380553516
2.611412124032317 5.506724644276112 3.454693441937817
2.611412124032317 6.8012420791751484 5.468547692271645
2.611412124032317 6.914683144360708 5.871300196161105
2.611412124032317 6.914683144360708 5.317341457300939
2.611412124032317 6.516281735967944 4.384793558980512
2.611412124032317 5.991638263018661 4.7210229574601055
2.611412124032317 6.529240084559408 4.694955427158838
2.611412124032317 7.016044841051325 5.871147822676397
2.611412124032317 7.016044841051325 4.606459344487927
2.611412124032317 6.205202791016816 4.533070081578898
2.611412124032317 7.250877123457785 4.866895536993999
2.611412124032317 7.250877123457785 5.664216412181455
2.611412124032317 6.243775445964047 4.9129746636686775
2.599338261664784 7.783105823365615 3.692168920860023
2.6066578434267 7.783105823365615 2.736960299317276
2.6066578434267 5.581037097341348 3.7481448409578797
2.599338261664784 5.581037097341348 3.1622120931478173
2.599338261664784 4.231008515339607 3.3312796233350848
2.599338261664784 6.103412817262594 4.5891532303947855
2.599338261664784 6.638950116836821 4.96403595752352
2.599338261664784 6.425927654580427 4.591942986490343
2.599338261664784 6.273301159119153 3.9251809640209343
1.9863325872421354 4.718127447752526 2.6669043303659556
1.9863325872421354 4.454816444022875 3.6000470620403013
1.9863325872421354 4.543368094047118 3.930770723956722
1.9863325872421354 6.079191463247746 4.525841003203856
0.6040123334389738 6.208457786567106 3.3847835660507433
