3.0755678330755534 7.762328341212331 5.891240468841249
3.0755678330755534 7.618174598982476 4.672257475387719
3.053643366597069 7.536259446406962 5.104251667508991
3.053643366597069 7.536259446406962 5.101172705745268
3.053643366597069 6.515207158314524 5.486802789553335
3.053643366597069 6.601324127271205 6.252211400444309
3.053643366597069 7.047438863130441 6.595298802822756
3.053643366597069 7.7280264686538125 5.991149993542085
3.053643366597069 7.7280264686538125 6.477805697632924
3.053643366597069 7.66682116175101 6.843680296594548
3.053643366597069 7.669202458007183 6.6917038436707115
3.053643366597069 7.669202458007183 5.632785744675079
3.053643366597069 8.542421474216948 6.671057387932741
3.053643366597069 8.542421474216948 4.9635299692953145
3.053643366597069 5.342440942740097 4.645507094633157
3.053643366597069 7.11614421085484 5.520380018831189
3.053643366597069 5.342440942740097 3.7881961402571256
3.053643366597069 7.281225038145704 4.791537952272627
3.053643366597069 7.281225038145704 6.6884108688201165
3.053643366597069 9.661832093889341 6.801333410192619
3.053643366597069 9.661832093889341 6.975917185686515
4.611354567787874 10.13997188727155 3.560642164812052
3.2986222912657124 10.17203483186144 6.771295491962584
3.2986222912657124 10.17203483186144 5.75973422017953
3.2986222912657124 7.705702491601322 4.829713260018277
3.2986222912657124 6.632474993229604 4.905611139718155
3.2986222912657124 6.632474993229604 5.363997051720867
3.2986222912657124 6.632474993229604 5.27941609021067
3.2986222912657124 7.34065038710407 5.360873415083534
2.717674044941241 7.34065038710407 4.541234954523791
2.717674044941241 8.619300499974665 5.5094510162132755
2.717674044941241 8.619300499974665 4.423015126519858
2.717674044941241 6.415230413292619 4.27077863666714
2.717674044941241 7.798093618377042 5.6737275783047565
2.717674044941241 7.798093618377042 5.48574410914495
2.717674044941241 8.293212867424405 6.434766611593904
2.717674044941241 8.293212867424405 5.189270243030957
2.717674044941241 6.458641655582149 4.502953691143166
2.717674044941241 6.458641655582149 4.264795525775272
2.717674044941241 6.602200054799187 4.180488847908952
2.717674044941241 6.602200054799187 4.668667431059467
2.717674044941241 6.187164374958783 4.556981300032761
2.717674044941241 6.3867874365805655 4.514697338281861
2.717674044941241 6.3867874365805655 5.193615216504082
2.717674044941241 7.732105236840299 6.331137006759654
2.717674044941241 7.732105236840299 6.195209622342158
2.717674044941241 7.620775662808475 6.07446065288032
2.717674044941241 8.63409132648625 6.9662164176730155
2.717674044941241 7.697409488994454 5.5596460670763
2.717674044941241 7.697409488994454 5.418306063591635
