1.453514747001059 7.763879290067601 5.792914520867238
1.453514747001059 7.0985433744172965 5.599428509702474
1.453514747001059 7.0985433744172965 5.286066708161643
1.453514747001059 7.61401270220153 5.866875220749231
1.453514747001059 7.61401270220153 6.188587494175966
1.453514747001059 7.61401270220153 5.855326607578917
1.453514747001059 7.154593555501069 5.8291335328514355
1.453514747001059 7.374757258566733 6.3362134023103
1.453514747001059 8.4494910764699 5.629897914992723
1.453514747001059 8.4494910764699 5.323816807729014
1.453514747001059 6.304363616330555 4.54154577750188
1.453514747001059 5.547665315884135 4.06784361644068
1.453514747001059 5.754299261634966 4.525828564906686
1.453514747001059 5.754299261634966 4.568391464739025
1.453514747001059 5.754299261634966 3.6226494020143747
4.375060903113038 5.577700776744159 3.6489212018957584
4.375060903113038 5.54778870237811 4.322736768144042
4.375060903113038 6.326647273744889 4.840818774840292
4.375060903113038 6.326647273744889 4.892113269684757
4.375060903113038 7.41121980297169 6.123402985323895
4.375060903113038 7.609939861085525 6.809075662065908
4.375060903113038 8.566787256087899 6.871259753459304
4.375060903113038 8.566787256087899 5.5570986283734385
4.221655928476007 6.253931979803429 5.044343610512707
4.221655928476007 5.996273224534523 5.795362722391558
6.267868857922451 5.996273224534523 4.598521771287837
4.071654575592159 7.407357220870097 5.643929020922028
5.6880406847202 9.960968994924038 6.742224160953124
3.5876139376181695 10.162806681020658 6.999675585914575
4.425404085483301 10.162806681020658 3.483110620273851
3.5876139376181695 6.269242679392985 5.356280652692602
3.5876139376181695 6.269242679392985 5.397130558662846
3.144210884631239 5.5165648416868756 3.6227829701765875
2.8725642933098716 5.4066514824576295 3.9588845359332208
5.741829367114036 6.180376297885079 4.709398332441487
5.741829367114036 6.724689840578135 4.654429770633171
5.741829367114036 5.829408862447096 5.217996678519042
5.741829367114036 6.152269696792462 4.2543977381277065
5.741829367114036 6.152269696792462 5.012687987272035
5.741829367114036 6.730550003612491 6.058988563047282
5.741829367114036 7.414091049143094 4.29777514425576
5.741829367114036 6.613733540373325 5.553910586264011
3.235544116503871 6.613733540373325 5.922254597026481
3.235544116503871 6.613733540373325 4.936999660550025
3.235544116503871 5.832807140811287 4.704730187493553
3.235544116503871 4.988224542201358 4.069170738012319
3.235544116503871 5.576058811852533 4.270909989539465
3.235544116503871 6.991088380406145 4.858453255661131
3.0154161865750706 7.292759498932252 4.921607074299077
3.0154161865750706 7.292759498932252 3.555709020013258
