2.383821835242824 7.6850666410480795 5.581860938246912
2.3702501982091992 7.386919618861013 3.783795813630901
2.3702501982091992 5.677411353365176 4.41825555842318
1.882538981125752 0.22464885761363762 3.070126206189271
0.22464885761363762 5.969546214039372 3.6606137769149734
0.22464885761363762 2.992206493360062 2.798569225752947
3.2373963160812846 2.9522460525302496 1.4835398706520737
3.2373963160812846 7.565230486049256 4.849957355313369
0.22464885761363762 3.2678774951384573 1.9744959217515776
0.22464885761363762 0.22464885761363762 0.2246488576136375
0.22464885761363762 5.548978381871201 1.9498092164625516
0.22464885761363762 3.8039574247975314 2.606312527189924
0.22464885761363762 7.666861713131718 4.011789010108525
4.04209706820772 7.666861713131718 2.2586522143530208
4.04209706820772 4.029544397947902 1.5411939011051072
4.04209706820772 2.9039043221041685 2.6709577914951845
4.04209706820772 3.053438464444302 1.6011136109360191
4.04209706820772 4.2691859200464215 2.3374343509402933
4.04209706820772 5.588326404843208 2.2002368049486942
4.04209706820772 3.2170203947628235 1.4198069368151438
4.04209706820772 5.000294001053092 1.95532240612707
4.04209706820772 3.1022585859900365 1.2189243395880767
0.22261101717464316 5.136478718442184 3.5095097096684116
0.22261101717464316 5.6679768975443885 2.673322968524654
0.22261101717464316 0.22261101717464316 0.22261101717464304
0.22261101717464316 5.663980000612714 1.6875949742541236
0.22261101717464316 6.507333299178445 5.2394946880496445
0.22261101717464316 9.790384451454049 6.497569358951404
0.22261101717464316 6.507333299178445 1.4856038419686635
0.22261101717464316 0.22261101717464316 0.22261101717464304
0.22261101717464316 2.8963108354150084 0.8396186675378041
0.22261101717464316 5.739036450568676 2.556483315918272
0.9952458814245344 5.5394986701494915 2.676559164701496
0.22261101717464316 5.5394986701494915 2.1130771622638735
0.22261101717464316 0.9952458814245344 0.2820444682707884
3.193578365090254 4.511072244728837 2.9236408497901585
0.22261101717464316 7.648508039514672 4.341984983659249
0.22261101717464316 3.345165829895756 2.4853257342557566
0.22261101717464316 3.345165829895756 1.0942472452797012
0.10053981018284164 5.046035620402787 2.101948513465815
0.10053981018284164 2.4582082183712086 1.1027099523776043
0.10053981018284164 3.252092828218697 1.0702484311169507
0.10053981018284164 3.147397598513582 2.8068637281351383
0.10053981018284164 4.370311594011131 2.618739811031103
0.10053981018284164 4.370311594011131 1.1071250335913463
0.10053981018284164 3.249935648044137 1.4329765108164665
0.10053981018284164 3.1431101528398107 1.2707591727432144
0.10053981018284164 3.1431101528398107 0.21756174643887874
0.10053981018284164 3.979474717479008 1.4432480473238227
0.10053981018284164 4.892985518942332 1.5751384898011476
