3.2921590107851206 7.669561180399567 5.583965147024742
3.2921590107851206 6.423463995048479 5.171209496661945
3.2921590107851206 6.220927136443446 5.0848413262179655
3.2921590107851206 7.663346817471501 5.629587313972966
3.2921590107851206 8.79389382670784 7.037915347141906
6.676196474024877 7.663346817471501 5.153835066411362
3.075741354763132 6.775041186037395 5.191598937855091
3.075741354763132 6.775041186037395 5.692875772530979
3.075741354763132 6.775041186037395 4.947929733138837
3.075741354763132 6.662226904215196 5.335798325875174
3.075741354763132 6.662226904215196 4.579329460550381
3.075741354763132 7.614405187775155 5.6956798483560265
3.6770265198685235 7.614405187775155 4.718835071515032
3.6770265198685235 7.436503305254833 3.743977304170863
2.690856032368153 4.284679741071606 3.3846520034106984
4.440188343904225 3.6770265198685235 2.998206833494672
4.440188343904225 3.4184417675401453 3.5838920064168676
4.440188343904225 4.15107099150466 3.5329530769726514
4.440188343904225 5.496810841863507 4.436143288313593
3.4184417675401453 5.6409198024937695 4.9389909394931255
3.4184417675401453 5.8005342824978 4.688226412596342
3.4184417675401453 7.326687636621951 4.2599473639472984
3.4184417675401453 4.587135468167606 4.458480730894991
3.4184417675401453 5.661686521158398 4.716177075215563
3.1603678772187114 5.661686521158398 4.357816959885237
3.1603678772187114 5.451860910488659 3.290497249901165
2.5378080180153444 6.620065207028965 4.5552104338406005
2.5378080180153444 6.620065207028965 3.509257805911775
1.292915333959233 3.538971458180154 2.0824575290662586
1.292915333959233 3.4621652639432914 2.28883331410972
1.292915333959233 4.149096359328759 3.1531074176661065
1.292915333959233 4.149096359328759 2.3465434671927587
1.292915333959233 1.849710580973586 1.5267228307180527
1.2620359279480273 1.4939998531568972 1.3692581381138273
1.2620359279480273 5.728384151243247 3.1110314744177288
0.6049810168927441 4.986464132138877 2.446854699303861
0.6049810168927441 3.2089661271140177 1.5063604781231847
0.6049810168927441 0.6054015639006249 0.6050295415474992
0.6049810168927441 2.792676824004879 1.2781505380816993
0.6049810168927441 0.6054015639006249 0.6049971917776623
2.8829683520357894 3.0419040022474104 1.7753743720613657
5.02806311798264 5.448447524861162 3.6360747162276326
2.8829683520357894 5.377558368214171 4.365774617083034
5.02806311798264 6.244982456525243 4.432984439196044
2.8829683520357894 7.900521289971806 6.480362568462569
2.8829683520357894 6.473453111508004 5.425812711986211
2.8829683520357894 6.57235166304244 5.943491930057822
2.8829683520357894 6.57235166304244 4.696637228791309
2.8829683520357894 5.794315247729852 3.885886171355803
2.8829683520357894 3.9933928187675005 3.4828246958509608
