3.6360368579574254 7.73141797800359 5.51992821028814
3.6360368579574254 7.73141797800359 5.207933546333574
3.6320689405316107 9.126590999499662 6.292534659285859
3.6320689405316107 9.126590999499662 6.1160029012420365
3.6320689405316107 7.714630701559411 4.424907864878928
3.069301355592686 3.9511226835577244 3.3566824430719127
3.069301355592686 6.123253519218771 4.934156905335619
3.069301355592686 6.123253519218771 4.502969842212713
3.069301355592686 6.192214484338443 4.695390958563541
2.8991548512438183 4.5236349901957205 3.702240651733438
2.8991548512438183 5.952093559075308 4.142386148229037
2.619104775373881 6.347284310940797 4.219867997175989
2.619104775373881 5.040778689839115 4.145877889766984
2.619104775373881 5.040778689839115 3.604547809088839
4.771602348688237 6.609998421497117 3.8602847912012495
3.1204378143136933 4.771602348688237 3.6094150737783393
3.1204378143136933 5.85290132380559 5.3179024422612295
3.1204378143136933 5.85290132380559 5.449475437769725
2.832748438815209 5.85290132380559 4.574050782305788
2.832748438815209 6.219859968854177 4.620387026839319
2.832748438815209 9.447460729384876 5.971628687662072
2.832748438815209 9.447460729384876 5.403569689042803
4.504787381307878 6.286026261652271 5.45931624079636
4.504787381307878 6.859530405940404 5.916928937172805
4.504787381307878 6.859530405940404 4.312884019396641
4.504787381307878 6.416158366748739 5.364172700360141
4.504787381307878 4.449346194917553 3.6476139836589683
4.504787381307878 3.262869241276267 3.1000092358245293
4.504787381307878 6.6145177888370235 4.4968055336506385
4.504787381307878 4.624023503867829 4.531162794205906
4.504787381307878 7.027277932994384 5.467860500287662
4.504787381307878 7.027277932994384 5.824951613596682
1.6304660861212956 6.614596359237897 4.436606964423554
1.6304660861212956 7.175232611182276 5.720672002985991
1.6304660861212956 7.175232611182276 2.056986588049063
5.788881484672306 5.812343118751102 3.7214046024361997
1.6304660861212956 5.788881484672306 2.981520798854774
5.817552346906375 4.902796638933371 3.94463242421988
5.817552346906375 5.2373059342694255 3.927153814838245
5.817552346906375 6.311260106108023 5.675754985939514
5.817552346906375 5.917586755263521 4.8601258266583445
5.817552346906375 5.935027163340273 5.48651446542388
5.817552346906375 6.067441737859475 5.518111709595592
4.765528312373146 6.067441737859475 5.297151944964751
1.5411941939855578 5.6576298050670495 3.5885140138408556
1.5411941939855578 6.265499950659304 4.811781452602886
1.5411941939855578 8.61779684503225 6.226294965812646
1.5411941939855578 6.498014532416416 5.668650099450428
1.5411941939855578 5.571639816030075 2.7702521075035382
1.5411941939855578 5.761494558291513 3.9140882997152326
