1.5929165278011905 7.470953124620182 5.639202804520149
1.5929165278011905 6.650935325786207 5.10092927731194
1.5929165278011905 5.655219676934227 4.998908430613146
1.5929165278011905 5.089924491924879 4.9554241856124275
1.5929165278011905 7.290276131000013 5.173573194378709
1.5929165278011905 7.290276131000013 5.397837222363401
1.5929165278011905 6.084687600381056 5.46836382444069
1.5929165278011905 6.5374333527132755 5.49905896789899
1.5929165278011905 7.714686246535223 5.052084955096731
1.5929165278011905 7.714686246535223 5.293309566462169
1.5929165278011905 6.2771827602829475 1.880307347371184
1.5929165278011905 4.9760305401012275 3.354987725993937
1.5929165278011905 4.9760305401012275 2.7696542870058583
1.5929165278011905 6.219388474929325 3.4817269574848515
1.5929165278011905 3.8491447351175876 2.5347587001225245
1.5929165278011905 3.8491447351175876 2.1326412451838257
1.5929165278011905 5.314559888924357 3.1050404453208102
1.5929165278011905 7.732356786298842 4.576793045740837
1.5929165278011905 5.314559888924357 2.9495582633153563
0.42921873976351366 5.0219438772605365 2.770338915744244
3.205188264352089 2.8235859548177697 1.1659471136263613
0.42921873976351366 3.205188264352089 1.161918138324502
0.3440230830235973 3.2502418547257013 1.5834074468290933
5.03616306742429 6.601323552979277 3.62100851761734
4.7411121119515585 6.280539996983126 5.437800979537643
4.363343474632558 6.639319434469037 5.455661864933121
4.363343474632558 6.280539996983126 5.037295113601133
4.759121206587814 5.735478419001641 5.50657134290462
4.759121206587814 6.552619472026382 5.9291550785665565
4.759121206587814 6.552619472026382 6.306209177594135
4.759121206587814 7.2042756574116265 5.785522457929176
4.759121206587814 8.984793176213444 8.10360641546611
4.759121206587814 8.880578971984034 8.625292654550854
4.759121206587814 8.880578971984034 6.934512562701896
4.759121206587814 8.880578971984034 8.19011303823618
4.759121206587814 9.094442638371756 7.436166675732768
4.759121206587814 9.094442638371756 7.830167282434071
4.759121206587814 8.330744552727861 7.283438627312246
4.4597334423139685 8.330744552727861 5.940991054594871
4.4597334423139685 9.016536125826892 7.114126173369119
4.4597334423139685 9.016536125826892 6.444918290728482
4.4597334423139685 6.710580624471472 5.6851509496774675
4.4597334423139685 6.710580624471472 6.624009579003878
3.6855840938510593 6.710580624471472 5.11151131369367
3.5547327883028434 6.710580624471472 3.9993929574288964
3.5470495705293605 3.6855840938510593 3.59152524550303
3.5470495705293605 6.660089229165681 4.806093922215606
3.5470495705293605 7.6554709581681255 6.320216768515437
3.5470495705293605 5.790254395338888 4.75798715722503
3.281901872500413 5.9533942120959615 4.64035693983262
