2.470146766635587 7.58218645763184 5.722932342664806
2.470146766635587 7.556328514220938 6.612552518887272
2.470146766635587 6.660070151231974 6.34984241518867
1.1443152759690212 8.405636513232254 4.894144496690069
1.1443152759690212 5.779928523012856 4.501807512012688
1.1443152759690212 6.653305989162689 4.285407584336172
1.1443152759690212 6.653305989162689 2.9317400889967278
1.1443152759690212 3.2821620194102974 2.8437868590648736
1.1443152759690212 3.656429588731275 3.158180251737304
1.1443152759690212 5.940894995143683 4.635809651380913
1.1443152759690212 7.339916733132343 5.680853491850385
1.1443152759690212 5.022970747210419 4.783588903394165
1.1443152759690212 5.478924250676901 4.766923062313689
1.1443152759690212 5.045098082498477 4.3380976057600815
1.1443152759690212 5.020781991477577 4.269813253019101
1.1443152759690212 7.304765565841194 5.046641918703999
1.1443152759690212 8.67804495584798 6.341304074463367
1.1443152759690212 8.602337358703979 6.552426122151941
1.1443152759690212 8.602337358703979 6.656430990297789
5.554793236426402 7.309501111405135 2.779064847444384
1.0066895887975424 7.309501111405135 3.2430624526611918
1.0066895887975424 4.479287042884881 1.4073739104230043
1.0066895887975424 5.7250338060781765 3.365861697437858
1.0066895887975424 4.580921810621472 3.250240686467769
1.0066895887975424 4.580921810621472 3.724628099421463
1.0066895887975424 4.580921810621472 3.5065508785495063
0.7950153778263425 4.51987523070288 1.1384681889663901
0.7242171160509803 0.7950153778263425 0.759616246938661
5.824497130088698 7.779238454192445 4.333787632278797
5.824497130088698 7.779238454192445 2.9552683884942366
5.824497130088698 5.47959782392493 4.834042516292422
5.824497130088698 5.47959782392493 3.952182019633449
5.824497130088698 5.58237785507691 3.8787172589687504
5.824497130088698 5.611840540845474 3.8681757251566955
0.7242171160509803 5.824497130088698 1.9823052005669302
0.7242171160509803 5.824497130088698 1.7861321076140777
0.7242171160509803 3.4394263958964513 1.9773906298258135
0.7242171160509803 5.623939162752432 3.4254592585029084
0.7242171160509803 5.623939162752432 1.2160887066783848
0.720018491436957 2.8933931439044653 1.6400076087825215
0.7197440974752323 2.8933931439044653 1.0547731094081823
3.233286617579218 3.081723240821472 1.7191455591243785
3.233286617579218 4.911414549548752 3.4526395853304552
3.233286617579218 7.440375415373275 5.096268188971349
3.233286617579218 7.440375415373275 5.691391656416481
3.233286617579218 5.824036985123005 5.546425674669199
3.233286617579218 5.824036985123005 5.479428278936814
3.233286617579218 5.824036985123005 5.3934728500922855
3.233286617579218 3.7737270553709554 6.232746815530327
3.233286617579218 7.373863663506082 5.310309426892433
