2.851226359046564 7.337283700516091 4.888085625455363
2.851226359046564 7.337283700516091 4.442946900942408
2.851226359046564 6.476882511881417 4.666593357690901
1.5501394458070803 6.491317165536753 3.9014017092602007
1.5501394458070803 1.5501394458070803 1.5501394458070807
1.5501394458070803 5.579353722694613 3.6379488541606317
1.5501394458070803 6.65459973910356 4.035346983578454
1.5501394458070803 8.36914025664923 4.1336456675560465
5.229575497715221 5.839851600784353 1.8058731734428244
5.229575497715221 6.576832856465842 5.19731149638216
5.229575497715221 6.576832856465842 3.2502103943890197
5.229575497715221 4.798749627285854 3.4486113757544463
5.229575497715221 3.7015876220145043 2.4219402462980577
5.229575497715221 3.3430688729011817 2.457881632218272
5.229575497715221 4.490037259832029 2.5957353633782088
5.229575497715221 4.490037259832029 1.9587715165291235
5.229575497715221 1.765804819021771 1.7575099969750527
5.229575497715221 3.6711475592519034 3.0693302771112534
5.229575497715221 4.120619100927588 3.717834374212534
5.229575497715221 5.424584126426687 4.069599569464017
5.229575497715221 5.424584126426687 2.3173194856647967
5.229575497715221 2.3039024065629623 1.9466042078625398
5.229575497715221 5.660927819264785 3.3372450250416863
5.229575497715221 5.86843568707501 3.6760172924970433
5.229575497715221 3.729604510575243 3.352297147704591
2.196394876380268 5.229575497715221 4.0409406681270585
2.196394876380268 4.525384759292983 4.137097608949009
2.196394876380268 4.825775265695231 4.176214436730268
2.196394876380268 6.043230017462317 4.828610291951546
2.196394876380268 6.420937844589172 4.423992033354515
2.196394876380268 6.420937844589172 3.397089128959779
2.196394876380268 5.821364654401947 4.9045988293000224
2.196394876380268 6.204692675471289 5.145827717834981
2.196394876380268 6.964162258240853 5.668929945471735
2.196394876380268 6.204692675471289 4.568426211343497
2.196394876380268 6.204692675471289 4.818297628978045
0.19737096148619004 5.341207056450905 2.4082745180709066
0.19737096148619004 5.5890277734663485 2.7779810921070993
0.19737096148619004 3.7843870219741764 0.8543750601183893
0.19737096148619004 2.3572872718448505 1.2793198497836213
0.19737096148619004 3.110310404562885 1.6049952628932689
0.19737096148619004 3.259319720716612 2.6492620511158007
0.19737096148619004 4.217650438084377 2.971772530930818
5.144900010874711 5.626962862334661 2.649132130175858
0.19737096148619004 5.617192028215229 3.4418200761385758
0.19737096148619004 3.2906614423924485 1.2681253587229717
0.19737096148619004 0.19737096148619004 0.19737096148618993
0.19737096148619004 3.111012170089787 1.5421284423801578
0.19737096148619004 5.666559551873501 2.5112584420346673
0.19737096148619004 2.913217075364813 1.3463827788963767
