2.888034834701131 7.745462761454133 5.676677007814545
2.888034834701131 7.653869676546167 6.322355645664749
2.888034834701131 5.601524546132868 3.2011298014047926
2.888034834701131 2.888034834701131 2.888034834701131
2.888034834701131 2.888034834701131 2.888034834701131
2.888034834701131 5.350782378826594 3.8773726538762614
2.786442178588438 3.5731528401819515 3.0693152203804916
3.875086320570514 6.612822600038129 3.676790651304649
3.875086320570514 6.450176842271581 5.7554607085638585
3.875086320570514 4.525916755982006 3.784009144871086
3.875086320570514 4.606804179926826 4.302358968833082
3.875086320570514 4.606804179926826 4.300287457030882
3.875086320570514 5.628221986618048 4.800323144406077
3.875086320570514 5.628221986618048 4.43008479409727
5.823248332947767 6.789591673516869 3.7446448552504252
3.875086320570514 5.823248332947767 4.192595961270293
3.875086320570514 7.403358322924804 5.4090907410550715
3.875086320570514 6.4971683603987245 4.718667697379447
3.875086320570514 6.501364248111525 6.154158809831406
3.875086320570514 6.501364248111525 5.77187690331208
0.5281520759300844 6.47406366932946 2.9679557744928524
0.5281520759300844 3.7506289078527044 2.051777436996882
0.31457187012472376 3.875086320570514 2.1333065565912213
0.31457187012472376 0.31457187012472376 0.31457187012472354
0.31457187012472376 5.42236234844221 2.672013629348178
0.31457187012472376 2.9491644920620463 1.023885268338618
0.31457187012472376 2.9491644920620463 0.8094733401820218
2.8296317913083233 0.31457187012472376 0.31457187012472354
0.31457187012472376 3.1059250109151084 2.085474915209296
0.31457187012472376 5.211192231475472 1.7226031155958808
0.31457187012472376 4.075851630471785 2.378825796024093
0.31457187012472376 3.600860939176798 2.011417851097239
0.31457187012472376 5.289511428554679 4.271245162919119
0.31457187012472376 8.179946334611264 5.170889510325927
0.31457187012472376 5.289511428554679 0.6520205348468208
0.31457187012472376 0.31457187012472376 0.31457187012472354
4.449239086969449 2.6708518333548636 1.220833394444008
0.31457187012472376 4.449239086969449 1.2687258432427369
0.31457187012472376 5.560583717968381 2.130499048224451
0.31457187012472376 7.082752566747077 3.438347576258117
0.31457187012472376 0.31457187012472376 0.31457187012472354
0.31457187012472376 0.35867401232578944 0.32983799627124627
0.31457187012472376 0.35867401232578944 0.31626810636322605
4.238752941949635 3.0840652938888984 2.118451442858532
4.238752941949635 5.609796947822037 3.2278451837793827
3.127748207011518 5.694725581762203 4.564108529779495
3.127748207011518 4.635436712995698 4.058643006023535
3.127748207011518 5.459075675496884 4.397967728904128
1.4777591422664007 5.459075675496884 3.5920156944947887
1.4777591422664007 5.459075675496884 1.6308867012368038
