3.2872870712221105 7.6601863059521165 5.758546873974094
3.2872870712221105 7.248874675265366 5.724691219195339
3.2872870712221105 7.390236113342905 6.314541452288775
3.2872870712221105 7.390236113342905 5.314167709826981
3.2872870712221105 6.512291502058325 5.817059521710733
3.2872870712221105 6.512291502058325 5.4649300928056075
3.2872870712221105 5.567682966653859 4.306468351224128
5.720999489712181 4.448552428456857 3.1850993373894694
3.1446300500301487 5.720999489712181 4.02879522821283
3.1446300500301487 5.720999489712181 3.8267912204157453
3.0433962155527436 4.4588372809559935 3.7356445811810817
3.0433962155527436 5.203914204712486 3.2458386072578014
3.0433962155527436 4.551643792422023 3.7344000779511353
3.0433962155527436 7.348988450299 5.7389148516807404
3.0433962155527436 8.963005124840839 5.880497735193923
3.0433962155527436 8.963005124840839 3.987066105446343
3.0433962155527436 6.211154545335752 5.138891120174895
3.0433962155527436 6.211154545335752 4.877599098362338
2.9075847518909304 6.03032583874224 4.594545978849345
2.878243498405205 5.513624823026415 3.8509141994774625
2.6032754141209904 7.736675469856985 4.868869853156472
2.6032754141209904 7.736675469856985 2.8336169265551323
2.6032754141209904 5.314141337708776 2.923625153630285
2.6032754141209904 4.009033050259145 3.1980190294102098
3.2613427703046267 7.370743832098627 4.803645453187591
3.2613427703046267 5.727481482533573 5.205198645271907
3.2613427703046267 6.024225141992677 5.486399814607205
3.2613427703046267 5.9976608099322775 4.846204692643105
3.2613427703046267 3.7608530424580384 3.7416411089136763
3.2613427703046267 4.5315731808459425 4.0380719313705615
3.2613427703046267 6.244704983753049 4.958084263583458
3.2613427703046267 6.4704086662716485 5.033346538949596
3.2613427703046267 7.009233183858866 5.957639533330826
3.2613427703046267 7.233760567651418 6.345743015195704
3.2613427703046267 7.233760567651418 4.8002243406564595
3.2613427703046267 6.244073036555907 4.99524583373098
3.2613427703046267 6.342783519476296 5.067854735961859
3.2613427703046267 6.342783519476296 4.235157781859781
3.2613427703046267 6.342783519476296 4.916125985018909
3.2613427703046267 6.246340282900487 3.903139133672037
3.2613427703046267 6.079109601176054 3.9674831377372515
3.2613427703046267 6.079109601176054 4.162567454282123
3.7529248313752963 6.079109601176054 3.5731888089497477
1.7740717202369365 6.079109601176054 3.35764921051402
1.7740717202369365 6.398724198119066 4.083021894050204
1.7740717202369365 8.243091850463772 6.3803237528994705
1.7740717202369365 8.28179039233432 6.542730706787397
1.7740717202369365 9.971721786418557 8.099861757044945
1.7740717202369365 8.42168448416672 5.174891813755556
1.7740717202369365 8.42168448416672 3.5645973753626246
