2.9610643488981627 7.755926907778608 5.801736987822615
2.4056142529413695 5.453935217353536 3.9571827078474016
2.4056142529413695 5.453935217353536 2.5228573669572216
2.4056142529413695 4.191746207280527 3.5441778352276496
1.1566459908449755 4.191746207280527 2.5467017056559937
1.1566459908449755 3.4266982341407126 2.7197794533586284
1.1566459908449755 3.4266982341407126 1.243955692510196
1.1566459908449755 4.760056234269044 2.6811657092166974
1.1566459908449755 4.760056234269044 2.7322535809774546
1.1566459908449755 3.4858401221886948 2.950549343736045
1.1566459908449755 7.263567075021358 4.361485013924521
1.1566459908449755 7.263567075021358 4.020250155680378
1.1566459908449755 5.618781014591981 3.859826094206155
1.1566459908449755 5.618781014591981 1.454885116098509
1.1566459908449755 4.92586934429125 2.7513174096107074
1.1566459908449755 4.92586934429125 2.145095833437191
1.1566459908449755 4.92228688062065 2.5304270442094765
1.1566459908449755 5.6050923237364145 3.500549762281449
1.1566459908449755 3.3361669182212847 2.0787509985811075
1.1566459908449755 3.3361669182212847 1.2404737188209873
1.1566459908449755 1.1566459908449755 1.1566459908449753
1.1566459908449755 4.933840511307231 1.4471994154959187
1.1566459908449755 5.346689426254535 4.029455242588894
1.1566459908449755 7.333627076138654 4.387881391379102
1.1566459908449755 9.845164913369384 7.174651825799428
1.1566459908449755 9.845164913369384 1.5577801341438682
1.1566459908449755 5.124219377785451 2.5969971172184794
1.1566459908449755 4.0894547607962615 1.9462483519857066
1.1566459908449755 6.399271130768483 4.4216414037294465
1.1566459908449755 6.399271130768483 3.7110324124050647
1.1566459908449755 5.9807187860700175 4.339080083738604
3.2123795549203504 7.215217279151272 4.415029024048534
3.2123795549203504 6.043672337637716 3.4141579384620053
1.7177867388705583 4.277867359052745 3.3785781806218718
1.7177867388705583 4.277867359052745 2.9197956257486934
0.918183279076811 3.2357848840078494 2.0655857695798607
0.918183279076811 6.399633557682826 3.1501169478530704
5.646120414417094 6.399633557682826 2.4282000017591887
5.646120414417094 3.0152926498339316 2.6726109347694775
5.646120414417094 4.521910334012432 3.5191241697827067
5.646120414417094 6.001169047602282 4.229108215208632
5.646120414417094 7.091065239001967 6.559046377284133
5.646120414417094 6.641310857475027 5.714660070997604
5.646120414417094 8.878697762991774 6.788490731969729
4.419803394327591 6.340044483422744 5.464775262731868
3.397615407750895 6.1395235243149315 4.022359935069274
3.397615407750895 4.865622501070803 4.483826574224091
3.397615407750895 4.865622501070803 4.250533071672767
3.397615407750895 6.396442057631063 5.325252364382761
3.3906224983334927 6.396442057631063 4.355517476805967
