2.9670615748517375 7.750027034117981 6.063853366678303
2.9670615748517375 7.750027034117981 6.247548286911721
2.9670615748517375 6.888871312325703 5.541190080599477
2.9670615748517375 7.136852477232065 4.929142672893741
2.9670615748517375 7.650897735951602 6.506227080163585
2.9670615748517375 10.223132580550176 9.667001018138844
2.9670615748517375 10.375777515762557 10.008633475997785
2.9670615748517375 12.327390243533639 11.030569987541496
2.9670615748517375 12.422326124561403 11.115957240618211
2.9670615748517375 12.327390243533639 9.910491807203814
2.9670615748517375 10.397376872755409 8.67570847659063
2.9670615748517375 11.838685984230047 8.061952897271167
2.9670615748517375 5.932843937902 5.079694434929636
2.9670615748517375 5.932843937902 4.797869706615487
2.9670615748517375 6.42730474739934 5.234332991117712
2.9670615748517375 7.4442483448620465 6.161084715455344
2.9670615748517375 6.062127834352822 5.242034571301972
2.9670615748517375 6.062127834352822 4.83983138053045
2.9670615748517375 5.021365993529379 4.5280869315415595
2.9670615748517375 6.721119940137436 5.165464333254158
2.9670615748517375 6.79356654619715 5.7841157077525605
2.9670615748517375 6.79356654619715 5.543648373174265
2.9670615748517375 7.063993495444404 5.623468532765107
2.9670615748517375 7.063993495444404 4.697444314021271
2.9670615748517375 6.362603997024959 4.768924013609176
1.6475533819063917 4.520677120478911 3.2160060204203256
1.6475533819063917 3.417353634593543 3.3988294844251032
1.6475533819063917 4.544459414541386 3.875681929787651
1.6475533819063917 5.853220616117245 5.501346105816519
1.6475533819063917 7.824874981263614 5.373477808559264
1.6475533819063917 10.441913001378069 8.25907086299549
1.6475533819063917 10.441913001378069 8.42577639911553
1.6475533819063917 8.303181363870348 7.786128177883076
1.6475533819063917 8.303181363870348 7.799317772587737
1.6475533819063917 8.13996184507182 7.551372783919903
1.6475533819063917 6.964601630221102 6.355728980525006
1.6475533819063917 8.13996184507182 4.4865874427796495
1.6475533819063917 4.932151791408749 4.385435025039832
1.6475533819063917 6.050236613642053 4.493675661174662
3.0726703742582875 6.050236613642053 3.2888069472831742
0.9946337107127339 3.0726703742582875 2.507831854686905
0.9946337107127339 5.3753451252277 2.8674674919271035
0.9946337107127339 6.455021082528244 3.9712820317906434
0.9946337107127339 9.29122679733306 6.704957812920426
0.9946337107127339 5.163941720120125 3.2172710377723677
0.9946337107127339 5.853779405698813 4.384625799062525
0.9946337107127339 5.853779405698813 3.489158624031929
0.9946337107127339 2.3123767026584514 2.1255148258823713
0.9946337107127339 5.72083897656271 3.2446201527326983
0.9946337107127339 5.72083897656271 4.085826166171209
