2.6745496574879124 7.5944500656834535 5.360235470280731
2.6745496574879124 6.430656006064979 3.7273617650329793
2.6745496574879124 5.1333896818352756 3.9435181234136647
0.6450313466061073 5.236695316644283 3.63532839516379
0.6450313466061073 5.319152874972204 3.215541860187226
4.980452166565147 1.1508391369685929 0.687786748605854
1.240412827473659 4.980452166565147 1.634409714025293
5.449384310623028 1.240412827473659 0.4003389035392561
0.14831672635893556 5.449384310623028 0.5560911559177115
4.516621408160329 3.8890929364058278 1.5870768071462018
0.14831672635893556 0.35676229528276737 0.2284880990219476
0.14831672635893556 4.516621408160329 1.8554748554213667
0.14831672635893556 0.14831672635893556 0.14831672635893556
4.7322432303650395 0.14831672635893556 0.14831672635893556
0.14831672635893556 4.7322432303650395 0.6772313229750242
0.14831672635893556 2.791088818293471 1.0631224504901207
0.14831672635893556 0.14831672635893556 0.14831672635893556
2.781698200710878 4.3072208732485 1.9078530961968279
0.14831672635893556 4.47756442379233 2.421115411760689
0.14831672635893556 3.2327789182511677 1.6731985639381175
0.14831672635893556 4.8875810118033876 2.6339525629532976
0.14831672635893556 3.116363111680912 0.9982364589776401
0.14831672635893556 0.14831672635893556 0.14831672635893556
0.14831672635893556 5.113506344415651 2.4399427039235726
0.14831672635893556 0.14831672635893556 0.14831672635893556
0.14831672635893556 0.14831672635893556 0.14831672635893556
0.14831672635893556 2.8472221303843246 1.1863572663687003
0.14831672635893556 0.14831672635893556 0.14831672635893556
0.14831672635893556 0.14831672635893556 0.14831672635893556
4.117657071186066 5.50158695479989 2.619056831793223
3.814493389857763 5.927608037238667 4.697190642233873
3.3184496020082865 6.931187347405368 4.923230000114663
6.463154123102118 6.931187347405368 3.6514282607732684
3.3184496020082865 6.463154123102118 4.054164419023613
5.463128659365001 6.463154123102118 3.913090421068664
3.3184496020082865 5.463128659365001 3.730887882269193
3.3184496020082865 5.463128659365001 3.400937258060468
3.3184496020082865 5.463128659365001 3.400937258060468
3.1583007333979407 5.445347350719757 4.21829095723237
4.193831996530815 5.445347350719757 3.5515417369665063
3.1583007333979407 5.445347350719757 3.9037318678722253
4.193831996530815 6.3816426756931826 5.21361651436448
4.193831996530815 4.732833869364512 4.201026721091575
4.193831996530815 4.732833869364512 4.321420717437948
4.193831996530815 6.4513580293202715 5.098729332586204
4.193831996530815 6.4513580293202715 5.6539292656456155
4.193831996530815 6.594924446784471 5.583781921406405
4.002230050721312 6.594924446784471 4.40026679440544
3.665893784651861 5.633180930333911 4.625421920615737
3.665893784651861 6.420517882843466 5.513932616813154
