3.04004595522029 7.611825132902917 5.249295994720132
3.04004595522029 8.180011652016855 6.641443247910598
3.04004595522029 7.529715112083064 4.184708426389576
3.04004595522029 6.619438625796182 4.983866786643935
4.388894868285082 6.619438625796182 4.665189524454551
3.188473967761802 6.2581200185381896 4.5189418676227655
3.188473967761802 8.161840236110336 5.421833171073615
3.188473967761802 8.161840236110336 4.199347170727853
3.1803334623101134 10.564848259619987 6.408326024985717
3.1803334623101134 10.564848259619987 3.7040150390308617
2.6743663406029587 10.564848259619987 3.434264840885456
2.6743663406029587 6.590282653045122 4.87211819233159
2.6743663406029587 6.578018601081105 3.5751576150955717
2.6743663406029587 7.442540025710187 5.016217514913494
2.6743663406029587 7.442540025710187 3.8109188189686733
2.6743663406029587 4.185619954932548 3.137713278988177
2.6743663406029587 2.9874820801616946 2.852609378603697
2.6743663406029587 3.056161094184177 2.980877941895291
2.6743663406029587 2.592571286136199 3.002513155447574
2.592571286136199 3.0525934194405164 2.9733636728546986
0.8987813987032927 4.646244036048923 2.8592031516669443
0.8987813987032927 5.863927140121543 4.81738312277266
2.6507858337376224 5.647162072487024 3.399765915563764
2.6507858337376224 5.6009011026158255 4.100231317767427
3.9548835319429583 6.186767338376736 5.061457452144139
2.6507858337376224 6.186767338376736 4.817726682746526
2.6507858337376224 6.040901288469943 3.6884281620565784
2.6507858337376224 6.040901288469943 3.7649038198881355
2.6507858337376224 6.2195964904770875 4.826816051082643
2.6507858337376224 6.2195964904770875 4.024014753844854
2.6507858337376224 5.536223072269642 4.595340059687181
2.6507858337376224 5.536223072269642 3.16923978413583
2.6507858337376224 6.077427811217014 3.9428200743424853
0.10816831614178968 6.077427811217014 3.7083300377293447
3.2553862775675673 4.5298307252799255 0.2782322549547946
3.260133663817698 5.195460832027038 3.9026660031113645
0.10816831614178968 4.926784449265536 3.2467616667358135
0.10816831614178968 3.2553862775675673 0.2292151608120116
0.7347845183851729 5.549111757389863 4.434480344510849
0.7347845183851729 7.108938075264893 4.769830559198397
0.7347845183851729 3.202897030898033 2.459469338078199
0.7347845183851729 7.286931009352326 5.5132123576956875
0.7347845183851729 9.116111047093812 6.841453081561765
0.7347845183851729 8.374752195437418 5.298984136571793
0.7347845183851729 6.224358858450817 4.403850526175452
0.7347845183851729 6.178716130630434 4.386425791768861
0.7347845183851729 8.493923450602901 5.69743402035496
0.7347845183851729 5.318596022243991 4.285536138852648
0.7347845183851729 4.656186701635388 3.756851024484512
0.7347845183851729 4.113038376158677 3.389425995369638
