4.251127767090441 7.574285242895909 5.439146821244147
4.251127767090441 8.364574782630575 5.749277591387809
4.251127767090441 6.3767003961621995 4.860741016266198
4.251127767090441 6.3767003961621995 6.179648453069047
4.251127767090441 6.3767003961621995 5.928737742339005
4.251127767090441 6.972291590917443 5.827713262127882
4.251127767090441 7.065771190106654 6.40169491132147
4.052751885870546 7.065771190106654 6.429205826289656
4.052751885870546 7.338804383916409 5.290617315318245
2.8256291269588947 7.709192873729997 5.361463451237932
0.47059480956482647 7.709192873729997 3.60650459166602
3.3989507810130957 5.2189149862890645 2.296871800612611
0.47059480956482647 5.2189149862890645 2.333200016134479
0.47059480956482647 5.984172846793836 3.477228673455873
0.47059480956482647 2.945482159715152 1.740613119296465
0.47059480956482647 5.979174597232099 4.329302720571524
0.47059480956482647 6.542003623033324 4.538357950273828
0.47059480956482647 6.542003623033324 4.300280997348961
0.47059480956482647 6.473545826831522 5.458232693164415
0.47059480956482647 6.473545826831522 2.3373321966476617
5.190042820167566 0.47059480956482647 0.46471960494497194
5.190042820167566 5.119249630075387 3.3531068359439806
5.190042820167566 7.62559455239502 5.918644385392647
0.47059480956482647 5.190042820167566 4.472065274047319
0.47059480956482647 4.934803333283774 3.5978577993180463
0.47059480956482647 6.215476898517657 4.535630509652391
2.4746690264372586 5.602208387809714 1.5668559427578286
0.47059480956482647 6.650533792509304 2.9116729396287826
0.47059480956482647 2.4746690264372586 0.5476745871368428
0.47059480956482647 3.2477480753412284 1.3251035067267967
0.47059480956482647 4.990540654652232 2.20903551921383
3.484537756153838 5.507291085631898 2.5816297559401398
0.47059480956482647 5.507291085631898 1.1279974273503308
0.47059480956482647 0.47059480956482647 0.47059480956482613
0.47059480956482647 5.750629662377115 2.9037811644925435
0.47059480956482647 6.929699539666247 4.589615686238585
0.47059480956482647 7.760503121982955 4.374715710274023
0.47059480956482647 3.2201739033922476 2.934427633642171
0.47059480956482647 4.669587241064683 2.719875420454533
0.47059480956482647 4.669587241064683 2.288098815086038
0.47059480956482647 1.3050883299334974 1.0475577181746254
0.47059480956482647 5.44832504902168 3.049073797656629
0.47059480956482647 2.3090653504418666 1.3165712986304674
0.47059480956482647 0.900405012278537 0.48712597120766116
0.47059480956482647 7.2708234153158156 4.914583047986853
0.47059480956482647 5.518634394175212 3.8443331687776894
0.47059480956482647 2.7323216699156423 1.9500537709862233
0.47059480956482647 3.0626074036855226 2.663339065634969
0.47059480956482647 4.305980243946387 3.3779166379546544
0.47059480956482647 4.305980243946387 2.233632188328293
