1.9724321066753387 7.515589848659165 5.049129563702636
1.9724321066753387 7.515589848659165 5.813209245737838
1.9724321066753387 5.363679690587745 3.5376232992502965
3.032451691021724 1.9724321066753387 1.9724321066753396
1.9724321066753387 3.032451691021724 1.9724321066753396
2.342832974190831 6.211174017054486 3.775059947555647
1.9724321066753387 6.016319136019746 5.3891724650364985
2.342832974190831 6.016319136019746 5.4573112231539636
2.342832974190831 6.016319136019746 4.8049866084484325
2.342832974190831 7.423246281924696 6.322452095672246
2.342832974190831 7.423246281924696 5.999535578399323
2.342832974190831 7.423246281924696 3.6033666418513004
2.342832974190831 3.997143022437474 3.2905814758272607
2.342832974190831 3.3677798129886622 3.3093260355674685
2.342832974190831 3.3837857706421812 3.0813492403318268
2.342832974190831 6.4498015270811315 4.264578018969453
2.342832974190831 6.4498015270811315 3.520370013239138
2.342832974190831 5.900316447535545 4.630450754086779
2.342832974190831 9.245898101620167 6.775516008220934
2.342832974190831 9.245898101620167 8.12971875305357
2.342832974190831 9.245898101620167 4.971041166584755
2.342832974190831 5.982326802337045 4.617186081110775
2.342832974190831 5.982326802337045 4.062170958359618
2.342832974190831 6.181247288400392 5.539756701955756
2.121947335314229 7.292046854723706 5.159718984751619
3.0984370043250142 7.292046854723706 3.1511129245473506
3.0984370043250142 3.4835356340316044 3.323142878961076
2.931325833276724 3.4835356340316044 3.1060186851169513
2.931325833276724 3.4835356340316044 2.971846729965177
4.975988465276089 3.4835356340316044 2.9525646717672975
2.931325833276724 4.975988465276089 3.6885798903106926
2.931325833276724 4.975988465276089 4.160251429861953
2.931325833276724 5.738994454732875 4.315782522717282
6.0836587340732 3.8506390371745423 3.7243304008603957
6.0836587340732 4.886483959161453 4.171967764500457
3.7672091059824244 6.0836587340732 5.343306133893279
0.9537808508940278 6.07394513660163 3.8008040463729476
0.9537808508940278 6.07394513660163 1.150710246498166
0.9537808508940278 5.999018783098894 3.354409584045921
0.9537808508940278 2.7601580825868735 1.787493419367649
4.94159055413331 2.7601580825868735 1.1622089930124326
0.9537808508940278 4.94159055413331 1.2605354434508955
0.9537808508940278 1.4262274752428543 1.0082939229342767
0.9537808508940278 1.5203178515161118 1.1498898126478259
0.9537808508940278 1.5203178515161118 0.9973606201726493
0.9537808508940278 4.986320815412174 4.076227292158053
0.9537808508940278 4.986320815412174 3.2937897205160414
0.9537808508940278 4.986320815412174 1.7780673019240623
0.9537808508940278 5.121581490626678 3.894570810402502
0.9537808508940278 3.2543368517148257 2.8762040587986073
