3.8785962326829773 7.656028482178735 5.8090372506730565
3.8785962326829773 6.185781789373106 6.018897630528361
3.767689730648954 3.8785962326829773 3.8159791254854047
3.767689730648954 6.014726060471052 5.006333370781561
3.767689730648954 7.539267010582201 6.405282316211108
3.767689730648954 6.918839451796819 6.095068536818418
3.767689730648954 6.918839451796819 6.22455811340921
3.767689730648954 5.67715902871932 5.603717901870459
3.767689730648954 6.234047881578277 5.96072492406941
3.767689730648954 5.8771218243243375 5.186576070286345
3.0589193269891983 4.614306531664173 3.8638733294674443
3.0589193269891983 6.46966798672322 4.633111016097209
3.0589193269891983 6.46966798672322 5.116374816258442
3.0589193269891983 6.564467875727434 5.413992442664901
3.0589193269891983 6.564467875727434 6.429639085391349
3.0589193269891983 6.564467875727434 6.429639085391349
3.0589193269891983 6.564467875727434 6.414521387017919
3.0589193269891983 6.66028694589987 6.475819711763489
3.0589193269891983 6.95913039599237 6.588472846763409
3.0589193269891983 6.997508747061763 6.3247813825724455
3.0589193269891983 5.256510597333023 4.309357782682376
3.0589193269891983 5.020866171590249 4.499328094034327
3.0589193269891983 6.847923108225277 5.33595226719762
2.9981624430586966 3.9598932235143676 3.444374991112489
2.9981624430586966 6.449389098469947 5.474591199147132
2.9981624430586966 4.962630693571086 4.7182234778893815
2.9981624430586966 6.355065698686108 5.014186846234503
2.9981624430586966 6.355065698686108 6.225954035008129
2.9981624430586966 2.9981624430586966 2.998162443058698
2.9981624430586966 6.452616949488643 4.658738850160697
2.9899141861513923 3.010769015081707 3.0006588412668314
2.9899141861513923 3.0266937417715423 3.0110786046870834
2.9899141861513923 3.0400720098634904 3.0247246262873735
2.498001357972918 3.931772690660392 3.1786616972201567
2.498001357972918 5.307108159927083 4.139229900267036
2.498001357972918 6.717257442557816 4.701748389849147
2.498001357972918 3.010797497493162 2.9910745690500766
2.498001357972918 3.4829875919167432 3.209008458784037
2.498001357972918 3.756946498233042 3.587024139115834
2.498001357972918 6.389643729040589 4.933142434556185
2.498001357972918 6.797223557129103 5.458442341099902
2.498001357972918 5.556244161483505 4.928216221435692
2.498001357972918 5.2610302039618055 4.845797828583295
2.498001357972918 4.10948197715614 3.936730468382623
2.498001357972918 7.444981761111478 5.871561581141685
2.498001357972918 6.665258046886805 6.476166466333628
2.498001357972918 6.665258046886805 6.504978943467041
2.498001357972918 7.1762519058720144 6.740822262998678
2.498001357972918 6.167380229507113 4.936883152931049
2.498001357972918 8.289188516640621 5.265786503585994
