2.9219574958641243 7.653888581804381 5.186791874248891
2.9219574958641243 4.808414465478936 4.372449682511159
2.9219574958641243 4.386128337801264 4.195729614470655
2.9219574958641243 6.584413434337641 5.591876200920341
2.9219574958641243 5.906327196022968 5.252833081763007
2.9219574958641243 6.305599944117397 5.975823475906598
2.9219574958641243 6.305599944117397 6.175459849953812
2.9219574958641243 6.250142567465701 6.094093817249401
2.9219574958641243 4.525613999299992 4.272599938059186
2.9219574958641243 4.504643521161132 3.820856684692375
2.9219574958641243 6.099409767328716 5.852928671154581
2.9219574958641243 5.40185667407226 4.314194338972732
2.9219574958641243 6.456235788244914 4.995650949335868
2.9219574958641243 6.341485126313675 4.715137645767169
2.9219574958641243 4.581271707922827 4.313644419181204
2.9219574958641243 4.173656685213327 4.125514408699899
2.9219574958641243 6.2192033373788504 5.069612863545521
2.9219574958641243 7.479412027439498 6.568264765776892
2.9219574958641243 7.191288007466984 6.545108578975142
2.9219574958641243 6.585772202085131 5.967679294547081
2.9219574958641243 6.136053491431678 5.720352066265462
2.9219574958641243 5.787286312568899 4.59434740239385
2.9219574958641243 6.082225291569966 5.813207040696131
2.329184189169322 4.6059801813297625 3.4028120819624026
2.329184189169322 6.257836928951072 4.8075259646407975
2.329184189169322 7.877476848892744 6.153054034482143
2.329184189169322 6.3165085593055394 5.36772872877117
2.329184189169322 6.645513660235881 5.593417525460475
2.329184189169322 4.725666157478049 4.633493774081557
2.329184189169322 6.098677115698042 5.267191139413862
2.329184189169322 4.725666157478049 4.3398749883011245
2.329184189169322 6.055861089595936 5.298591240140502
2.329184189169322 6.579807975727025 4.983915049729376
2.329184189169322 6.369326972521403 4.886769971326782
2.329184189169322 3.714993184236168 3.6616928382720584
2.329184189169322 6.5105995588972725 4.361270915789238
2.329184189169322 5.338388836091177 3.9281274755432354
2.329184189169322 5.700950049717527 5.40393080263813
2.329184189169322 6.330424461103487 5.861793398797658
2.329184189169322 7.685287484237895 6.464367713460556
2.329184189169322 5.655455888457723 4.937277171301009
2.329184189169322 5.947317711746621 5.1797596747089205
2.329184189169322 6.646179076810075 5.922876826824232
2.329184189169322 6.646179076810075 5.440213784003181
2.329184189169322 4.413322331413994 4.146713797986864
2.329184189169322 4.541639762150378 4.204359877041312
2.329184189169322 4.577034418163937 3.83376255395073
2.329184189169322 5.67828666356446 4.434912990972144
2.329184189169322 6.686197457507529 5.655744807362231
2.329184189169322 7.1565864116075115 6.508794925997795
