2.599529770199418 7.6482069164890785 5.690835948043175
2.599529770199418 7.710472363630213 6.740697486493596
2.599529770199418 7.710472363630213 6.645281100827715
2.599529770199418 7.353580784373463 5.515499410137346
2.599529770199418 5.951164733758986 5.742438564271557
2.599529770199418 5.995558326189421 5.682715017317273
2.599529770199418 6.926115092867132 6.112202755783908
2.599529770199418 5.492507995067648 4.957169581849692
2.599529770199418 6.248912980686335 5.345322313980794
2.599529770199418 8.119691767119793 6.584734978640569
2.599529770199418 5.474406036078296 5.36383387200603
2.599529770199418 5.720807734401809 5.578871675400179
2.599529770199418 6.843191982142937 6.096895174357625
2.599529770199418 10.307155853553969 8.42271644089016
2.599529770199418 7.629116576652876 5.4842140890302735
2.599529770199418 5.964155544098681 5.053298322241778
2.5873733707222795 6.295128723555898 4.4417186009651335
2.5873733707222795 5.653765570546785 4.120569470634532
2.5873733707222795 4.777251583043032 3.6823124768826565
2.5873733707222795 4.7971390231851 4.267997334703418
2.5873733707222795 5.371851052011817 4.852807209263959
2.406784693908247 5.371851052011817 3.896263591299035
2.406784693908247 5.371851052011817 5.2578100382386035
2.406784693908247 6.485304614576872 5.814536819521131
2.406784693908247 4.554531121677815 4.102834297064825
2.406784693908247 5.68747387578194 5.038396866892588
2.406784693908247 5.68747387578194 4.775700034639739
2.406784693908247 5.720648678241211 5.239036962327983
2.406784693908247 6.442482482292924 5.604556678373371
2.406784693908247 6.440805631663732 5.313991734041981
2.406784693908247 4.497487139324498 4.417075506808491
2.406784693908247 4.497487139324498 4.417075506808491
2.406784693908247 5.257893740777231 4.1035156415841545
2.406784693908247 7.005134299008988 6.16823602369033
2.406784693908247 5.57505050291029 4.16072918485606
2.406784693908247 6.267612630098856 5.74144485879635
2.406784693908247 5.94338054416815 5.710627593893029
0.336842021779177 6.2378603892817 3.140002140323767
0.336842021779177 0.336842021779177 0.33684202177917677
0.336842021779177 3.2202466726247825 1.7785443472019795
0.12214102221846135 5.660516404348932 2.899586444036032
0.12214102221846135 0.2669650737351863 0.2133355922940539
0.12214102221846135 4.594801811971578 2.2211837465131996
0.12214102221846135 6.235212893952934 3.2107425683090987
0.12214102221846135 0.191616511035829 0.18894437685054552
0.12214102221846135 3.259086660664448 1.722679451664856
0.12214102221846135 4.256065540095612 2.0648439287242923
0.12214102221846135 3.013257774522295 1.6317270973275817
0.12214102221846135 2.9616808494941833 1.6059386348135263
0.12214102221846135 3.1849427929827354 1.6668365076404639
