2.2112190341618576 7.608048089472412 5.48475388924103
2.2112190341618576 7.567493424647406 6.700072572110089
2.2112190341618576 8.115554883543146 6.181334730364361
2.2112190341618576 9.576641410724507 6.894620515190493
2.2112190341618576 6.510555073920308 5.761995523812102
2.2112190341618576 5.246954051999065 5.099314620755717
2.2112190341618576 5.119423673172857 4.521379191343223
2.2112190341618576 9.508583932919485 6.344349981156319
2.2112190341618576 5.699244664236623 5.008933371544506
2.2112190341618576 5.129581176903905 4.724101627878147
2.2112190341618576 6.41064683244527 4.893405623142908
2.2112190341618576 4.221901730809673 3.8156218494667047
2.2112190341618576 3.6335119329791827 3.4468834559686767
2.2112190341618576 4.583104496877301 4.177322954644781
2.2112190341618576 3.953994140313448 3.814295270405937
2.2112190341618576 5.4354761908720945 4.63508417364949
2.2097497719357304 3.555191854264557 2.882527323185765
2.2097497719357304 5.423284479495784 4.375925507098284
2.2097497719357304 6.1344124882442586 5.923209564920748
2.2097497719357304 6.273234557920279 5.99262059975876
2.2097497719357304 6.373283511049703 5.937423011799691
2.2097497719357304 5.472351536796609 4.544075529225936
2.2097497719357304 4.5322754328308505 4.420498761061397
1.439008659469899 3.463148293134044 2.4807223652429657
1.439008659469899 5.0475894950849565 3.243299077277428
1.439008659469899 6.969393991516354 5.571147292453433
1.439008659469899 6.025157936531873 5.190224616569444
1.439008659469899 6.025157936531873 5.8487675797217955
1.439008659469899 2.693493708504946 2.018001759024536
1.439008659469899 2.854749850664494 2.590981629100414
1.439008659469899 6.60224287273822 4.290089249084935
1.439008659469899 2.0228462059284635 2.0003909156800583
1.439008659469899 3.11528894017118 2.546612282801417
1.439008659469899 5.242601053973729 3.986016956082982
1.439008659469899 5.242601053973729 5.096309038800504
1.439008659469899 6.499700309068729 5.724858666348004
1.439008659469899 6.723427033850051 4.97097405037892
1.439008659469899 6.723427033850051 5.554777908775963
1.439008659469899 6.723427033850051 6.1171900095491845
1.439008659469899 8.027781211163928 6.71623784408547
1.439008659469899 11.385790287442244 7.8974384565929565
1.439008659469899 6.2723573849913805 5.276912856201269
1.439008659469899 6.379721839427461 5.392867891179728
1.439008659469899 6.368582389707708 5.248142466746128
1.439008659469899 7.089562947407153 6.449726002127179
1.439008659469899 9.370859384902891 6.798832466963171
1.439008659469899 8.176026972914265 6.955817434466433
1.439008659469899 7.732315554389887 5.063899303082691
1.439008659469899 8.201753160911817 6.551685195555766
1.439008659469899 7.764567171305071 6.037063558384423
