3.025261552787996 7.654019792157632 5.456680016846561
3.025261552787996 7.107555943289363 6.794728184648258
3.025261552787996 7.107555943289363 6.196028003973405
1.6689871605249746 7.9259126194507825 4.608963310500849
1.6689871605249746 5.554920266594074 3.6119537135595263
1.6689871605249746 2.369711574508003 2.03128106403392
1.6689871605249746 3.289844790341665 2.6937963084770264
1.6689871605249746 5.653319162058114 3.8755334943352513
1.6689871605249746 5.55928189965185 5.36634652559584
1.6689871605249746 7.272291283223579 6.222851217381706
1.6689871605249746 6.828506727949565 4.676907483275666
1.6689871605249746 5.696067313131326 3.8148634049142793
1.3521990538229578 2.2434348930515644 1.7757228298785461
1.3521990538229578 3.481857397948666 3.3503268890365234
1.3521990538229578 5.709872064605314 5.170697398876786
1.3521990538229578 7.665355121488808 7.145711767092787
1.3521990538229578 11.735274251025531 8.97914455457794
1.3521990538229578 11.735274251025531 11.019582894575203
1.3521990538229578 11.897737093709793 7.832300727547901
1.3521990538229578 11.839312459412549 9.0048659840053
1.3521990538229578 5.872472372709744 4.879963940011527
1.3521990538229578 7.3855580998807735 6.45515857018423
1.3521990538229578 6.644819528627629 6.039538312059803
1.3521990538229578 5.932774022531696 5.080269037840663
1.3521990538229578 7.50871372813646 6.835749003006641
1.3521990538229578 2.407576712028821 1.8798878829258892
1.3521990538229578 5.348381393619821 3.1965909029599704
1.3521990538229578 3.1319561003879284 2.2420775771054435
1.3521990538229578 5.8348527900250176 5.653803890672409
1.3521990538229578 5.816134652777869 5.594004710050252
1.3521990538229578 8.785960638918906 6.902560569628826
1.3521990538229578 5.590988314576897 4.786035361424728
1.3521990538229578 4.307143120638251 4.063596350638155
1.3521990538229578 6.95059539445313 5.546691008482568
1.3521990538229578 4.139326439704565 3.7812692866462303
1.3521990538229578 3.6376065478864814 3.208997303299595
1.3521990538229578 6.9860946365528065 4.834248836912578
1.3521990538229578 5.393555425858281 4.037979231565315
1.3521990538229578 5.110482285625601 4.236172251009845
1.3521990538229578 5.643615692563845 3.49648411558087
1.3521990538229578 3.178877807881428 2.416582641768705
1.3521990538229578 3.9665946072427016 2.625642018087836
1.3521990538229578 6.522055901450386 5.143771579215015
1.3521990538229578 5.828939364384436 5.549393058232476
1.3521990538229578 6.521692022439957 4.057884111757049
1.3521990538229578 5.702233046660918 3.6376546459738988
1.3521990538229578 5.718619183352857 4.908221906906511
1.3521990538229578 6.560684390962184 5.240186621571738
1.3521990538229578 6.530048314537584 4.905405221141037
1.3521990538229578 3.626088909505612 3.4059379206973777
