3.0598869095882972 7.7540929272021515 5.361572619643649
3.0598869095882972 8.228833341855747 6.110172954974439
3.0598869095882972 5.694906876424103 5.517516844015611
3.0598869095882972 5.530146803442019 5.435136807524571
3.0598869095882972 8.39619251260693 7.0511927684454685
3.0598869095882972 5.9267185338419885 5.816455779063001
3.0598869095882972 5.9267185338419885 4.841076523671216
3.0598869095882972 6.647735328186002 6.14923276106793
3.0598869095882972 8.031381726988824 7.3360500666275765
3.0598869095882972 11.562220480309879 8.585793645890128
3.0598869095882972 12.668646181329486 9.227729294143753
3.0598869095882972 12.45499294128423 9.05861658372481
3.0598869095882972 15.203326879336702 10.079315811283406
3.0598869095882972 5.931643301631517 4.5609911827579595
3.0598869095882972 5.486668305394986 4.217292990690502
3.0598869095882972 3.465075528715268 3.3827863923273522
0.9675200100815542 3.5074605833364427 2.317965946690028
0.9675200100815542 4.008872836246223 2.409780597973058
0.3180658375641987 6.1966301205890915 3.0562283594417403
0.3180658375641987 5.537785605356273 2.9279257214602366
0.3180658375641987 0.3180658375641987 0.3180658375641985
0.3180658375641987 5.371361769365631 2.6503562676263974
0.3180658375641987 2.7423470475385803 1.4369648575523746
0.3180658375641987 4.216835546296323 2.267450691930261
0.3180658375641987 2.960906983439888 2.5150283710319807
0.3180658375641987 3.4421241539826686 3.1576648074832074
0.3180658375641987 3.278749919376431 2.517330519825871
0.3180658375641987 4.717621539923325 3.0916574555227188
0.3180658375641987 4.330795729773058 3.491540160792051
0.3180658375641987 4.393816013451271 4.165221659830655
0.3180658375641987 3.306533187820311 3.1438781973975867
0.07045495021761683 2.320130919624497 1.2048164305882327
0.07045495021761683 4.370640357779276 2.055155907553767
0.07045495021761683 5.662100294853328 2.651214340049483
0.07045495021761683 4.93021023603675 2.3134189282879856
0.07045495021761683 5.095542019550795 2.5829984848842065
0.07045495021761683 6.364638705074743 3.217546827646181
0.07045495021761683 4.290615095477289 2.018221171106696
0.07045495021761683 0.07045495021761683 0.07045495021761683
0.07045495021761683 4.321654073389617 3.520983305908279
0.07045495021761683 3.253139714103075 1.539386379703213
0.07045495021761683 3.253456561352206 2.799452216948804
0.07045495021761683 3.033285946085233 2.713202313341857
0.07045495021761683 2.752027741625089 1.4112413459213529
0.07045495021761683 7.285960891486409 3.6782079208520146
0.07045495021761683 0.07045495021761683 0.07045495021761683
0.07045495021761683 5.430775920615453 4.219257629582372
0.07045495021761683 5.09100994429944 2.3876341782553805
0.07045495021761683 0.07045495021761683 0.07045495021761683
0.07045495021761683 0.07045495021761683 0.07045495021761683
