1.2136560137097097 7.582206361830336 4.809964571537935
1.2136560137097097 3.6795676984236256 3.264080689180604
1.2136560137097097 6.3112822002929825 5.998278224933285
1.2136560137097097 7.155357763725643 6.378106442758712
1.2136560137097097 7.446131419444697 7.024795983236573
1.2136560137097097 7.443841508592822 5.313364746957307
1.2136560137097097 4.497437985285774 3.743186303817568
1.2136560137097097 5.424572242466482 4.175445406141748
1.2136560137097097 6.4597150891808965 5.293288932660224
1.2136560137097097 4.551515448377987 4.35493179938144
1.2136560137097097 2.220769820592015 1.8743022339349684
1.2136560137097097 7.493738656787945 6.480765864114321
1.2136560137097097 5.60804215188476 4.383342908511159
1.2136560137097097 7.48627212114596 6.679452964953352
1.2136560137097097 9.235323905769896 7.677344934917737
1.2136560137097097 5.887009617535995 3.550332815622852
1.2136560137097097 1.6323212729308918 1.4229886433203007
1.2136560137097097 4.508234047338622 3.4368018502317543
1.2136560137097097 4.173308413320786 3.7467999487489303
1.2136560137097097 4.590738816463215 4.22356338375861
1.2136560137097097 3.4640420162750662 3.15923979423311
1.2136560137097097 4.588628129185469 3.9604126412142757
1.2136560137097097 3.932039326974046 3.1611220881311053
1.2136560137097097 3.6044751727954574 3.1865868142062204
1.2136560137097097 2.89828532577592 2.8334918906964512
1.2136560137097097 5.9055349192362705 4.417764799012866
1.2136560137097097 5.402133411054013 4.0283439462336625
0.5324396344096738 3.153490181729762 1.869165538042797
0.42920650927870385 1.0981986936119275 0.741942637629844
0.42920650927870385 5.536197347369846 2.982701928324275
0.42920650927870385 5.403094694625594 2.7248472102080377
0.42920650927870385 4.384496535191623 3.4839787603938843
0.42920650927870385 4.182528504506401 3.4405633016158528
0.42920650927870385 4.877006099734842 4.690921016674445
0.42920650927870385 6.458841713843409 5.53691606633737
0.42920650927870385 2.7811926700952303 1.6051995896869673
0.42920650927870385 5.022500978255334 2.549188571883302
0.42920650927870385 4.857963231298989 2.4732480732880666
0.42920650927870385 6.652793461004169 3.57955278281112
0.42920650927870385 0.9850495624431095 0.9636709834752474
0.37732338457203385 5.742945689943209 3.0621300420540334
0.37732338457203385 5.403852967836524 3.173086569578952
0.37732338457203385 3.396171137804576 2.3259716805139607
0.37732338457203385 1.328976293110952 1.2923742581671471
0.37732338457203385 4.098663094804962 2.677217659014153
0.37732338457203385 5.728125092846664 4.025821281822669
0.37732338457203385 8.858552123705184 6.949776559627442
0.37732338457203385 5.670491780418146 4.385848769866314
0.37732338457203385 4.684661116315894 3.8407617009264876
0.37732338457203385 4.961896369312953 4.680779673400048
