2.384179464710432 7.700235810499331 6.148135012260047
2.0770258014016183 5.665441122633066 3.74503109055878
2.0770258014016183 6.493543030094262 5.86659536941928
2.0770258014016183 6.681095080736817 5.995531518849601
2.0770258014016183 5.893815426851734 4.862521770197627
2.0770258014016183 5.893815426851734 5.747015825872883
2.0770258014016183 5.6185433110429415 4.542647615458006
2.0770258014016183 4.468578164865818 4.3586015723073945
2.0770258014016183 6.586922084051153 5.389813178237962
2.0770258014016183 5.6310728215539605 5.309232229485915
2.0770258014016183 7.135085440540282 6.167495354770777
2.0770258014016183 4.608711529578596 4.289699757814355
2.0770258014016183 4.593154753358466 4.4852406657613155
2.0770258014016183 4.593154753358466 3.9834000706502097
1.9708387270122576 7.450784717213123 4.504128686889173
1.9708387270122576 1.9708387270122576 1.9708387270122574
1.9708387270122576 2.807433079134402 2.3569591972224786
1.8636399580528438 5.155978522911884 3.3873038637169923
1.8636399580528438 6.2761876176458955 5.8177329874055115
1.8636399580528438 6.367705996803323 5.552282481285646
1.8636399580528438 5.523120205226647 5.108957803876189
1.8636399580528438 8.416434093370292 7.18182097586468
1.8636399580528438 7.574115896041054 7.066238495998927
1.8636399580528438 8.127740220954019 7.165989230781532
1.8636399580528438 4.280904879532255 4.1617474759285935
1.8636399580528438 4.24885312394095 3.5341512854928476
1.8636399580528438 6.2109290099949135 5.151752883852674
1.8636399580528438 7.605121019077313 6.009095730123213
1.8636399580528438 5.849484267711485 4.406572433480418
1.8636399580528438 5.849484267711485 5.696182563493848
1.8636399580528438 6.478285312355364 5.327393176478101
1.8636399580528438 7.122426349277825 5.5435718916650485
1.8636399580528438 6.175114361458565 4.849185582892214
1.8636399580528438 5.864416291315258 4.6091112369308185
1.5605329365507612 3.661558208181948 2.62270353473182
1.5605329365507612 5.766837540147776 3.6636852383492684
1.5605329365507612 4.344706256364976 3.8439628869391145
1.5605329365507612 4.999655299572055 3.9100567684890253
1.5605329365507612 3.8886125376836778 3.447329028413093
1.5605329365507612 4.668785670508484 4.517834504030594
1.5605329365507612 5.106341173346706 4.566874743809356
1.5605329365507612 7.025988002595822 6.522103880395078
1.5605329365507612 6.364354125692579 6.148105061313943
1.5605329365507612 7.579719810032248 6.374946890221827
1.5605329365507612 5.977988373585838 4.384104736369573
1.5605329365507612 6.203663541578038 5.526218798684021
1.5605329365507612 8.05446811042409 6.59024745136417
1.5605329365507612 6.146542983108464 5.867328524151696
1.5605329365507612 5.490513172045144 3.785379474882589
1.5605329365507612 2.3825519496811407 2.350935833791512
