2.13179745213429 7.503895241587502 5.050418086344411
2.13179745213429 9.130586878489252 7.567322990951772
2.13179745213429 6.505637400984657 4.5813575144334155
0.3943522191039972 2.7632419677777347 1.5545107659161184
0.3943522191039972 2.785340197411142 1.4978851321688336
0.3943522191039972 0.8942249819097552 0.6250627250143468
0.3943522191039972 4.886177023567374 4.56135301189202
0.3943522191039972 3.725330489044769 3.2417590447352183
0.3943522191039972 6.569679765741061 6.213399458331514
0.3943522191039972 5.294854056568983 4.562307615965649
0.3943522191039972 6.12110609512834 5.519499235946162
0.3943522191039972 2.8013214253807353 1.857876205112144
0.3943522191039972 5.779481173115531 5.0030686241256275
0.3943522191039972 6.624575639814378 5.293183660064939
0.3943522191039972 3.414392466840962 2.5044296165843503
0.3943522191039972 1.2929170024689403 1.2279267181226647
0.3943522191039972 2.6755791223924956 1.6348455292197959
0.3943522191039972 2.8514601702882065 2.702309851001029
0.3943522191039972 5.414487261510242 4.26528251166452
0.3943522191039972 2.9325480883378465 1.5658272356734662
0.3943522191039972 0.3943522191039972 0.394352219103997
0.3943522191039972 5.353673539035864 2.6832697513802426
0.29960230358997153 2.9128383864882754 1.5093554924474204
0.29960230358997153 3.2481515612695238 1.7738769324297474
0.29960230358997153 3.23447642351632 2.881982657738592
0.29960230358997153 5.529398018503951 4.11865722701207
0.29960230358997153 2.908609279847703 2.808262857683945
0.29960230358997153 6.891960712138111 4.928121888415536
0.29960230358997153 5.292376317761178 3.4184177379854197
0.2967477071272495 6.575072837184912 3.436020064327724
0.2967477071272495 5.327429143544066 2.8120884253356584
0.2967477071272495 1.8701742072553 1.0834609571912746
0.2967477071272495 2.3632482446923544 1.3649899033451998
0.2967477071272495 3.302089711126922 3.1356030308610463
0.2967477071272495 3.5157357359189523 2.6563455242452685
0.2967477071272495 4.910803624316845 3.4104627745824505
0.2967477071272495 7.765851616661539 6.5752071911373395
0.2967477071272495 0.2967477071272495 0.29674770712724935
0.2967477071272495 5.668862611246357 2.9828051591868032
0.2967477071272495 2.7076544905565467 1.4094739148638484
0.2967477071272495 5.265195095710581 2.589877271088788
0.2967477071272495 0.2967477071272495 0.29674770712724935
0.2967477071272495 5.166399206047572 3.650962134332529
0.2967477071272495 4.956262252853659 2.904476921219886
0.2967477071272495 5.6619046208721215 5.283384259885936
0.2967477071272495 7.7270850503204525 4.214176237643385
0.2967477071272495 5.8288019412559855 5.603741985906323
0.2967477071272495 4.158070819077729 3.513737988937388
0.2967477071272495 3.3037705685041527 3.0865878636505992
0.2967477071272495 4.529857860354447 3.4159610820872306
