2.7715626659463664 7.713828303706617 5.292838361494007
2.7715626659463664 6.526289684130756 6.162157239521739
2.7715626659463664 4.653947169626587 4.4887290455827955
2.7715626659463664 4.920166929452858 4.206538753748771
2.7715626659463664 5.937893592240393 5.127441611820737
2.7715626659463664 5.662645667820332 5.246242879630524
2.7715626659463664 5.052231091584865 4.964513075214157
0.6299939748523653 6.339602012754632 3.3475657112339503
0.6299939748523653 3.99075536670134 2.181114617244201
0.6299939748523653 4.802102824894384 2.5555826748717587
0.6299939748523653 0.6299939748523653 0.629993974852365
0.6299939748523653 2.8955683189684973 1.6756436721367345
0.6299939748523653 6.524952108426952 3.5774730416396605
0.6299939748523653 2.9109587359143814 1.6827469414963734
0.6299939748523653 2.911092142388949 1.7705430586206579
0.6299939748523653 3.3084726044566968 1.9692332896545315
0.6299939748523653 3.3146083741987202 3.016109323351347
0.6299939748523653 3.3690825187553597 3.0412512362236424
0.6299939748523653 4.70460179342426 3.803782813806036
0.6299939748523653 4.280394896635293 4.108636339041469
0.6299939748523653 6.532812159610227 5.772204802459072
0.6299939748523653 6.158934452754671 4.878864855116798
0.6299939748523653 7.1906000204740845 4.643733645688728
0.6299939748523653 5.8175957530164055 3.331470520339356
0.6299939748523653 4.913495259565355 4.055477730951295
0.6299939748523653 4.98482481995298 4.784409990347127
0.6299939748523653 7.894522799556212 5.046981443355557
0.6299939748523653 7.932393835848494 6.649544608248069
0.6299939748523653 6.316150631675505 5.119771121313158
0.6299939748523653 6.553497327916769 6.249057561132072
0.6299939748523653 7.696618535041232 7.183571747095531
0.6299939748523653 6.5269444918454695 5.935953252187454
0.6299939748523653 4.799772990843657 2.5545073668483465
0.6299939748523653 5.952515739846543 5.649189775798782
0.6299939748523653 4.939818375858842 4.437789562308528
0.6299939748523653 5.540103245308359 4.188813699279396
0.6299939748523653 7.812687153015961 6.634392955008322
0.6299939748523653 5.891280130573261 3.877999496818936
0.6299939748523653 6.111477769258627 5.799021790080524
0.6299939748523653 6.545671821873352 5.591026122453016
0.6299939748523653 6.228334221149883 5.05547612888076
0.6299939748523653 8.201931206688501 7.510650771408651
0.6299939748523653 5.208003755995396 3.987176924725495
0.6299939748523653 5.191911218206908 4.899285945308225
0.6299939748523653 5.191911218206908 4.0823488884855985
0.6299939748523653 5.365337653614734 4.93866726739943
0.6299939748523653 6.345550144842871 4.4728263898953475
0.6299939748523653 3.0397608018701665 2.947077462369483
0.6299939748523653 3.63838686080133 3.2262359676963097
0.6299939748523653 4.3990168067556965 3.6293542848592364
