2.6016880473896156 7.648163923915453 5.322182988145794
2.6016880473896156 5.627172263054192 4.8655274891100495
2.6016880473896156 5.950096943244862 5.776036408290457
2.6016880473896156 4.994474023822498 3.882480212950279
2.6016880473896156 6.4960875879829345 4.802279539977657
2.6016880473896156 5.1453066420374505 4.245660101642619
2.6016880473896156 6.945635757505661 6.455135250432869
2.6016880473896156 6.867623872522202 6.508634974635237
2.6016880473896156 7.660864705496136 6.995220450794236
2.6016880473896156 6.492724672206997 5.939915459161588
2.6016880473896156 5.686416755717509 5.567773343858748
2.6016880473896156 6.694633047360984 4.559807284845442
2.6016880473896156 5.845039097928073 4.834298505578477
2.6016880473896156 5.089523611719155 4.375322876123553
2.6016880473896156 3.7494083149561424 3.7052652277420455
2.6016880473896156 3.7494083149561424 3.4828599486607312
1.044240653974232 6.392315615980927 3.778179957801248
1.044240653974232 3.8390882182075967 2.441664436090916
1.044240653974232 5.69164843069407 4.084285920236089
1.044240653974232 5.669785967594205 4.739766205734634
1.044240653974232 4.040205259700134 3.9249758517875963
1.044240653974232 4.756925882125245 4.283336163000153
1.044240653974232 6.508702719110911 5.490018714919963
1.044240653974232 6.496779851531738 5.02970274179116
1.044240653974232 6.2613988293649605 5.9632599688556
1.044240653974232 7.342746577702066 6.503933843024149
1.044240653974232 6.050194479543901 5.85765779394507
1.044240653974232 6.050194479543901 5.85765779394507
1.044240653974232 6.995957912009025 6.330539510177633
1.044240653974232 7.431150701158298 6.207785845352162
1.044240653974232 5.94635679841921 5.400877997188735
1.044240653974232 5.8108856717306026 4.852102724950631
1.044240653974232 4.146415536046643 3.8874021643964203
1.044240653974232 3.8683558883327014 3.7590669423746004
1.044240653974232 5.503405645967039 4.77147109899601
1.044240653974232 6.792485014595988 5.834600059583049
1.044240653974232 6.4360749635753685 5.382485657018359
1.044240653974232 6.4360749635753685 5.771041689251165
1.044240653974232 6.417558105608759 5.30562948287509
1.044240653974232 4.540012220696234 4.3954870253364
1.044240653974232 4.442504056185289 3.750408143199258
1.044240653974232 4.442504056185289 3.615780964094189
1.044240653974232 5.101886547161065 3.8621096234158374
1.044240653974232 6.516019537246951 4.707185338824913
0.4727623874911626 6.5483668509295825 3.532544552536644
0.4727623874911626 1.2154573261533916 0.8155446668737295
0.4727623874911626 6.250744724325255 4.457603878721963
0.4727623874911626 6.10864234726116 5.697979421827831
0.4727623874911626 5.967037357559697 5.606300495222166
0.4727623874911626 7.7147685467135805 6.491659827818951
