1.9958832930861417 7.767199815218131 5.474343082676138
1.9958832930861417 6.161039461473571 4.38027359648333
1.9958832930861417 4.032811922446221 3.594186651119368
1.9958832930861417 4.2723985887816305 3.7016368097972645
1.180013835618372 5.132590712688376 3.187681868671366
1.180013835618372 3.06609876553479 2.1230563005765815
0.724331526304614 3.1667613864890325 1.8691330890556448
0.724331526304614 5.63428370286384 4.193833756716538
0.724331526304614 5.757396692990486 4.984307044200556
0.724331526304614 6.306378670821456 5.237430868454723
0.724331526304614 4.234051508456197 3.9899356987990107
0.724331526304614 4.5595452554199305 4.098586225152032
0.724331526304614 3.8615194210883 2.8883275407556974
0.724331526304614 5.627697623031626 4.467098078201458
0.724331526304614 6.246666704388094 5.61240010661144
0.724331526304614 6.5336978079868295 5.105509623065188
0.724331526304614 8.566488542222148 7.957775457362563
0.724331526304614 9.184698065807105 8.573971880325491
0.724331526304614 5.938255513441209 3.7200757823069868
0.724331526304614 5.681272207920625 4.229695845545191
0.724331526304614 5.623712685429098 5.288186117212309
0.724331526304614 3.7757747622477322 3.2947316322141567
0.724331526304614 3.981233411137574 3.4734512211686823
0.724331526304614 4.83549957543066 3.372386725080098
0.724331526304614 3.329690455462434 2.7198660883503902
0.724331526304614 6.454956533702731 4.695973817040742
0.724331526304614 0.724331526304614 0.7243315263046136
0.724331526304614 5.708859903374833 5.416051658068687
0.724331526304614 6.784205536670857 5.903940392664002
0.724331526304614 5.504245630044753 5.296157378027489
0.6516658333421792 4.205336028008151 2.2946161421481053
0.6516658333421792 6.562136356045485 4.320624484587282
0.6516658333421792 4.013977513976336 2.9767023326861053
0.6516658333421792 3.1116972612520475 2.1788881091494248
0.6516658333421792 4.511795302700943 3.7171296885953473
0.6516658333421792 4.5012528448025755 4.251963692594146
0.6516658333421792 3.246890032778673 2.9043460585513166
0.3382236204978146 2.7614347150498415 1.4686842107850717
0.3382236204978146 2.578858158948766 1.4914123572386457
0.3382236204978146 0.4094451334477509 0.40670584448813774
0.3382236204978146 3.3382514828449996 1.7584626211330228
0.3382236204978146 3.036762009000125 2.7949267109545244
0.3382236204978146 3.1009769141696286 2.8398435765812353
0.3382236204978146 5.55279922493753 3.916993304701409
0.3382236204978146 5.552109415578823 5.272966944445851
0.3382236204978146 9.579653500267504 7.477818982375651
0.3382236204978146 3.0401141924231223 1.5852500383094952
0.3382236204978146 5.163767211075513 3.8685131046245904
0.3382236204978146 4.782582449481545 3.334145813320683
0.3382236204978146 2.877174538601196 2.057843659818576
