2.763182135203945 7.727016821368386 5.43390891354424
2.763182135203945 9.543879965926312 8.29626932466946
2.763182135203945 7.5702508242374 6.864998920347805
2.763182135203945 7.197229027285765 5.574702653019321
2.763182135203945 6.633085927165908 5.496210400373932
2.763182135203945 6.633085927165908 6.484243473628907
2.763182135203945 6.638804606449018 6.487102813270463
2.763182135203945 6.638804606449018 6.48974220370882
2.763182135203945 6.638804606449018 6.472723017463728
2.763182135203945 7.492592041059158 5.307382758569617
2.763182135203945 6.49052899375992 4.946868415789196
2.763182135203945 6.49052899375992 6.142897047914564
2.763182135203945 6.081984091188897 5.2584370206067526
2.763182135203945 4.574198934592992 4.2629745398549055
2.763182135203945 4.562415636882722 4.37122188521952
2.407986898412102 6.304456170880048 4.220018687120071
2.4035206035529986 2.407986898412102 2.405925531554055
2.4035206035529986 4.128702677616371 3.1997584838899398
2.4035206035529986 4.128702677616371 3.967237391008205
2.4035206035529986 4.128702677616371 4.061619714503135
2.4035206035529986 4.389385518632011 4.182664678313461
2.4035206035529986 4.389385518632011 4.31300609882128
2.4035206035529986 6.504039987469099 5.370333333239824
2.4035206035529986 5.979077412642344 5.107852045826446
2.4035206035529986 5.21325692177491 4.763866769310465
2.4035206035529986 4.174384829582909 3.9093362267419236
2.4035206035529986 6.170881672317243 4.917625298986762
1.529061999617316 2.7434792032454927 2.1699036246597
1.529061999617316 1.529061999617316 1.5290619996173165
1.529061999617316 7.689863563310565 5.1386249799834065
1.529061999617316 2.6755800964094942 2.631483246532873
1.529061999617316 2.6755800964094942 2.59682917640782
1.529061999617316 4.01106586873134 3.298865593074036
1.529061999617316 6.341423834886669 5.101984144368065
1.529061999617316 5.642239140341392 4.0206767328700135
1.529061999617316 4.4794983848488314 4.206605951941553
1.529061999617316 6.2215853358253845 5.129241991460698
1.529061999617316 7.076756465437985 6.1695990176606506
1.529061999617316 6.729447449360901 6.496523213065664
1.529061999617316 7.416926377692215 7.122882396669615
1.529061999617316 7.157120469818912 6.417990613024876
1.529061999617316 6.530299538640069 5.897382258172237
1.529061999617316 5.690954366940161 5.487737770285533
1.529061999617316 6.092286400334832 5.410980088588627
1.529061999617316 7.046038586099765 5.704541099664073
1.529061999617316 6.244431197837905 5.993510642878219
1.529061999617316 6.244431197837905 6.063070844060193
1.529061999617316 6.244431197837905 6.063070844060193
1.529061999617316 5.9351982085748425 4.701113643735863
1.529061999617316 6.621098971325274 6.388496483158274
