3.2711712936065216 7.736423550146432 5.145172566554379
3.2711712936065216 7.121066777403952 3.9437437139616707
3.2711712936065216 7.121066777403952 4.709730138504111
3.2711712936065216 6.206539347823785 4.843049285916821
3.2711712936065216 6.206539347823785 3.4346403307977265
3.2711712936065216 3.9736086181470616 2.3818135320115275
3.2711712936065216 4.662677451777554 3.527003391895607
3.2711712936065216 5.335051742304614 4.23322666591354
3.2711712936065216 6.646811408644783 5.614513434103124
3.2711712936065216 6.646811408644783 5.110106215565909
3.2711712936065216 7.543711107872101 5.996399949869605
3.2711712936065216 6.646811408644783 5.564931807875072
3.2711712936065216 6.568194677849366 5.331046147516551
3.2711712936065216 6.454252611068693 5.312308585363062
2.39508648548463 6.454252611068693 4.202488195592769
2.39508648548463 7.651672913867953 5.059927827765485
2.39508648548463 6.12230216157128 5.634689384928951
2.39508648548463 6.12230216157128 3.5423405499310063
2.39508648548463 6.122342812833391 4.744413817175618
2.39508648548463 6.122342812833391 3.9001028534165503
2.39508648548463 4.833970897318697 5.441117256568642
2.39508648548463 7.01281718994235 4.758334538765845
2.39508648548463 7.01281718994235 5.609257130745525
2.39508648548463 7.01281718994235 4.79138683775571
2.39508648548463 4.792559847546503 4.0696481297179625
