2.708631972778218 7.731566903689403 5.511469257258178
2.708631972778218 7.36742041039248 4.300094651693643
2.708631972778218 7.36742041039248 5.252137895168051
2.708631972778218 5.640439765877158 4.787033652270721
2.708631972778218 7.621147677397353 6.521356865678646
2.708631972778218 8.583376002979774 7.6359401412586605
2.708631972778218 8.583376002979774 7.294998072145399
2.708631972778218 8.583376002979774 7.141022712399043
2.708631972778218 5.4598256633079885 6.815246385472565
2.708631972778218 8.381723788857357 4.023602318479319
2.708631972778218 5.675025867311245 4.456798151721716
2.708631972778218 6.068819941236708 4.464579772449827
2.708631972778218 6.238714599738884 4.539641792939541
2.708631972778218 6.238714599738884 4.077147314470286
2.708631972778218 6.460059434632491 5.0249150671469645
2.708631972778218 7.5157869275511615 6.602775245674171
2.708631972778218 7.5157869275511615 6.750116386746312
2.708631972778218 6.84169488465443 5.357179816828274
5.7245259881206465 5.425068229446236 3.523306196095393
5.7245259881206465 6.659716126389036 5.726625261792537
3.2182886317894916 6.659716126389036 4.005163696589461
3.2182886317894916 7.3322238812321405 5.4739407169866805
2.3880190839833735 9.871815054102756 5.920494220554713
6.347748706099342 5.969954875800113 3.7823654667859814
2.3880190839833735 6.347748706099342 5.322678314707908
