2.307883444586427 7.716160650585335 5.55492035616727
2.307883444586427 6.604361259932311 5.356621968447261
2.307883444586427 6.25397946590542 4.633149110467282
2.307883444586427 6.551410201459987 6.24777722654996
2.307883444586427 8.615299327511897 5.454909716628785
2.307883444586427 8.615299327511897 3.1369662824482396
1.374250243028659 3.9732835647840195 2.3667160557197957
1.374250243028659 3.650145882738507 2.4237360794951464
3.6383285581428493 3.650145882738507 2.225393924780949
5.334326875618917 6.513221345299499 3.695170739680923
3.4433217018712274 6.513221345299499 3.4992689767760754
2.6334274685604773 5.334326875618917 3.2211869241269517
2.6334274685604773 7.332898635418786 6.031421324212489
2.6334274685604773 7.332898635418786 5.174985819575926
2.4104024848070655 5.843854894332097 3.835119506904956
6.113408527380344 6.228220318908495 5.448248678638646
6.113408527380344 7.631128249175964 6.435975293239904
6.113408527380344 7.631128249175964 6.101276643846001
4.2825349257176235 7.631128249175964 6.25878498207382
4.2825349257176235 7.561328866479554 4.843760134425442
4.2825349257176235 6.678573473448445 5.624450758366979
4.0162745227188275 6.678573473448445 4.702558786234735
3.0028132641258876 4.363547406909685 3.6089824353162436
3.0028132641258876 5.426076681409022 4.592418011220787
2.7925133020128396 4.541373427706063 3.9734596263262874
