2.3873530672935392 7.5907896569076385 4.996721236962964
2.3873530672935392 6.580108920509968 6.27522413130449
2.3873530672935392 6.445728314298162 4.813432248518004
2.3873530672935392 6.9309355055988 5.975384011018088
2.3873530672935392 6.9309355055988 5.139305958735456
2.3873530672935392 6.9309355055988 5.849370307346203
2.3873530672935392 6.9309355055988 5.472785670464309
2.3873530672935392 8.55827759384813 7.189672251061928
2.3873530672935392 9.262165923776159 5.981460224559727
2.3873530672935392 11.535187581394704 7.931095735130832
2.3873530672935392 11.535187581394704 5.428087953298214
2.3873530672935392 7.749010596197381 6.878838481282583
2.3873530672935392 7.611386095688754 4.7589414043786915
2.3873530672935392 4.49262607199044 4.175594165044285
2.3873530672935392 5.787197173480791 4.2101729589992765
2.7527942608332876 5.787197173480791 2.7056846723846957
1.660807996936779 6.006564357087388 3.6298136485271364
0.21175906385252619 6.006564357087388 1.7892709658099923
0.21175906385252619 4.953053621986108 3.628736524986262
5.432190203318527 1.6028796683164797 0.7682073056381075
5.0099518759805015 2.7216266699542158 1.2211535783497267
1.6028796683164797 5.5075207584565185 4.804640938523084
1.6028796683164797 7.676456846593464 5.319715798312577
1.6028796683164797 7.676456846593464 5.273763716746325
1.6028796683164797 6.623319960329493 4.665872637312246
