5.167498110207962 7.637456266908929 5.274899484367196
5.167498110207962 6.684559722404437 4.266766598949844
5.167498110207962 4.834107615563173 3.664209423425453
3.5371367456578224 5.167498110207962 4.087891803332315
1.8912190618383744 8.085704533824998 4.716468034940223
1.8912190618383744 5.539286233980196 4.672550583947667
1.8912190618383744 6.319944613997645 5.541251313703848
1.8912190618383744 5.686789204482199 5.206237812696455
1.8912190618383744 8.621424685982419 6.657703467096221
1.8912190618383744 9.239932349790315 6.103628376981525
1.8912190618383744 8.503818889339327 3.7675202889068755
1.8912190618383744 5.952649344066227 4.868071323024985
1.8912190618383744 6.354908476759249 4.642180173640577
1.8912190618383744 7.077257724162163 5.964380764205497
1.8912190618383744 7.112437125892658 6.630909346503885
1.8912190618383744 10.385299041557571 8.096398373346089
1.8912190618383744 10.385299041557571 6.7838101226654794
1.8912190618383744 11.909245171588152 7.302286120511579
1.8912190618383744 11.909245171588152 4.971649235584979
1.8912190618383744 5.446738959298337 4.5815440833252135
1.8912190618383744 7.609093225448781 5.986501827513825
1.8912190618383744 7.609093225448781 4.815073023715999
1.8912190618383744 8.225166053370652 6.344260907859471
1.8912190618383744 8.225166053370652 6.282564646519585
1.8912190618383744 6.279538238541125 5.534799251997341
