3.121439278767682 7.723143364043045 5.315992398874809
3.121439278767682 6.313013542585644 4.155971453503531
3.121439278767682 5.7948610380634165 3.0568915426834953
3.121439278767682 4.70747774351149 3.5799198411160216
3.121439278767682 5.008659486310975 2.5710863474432393
3.121439278767682 3.4327486603447785 2.97920809576066
3.121439278767682 5.277962504788984 3.792411903452879
3.121439278767682 7.027759857704616 4.9517014215721815
3.121439278767682 8.715075970371464 6.435512197076822
3.121439278767682 6.5443142433861645 4.731297857492358
3.121439278767682 5.225380132585677 4.323500513844805
1.842104496112896 4.54360633244816 3.823323923855251
1.842104496112896 7.145844590919573 5.154630384963005
1.842104496112896 7.446760194798076 6.710194272558464
1.842104496112896 8.473432781592454 6.833380841620897
1.842104496112896 8.473432781592454 7.011404206062857
1.842104496112896 7.738078983644371 6.036609347430143
1.842104496112896 7.75188839732469 5.70306081094063
1.842104496112896 6.2952020279923815 5.953306655589914
1.842104496112896 6.474126863964198 5.296772703703477
1.842104496112896 6.474126863964198 4.182485869341126
1.842104496112896 6.604037495991822 4.238569978092663
1.842104496112896 5.580904878601618 4.019557156999252
0.7810054116036622 7.310574585441749 3.7918966325512717
0.7810054116036622 4.545669165800653 3.1401648103184168
