2.9187848619339296 7.772679823551595 5.612823881208763
3.3722465064334703 7.007209896766803 3.282196997642552
3.3722465064334703 6.106649277998432 5.199327399731565
3.3722465064334703 7.463709935518985 6.102747823816296
3.3722465064334703 7.463709935518985 5.34761892644475
3.3722465064334703 6.284116724935039 5.000007091626449
3.3722465064334703 6.431117299832 5.345873847292035
3.3722465064334703 6.578835463280271 5.19537101274686
3.035935684679519 6.578835463280271 3.8005722930337735
3.035935684679519 4.67540360804448 4.6688109146741565
3.035935684679519 6.5516922463382095 6.139032808387437
3.035935684679519 6.5516922463382095 4.846030789112985
3.035935684679519 6.566890871674438 5.3068037894537925
3.035935684679519 6.756363345670875 4.9037274790257195
3.035935684679519 6.756363345670875 5.144622086485632
3.035935684679519 6.548423333318507 4.915142424594149
3.035935684679519 6.635665597619479 5.497690073584576
3.035935684679519 6.635665597619479 4.795104355122189
3.035935684679519 6.635665597619479 4.364153319382006
3.035935684679519 6.635665597619479 4.473019969844482
3.035935684679519 4.799107904037967 4.483878156755549
3.035935684679519 4.583434639447088 3.9536879611525326
0.8832236318882178 6.630148769609605 3.0219725697576636
3.333973689109485 5.179770876428918 2.684140247135224
0.8832236318882178 5.702641426594656 4.002484561651799
