2.5349770759721335 7.693409963675387 5.410023032076736
2.5349770759721335 6.446563380782905 5.939110549569172
2.5349770759721335 6.392950774505945 6.217092967971653
2.5349770759721335 6.392950774505945 6.31579130053527
2.5349770759721335 6.392950774505945 5.4400275033548136
2.5349770759721335 6.392950774505945 4.581807246988034
2.5349770759721335 6.486030424836851 4.709329822449635
2.5349770759721335 8.40619668232843 7.0364320737834225
2.5349770759721335 8.40619668232843 4.629180475624222
2.1367730685538295 6.554046402847245 6.1016724768740405
6.2678359637736705 6.216114413353758 3.879157885083742
6.2678359637736705 6.216114413353758 4.829269497430289
6.2678359637736705 6.20237625016329 4.693215638000323
6.2678359637736705 6.20237625016329 5.487136169188551
6.2678359637736705 6.549624961139152 5.578512117976512
6.2678359637736705 7.187576395433464 5.561331956111426
6.2678359637736705 7.187576395433464 5.712971370336606
4.22983492237497 9.539429671165452 7.189989692750978
4.22983492237497 9.539429671165452 6.470441280018228
4.22983492237497 7.708240443337877 6.556518410671223
4.22983492237497 7.677928872844298 6.991689122047465
4.22983492237497 7.677928872844298 6.816310091659155
4.22983492237497 8.618656022650814 7.253074510224281
4.22983492237497 10.738390989738287 9.419226782143802
4.22983492237497 10.738390989738287 8.013102930130453
