1.9901443778440577 7.67501223876179 5.617099671357207
1.9901443778440577 6.6270940445630195 4.838352039460739
1.9901443778440577 6.561286639227646 4.5427073211611395
1.5655483451546108 5.9456211595022985 3.791782008475805
1.5655483451546108 3.6800969230976226 2.919902513257513
1.5655483451546108 6.338383410558443 4.078212016887639
1.5655483451546108 6.338383410558443 3.294894038263578
1.5655483451546108 6.338383410558443 4.6728804268000275
1.5655483451546108 6.981522910086545 5.341767852718457
1.5655483451546108 9.513404483213966 6.665743111862401
1.5655483451546108 9.513404483213966 4.502066728922394
1.5655483451546108 6.434395658603446 4.891512015624926
1.5655483451546108 6.434395658603446 4.191174635213654
1.5655483451546108 6.495136568190876 5.014115133437412
1.5655483451546108 6.495136568190876 4.358316663755579
1.5655483451546108 6.000134663642626 4.838033725246217
1.5655483451546108 6.000134663642626 4.833019638560463
1.5655483451546108 5.440304353956289 4.2459415442766
1.5655483451546108 4.9324940145641065 3.5687921512775382
1.3839260979685446 4.863398297129677 3.162866119895272
1.3839260979685446 5.7170268896070375 4.53340504393169
1.3839260979685446 5.7170268896070375 3.2037937241466965
5.6203998236923844 5.7170268896070375 2.6050075158918578
2.1645717851897257 5.6203998236923844 5.164436434674683
2.1645717851897257 5.671453767545231 5.190058585186265
