1.9476412087010684 7.532170326098205 5.36670561266632
1.9476412087010684 6.854188352227215 4.723483980956699
1.9476412087010684 8.148649095672802 5.407203364303964
1.9476412087010684 6.215226837313278 5.649196519998588
1.9476412087010684 6.215226837313278 4.432376773153504
1.9476412087010684 6.468878540883825 4.9468893371057066
1.9476412087010684 6.468878540883825 4.803227514110713
1.9476412087010684 6.475532880722277 4.15768059451825
1.9476412087010684 6.275653574863661 3.8361009076681514
1.9476412087010684 4.485438010327883 3.999161138082166
1.9476412087010684 5.953378254448037 4.249935745887286
1.9476412087010684 5.953378254448037 3.6368989433061536
1.9476412087010684 5.953378254448037 3.564318195067214
1.9476412087010684 6.439441077677692 5.222362242656654
1.9476412087010684 6.439441077677692 5.198391617848558
1.9476412087010684 7.595251826731625 6.4417310098558564
1.9476412087010684 6.349346289009688 5.209796416150523
1.9476412087010684 6.349346289009688 3.8760140295836356
1.9476412087010684 7.687821013757548 5.6650466464623745
1.9476412087010684 7.687821013757548 4.356203449392551
1.9476412087010684 6.295045614634617 5.172169180869991
1.9476412087010684 6.39471357791912 5.959029567777538
1.9476412087010684 7.31295649735924 6.49159575176109
1.9476412087010684 8.170538314371566 6.270419661375601
1.9476412087010684 8.170538314371566 5.85885583152257
