3.2121763817574913 7.725461797400007 5.296930354635132
3.2121763817574913 6.94614069924452 5.659776817418755
3.2121763817574913 7.673456479533421 6.367350015295931
3.2121763817574913 7.744751425220892 6.532138663937776
3.2121763817574913 7.6229817326693325 6.5497669715976485
2.951708874312619 7.6229817326693325 3.393579505745221
2.910851688670729 7.09993124238135 4.403925255474833
2.910851688670729 6.216425907982721 4.297548959952845
2.910851688670729 6.216425907982721 4.541505121522586
2.910851688670729 6.004483923864246 5.028054584842291
2.910851688670729 6.004483923864246 5.578996468692277
2.910851688670729 6.004483923864246 5.156769261960692
2.910851688670729 5.753204363117288 5.314908511258544
2.910851688670729 5.618705475506953 4.3827613766323505
2.910851688670729 7.223678496832989 6.100822204270677
2.910851688670729 7.223678496832989 5.6469227583396435
2.910851688670729 7.223678496832989 6.248551867357428
2.910851688670729 7.223678496832989 5.287382486669144
2.910851688670729 6.608154110257026 5.7108553515878455
2.910851688670729 6.608154110257026 4.080678927585987
2.910851688670729 6.2654720638986205 5.4054423212503675
2.910851688670729 6.649869352433026 6.225640308082575
2.199875829428287 6.649869352433026 4.826428669886451
2.199875829428287 6.556572942346953 3.0009531663560223
2.199875829428287 4.660747047902547 3.764457191208017
