5.486201262032775 7.602118834168051 5.1203381336078095
5.486201262032775 10.6346951183772 8.254120251400877
5.486201262032775 10.6346951183772 7.466149957653372
5.486201262032775 10.6346951183772 6.971206162327427
5.486201262032775 10.6346951183772 6.069698356051983
5.486201262032775 6.750763531892048 4.611251441096855
5.486201262032775 6.750763531892048 2.586287504682837
5.486201262032775 5.065638189820643 3.7271998428602062
5.486201262032775 6.297485438618466 5.350411889821429
5.486201262032775 6.451728232367454 6.034084047006161
5.486201262032775 6.521373838628911 5.127677397054834
5.486201262032775 6.521957029379713 5.178116021038724
5.486201262032775 7.147011412916395 5.5791435396477445
5.486201262032775 7.147011412916395 6.200593264580817
5.486201262032775 7.147011412916395 6.813337863184596
5.486201262032775 7.147011412916395 4.995233233710809
4.4466977960424146 8.25103303857761 6.4613496699805095
4.4466977960424146 8.25103303857761 6.744308871040562
4.4466977960424146 7.7882642376763815 5.857256029307208
4.4466977960424146 7.7882642376763815 6.588399771264071
4.4466977960424146 7.662565729001994 6.967658071082315
4.487815505451234 7.58985451630242 6.284377996302004
4.4466977960424146 6.675104456700961 5.859221199874858
4.4466977960424146 7.746520282448104 6.648368498738243
4.4466977960424146 8.583936095716377 7.148286501772436
