5.564534344070303 7.207923617448886 5.168873462019824
5.564534344070303 7.275350209986742 6.086753447005586
5.564534344070303 7.275350209986742 4.789609446934479
5.564534344070303 6.618138950220718 3.0306840370077994
5.564534344070303 6.618138950220718 3.145175088233688
5.564534344070303 7.343201163714069 4.699806526613196
5.564534344070303 9.85036577465784 7.960886680349164
6.613144273571471 9.85036577465784 5.993972203456296
6.039460581951598 8.981103733353642 7.414849747130453
4.032928896359277 8.981103733353642 6.098021837940065
2.5174188925697263 8.981103733353642 4.788795832168816
2.5174188925697263 7.415326647953028 6.258317719983819
2.5174188925697263 8.262346993625721 6.737745797502424
2.5174188925697263 8.262346993625721 4.309321306903011
2.5174188925697263 6.541602668562412 5.82358857313851
2.5174188925697263 6.541602668562412 6.1231718969433055
2.5174188925697263 6.934126996224261 6.167239155390308
2.5174188925697263 8.62347003081377 6.022168426352756
2.5174188925697263 8.62347003081377 7.070942271128477
2.5174188925697263 8.230210464933831 5.567946935715951
2.5174188925697263 7.025265316269005 5.876662898557588
2.5174188925697263 6.6616275136918865 5.064598963490968
2.5174188925697263 6.6616275136918865 4.590421883609653
2.5174188925697263 5.937283567803583 3.8018155372549454
2.5174188925697263 5.664992846646403 4.625689929263161
