3.1571712737224193 7.606286598241468 5.883377211137729
3.1571712737224193 7.333617326269943 6.492111901110082
3.1571712737224193 8.335177399588403 6.953576011955922
2.7473600587374247 6.1405728983253915 4.459728448338523
2.7473600587374247 3.2486332086131644 3.088355421730701
0.16890745020354148 4.441935848287763 2.404592903420032
0.16890745020354148 4.383551163151754 2.2762293066776476
0.16890745020354148 6.569032310376613 3.122811231821883
0.16890745020354148 3.156636154980426 1.547859160100565
0.16890745020354148 5.375760133078337 2.77233379164094
0.16890745020354148 5.545572161575347 3.3171787843628042
0.16890745020354148 5.400422961247113 2.997308650582508
0.16890745020354148 5.800068926290276 3.19713163310409
0.16890745020354148 4.0468679715764 2.2081454772871356
0.16890745020354148 4.861160283868525 3.7911650095653786
0.16890745020354148 5.118875546527008 4.528354666931775
0.16890745020354148 3.4704747988462796 2.6290799022362443
0.16890745020354148 3.1512713824712333 2.938229517924789
0.16890745020354148 6.481511071973873 5.087496120568688
0.1487335926226483 4.230024289786666 2.0331821396822294
0.1487335926226483 4.64043758435551 2.394585588489079
0.1487335926226483 3.2329176355884255 3.064981049077405
0.10972863087149465 1.2602526091095183 0.642239888587165
0.10972863087149465 3.1260088682693348 1.5018579712089595
0.10972863087149465 3.136288377849216 1.6480062395292105
0.10972863087149465 5.947769047999479 3.4708738875448426
0.10972863087149465 3.7775802064645636 3.110840451478921
0.10972863087149465 5.108621432952059 3.7251671713962278
0.10972863087149465 3.1753838328358417 1.642556231853668
0.10972863087149465 6.166462730253645 5.453562842842146
0.10972863087149465 2.5228731796623767 1.8062170434089446
0.10972863087149465 5.649188635523149 4.940266875969263
0.10972863087149465 6.07196239828755 5.371961963230985
0.10972863087149465 5.662171518339246 2.8859500746053706
0.10972863087149465 1.9274570351226505 1.0746938324245632
0.10972863087149465 4.28559078549619 4.124085651663117
0.10972863087149465 3.2537719650024077 2.802648322902952
0.10972863087149465 1.7516383740041843 1.427535952239371
0.10972863087149465 4.1765762708125465 3.769285092376448
0.10972863087149465 0.10972863087149465 0.10972863087149465
0.10972863087149465 4.052885746342511 3.466232874851331
0.10972863087149465 3.2208380281154025 2.843484864413904
0.10972863087149465 4.776898662976638 3.6727424550503835
0.10972863087149465 4.773012309708125 3.5244396380233023
0.10972863087149465 6.282127261189935 4.220954231014907
0.10972863087149465 6.502012274945724 4.730989525399135
0.10972863087149465 6.5285179047587505 4.616125752479065
0.10972863087149465 0.6526581454382421 0.3603114837484548
0.10972863087149465 7.549850288937986 6.044857837904833
0.10972863087149465 5.497107606481979 4.150986702704255
0.10972863087149465 3.952834598945469 3.4466592433648535
0.10972863087149465 5.660864988910692 2.885296809891094
0.10972863087149465 5.658355359613047 3.9129376752954865
0.10972863087149465 5.125921805261498 4.493454301721804
0.10972863087149465 5.312046106483962 4.870158000050627
0.10972863087149465 3.9808182476422016 2.0906825454591362
0.10972863087149465 5.904873449552408 5.562269127750297
0.10972863087149465 0.10972863087149465 0.10972863087149465
0.10972863087149465 5.646078542693495 4.2134316377458605
0.10972863087149465 5.613879578524937 4.6886060243766075
0.10972863087149465 5.536192145534077 4.364889494934316
0.10972863087149465 3.861414049523582 2.747314651498625
0.10972863087149465 5.862046155514847 4.492914254672396
0.10972863087149465 5.132284581220617 4.629712108014302
0.10972863087149465 4.4285045593951935 2.269116595133344
0.10972863087149465 0.10972863087149465 0.10972863087149465
0.10972863087149465 4.435236718040933 3.42138297219145
0.10972863087149465 5.542979187411994 3.983820746775781
0.10972863087149465 4.382660119593748 3.474631981172514
0.10972863087149465 3.1226855584592603 2.3322003299122276
0.10972863087149465 6.510730227695362 4.595604165665853
0.10972863087149465 5.0536246664706255 4.493667680863969
0.10972863087149465 2.805335819722654 1.5583900285044687
0.10972863087149465 3.8108796094798234 1.9272147796012982
0.10972863087149465 4.047105305255155 2.0863732787781872
0.10972863087149465 5.233785369976083 2.6797133111386513
0.08238345122994106 5.626379352018176 2.855433139302581
0.08238345122994106 2.8764035242815678 1.500742232936557
0.08238345122994106 6.693916198508532 3.4094985700500398
0.08238345122994106 5.101766411338126 2.4221495477898447
0.08238345122994106 3.2620737645311455 2.5100436624160123
0.08238345122994106 3.1935235438325056 2.227093763200444
0.08238345122994106 6.244266055396327 3.3217916353408543
0.08238345122994106 5.121390179989305 2.5017744144057734
0.08238345122994106 5.492984003661849 2.8741719273556914
0.08238345122994106 5.1109485085148485 4.319227386522171
0.08238345122994106 5.175044656868778 4.581449558123799
0.08238345122994106 5.266561119640851 3.3055274904143
0.08238345122994106 0.6777964343708338 0.3800899428003872
0.08238345122994106 5.959451879427164 4.379859043010594
0.08238345122994106 5.7403175984806865 4.27872014411222
0.08238345122994106 6.542551482045919 5.748591743063926
0.08238345122994106 3.0950235758138764 2.7640542440611813
0.08238345122994106 4.159927633651911 3.6304110699991483
0.08238345122994106 3.066491964653171 2.92317587182663
0.08238345122994106 2.8903211068437717 2.747379039263604
0.08238345122994106 5.593761840722639 3.4478818284220725
0.08238345122994106 5.694721361729755 4.062072013858062
0.08238345122994106 3.240583897781367 3.085863508794958
0.08238345122994106 4.202177005117861 3.33983218312472
