2.66471399935578 7.7426835911270615 5.280515303402115
2.66471399935578 6.4186240636876875 5.951853541842622
2.66471399935578 6.172617850327633 5.511092122662992
2.66471399935578 5.808017168251869 5.268653850015186
2.66471399935578 4.958844783524587 4.702460888037581
2.66471399935578 6.450424279503849 5.518170683412392
2.66471399935578 4.879524991505306 4.621577027217218
2.66471399935578 4.038660710300352 3.521810302837188
2.66471399935578 6.748281719506213 4.813577071719491
2.66471399935578 5.509803401485222 4.331079785851909
2.66471399935578 6.617761196572545 6.335565109332885
2.66471399935578 7.6122129293172165 5.304747622181557
2.2560166640906627 3.954401876675185 3.120928398662353
2.093907296258163 3.25879839365841 2.6377843168979895
2.093907296258163 6.327513047598625 6.022541862549702
2.093907296258163 6.327513047598625 5.737753125114342
2.093907296258163 6.330290495511488 5.739035024151049
2.093907296258163 7.171553238501282 6.427833563120023
2.093907296258163 7.351928101405347 6.417024280924792
2.093907296258163 6.168620307127473 5.64953969804141
1.7824098261357126 4.588269220622461 3.0894025262881533
1.7824098261357126 6.478754790634092 4.130582308384903
1.7824098261357126 2.518933472683472 2.122343816850063
0.8146850931514824 5.9805607489192525 3.4348431030732227
0.8146850931514824 1.831829807069561 1.7891708051224802
0.8146850931514824 5.241565481741823 3.311933744130339
0.8146850931514824 8.656239902862481 6.862249652270909
0.8146850931514824 4.306881914014326 4.166361047418165
0.8146850931514824 7.685422186389893 4.906767411703973
0.8146850931514824 6.489743430414791 4.145382706867399
0.8146850931514824 5.863063671580868 3.8286682283494
0.8146850931514824 5.995625067525495 5.034666336979394
0.8146850931514824 7.783201753054003 6.036530920981788
0.8146850931514824 4.54683386367865 4.254558212752881
0.8146850931514824 4.54683386367865 4.403289680196833
0.8146850931514824 4.552494487493597 4.375227383164968
0.8146850931514824 4.291384776879603 4.108816473663474
0.8146850931514824 5.666603734785106 4.907312817800055
0.8146850931514824 6.994843212798873 5.412942781557337
0.8146850931514824 6.598413005633624 5.742966771400301
0.8146850931514824 7.072834559699279 6.244347526104918
0.2073067454618962 6.606857943853889 3.184306465784723
0.2073067454618962 3.404516330894442 1.80591153817817
0.2073067454618962 7.775621820757953 5.6146659416404106
0.2073067454618962 4.050471199226688 3.7967075387302076
0.2073067454618962 6.341432342224714 6.075240476438709
0.2073067454618962 6.3036323054172065 5.804158088879173
0.2073067454618962 6.938619476141785 6.392527996374535
0.2073067454618962 4.059930325968441 3.725596668537234
0.2073067454618962 6.379725938997694 5.27291218432416
0.2073067454618962 6.053380508234969 4.7348714568299535
0.2073067454618962 8.484784678741994 7.683203288796235
0.2073067454618962 0.2073067454618962 0.2073067454618961
0.2073067454618962 5.672521733716909 3.7516323272941556
0.2073067454618962 6.973183770586905 6.266323252399719
0.2073067454618962 7.090548945713655 6.111070289918761
0.2073067454618962 3.2261119336873674 2.9932116715078085
0.2073067454618962 6.3101486315804785 6.053418446033178
0.2073067454618962 6.157506710139224 4.151713914508605
0.2073067454618962 7.722728264784752 5.691922443199508
0.2073067454618962 1.9482909178584653 1.0108379019526201
0.2073067454618962 6.5281010251390335 5.162273851927899
0.2073067454618962 6.062451758412653 5.693450111475874
0.2073067454618962 6.852674594195346 4.936567484010766
0.2073067454618962 2.7137892169879483 1.749126504728108
0.2073067454618962 4.835646512338251 3.7059235578011736
0.2073067454618962 5.764666223226225 5.203994227291624
0.2073067454618962 6.4603166497524 5.6327148377783995
0.2073067454618962 7.860155574933181 7.492377910661379
0.2073067454618962 3.144432455209522 1.9532041903328223
0.2073067454618962 2.7013491397497416 1.3823299585834334
0.2073067454618962 3.293708840565753 1.7725939992755702
0.2073067454618962 5.0082019464442205 2.447031253980886
0.2073067454618962 2.9102397874530976 2.715847701486339
0.2073067454618962 6.216823282331934 4.453345923400828
0.2073067454618962 4.955096366854232 4.2925228158883595
0.2073067454618962 8.81812613722116 6.005953531218274
0.2073067454618962 6.355703447794184 4.896996569792112
0.2073067454618962 7.377732631787628 6.66362458178988
0.2073067454618962 9.278637476302201 7.324133312167801
0.2073067454618962 7.726750567341108 6.610160074069246
0.2073067454618962 6.440867871783436 5.06701443843464
0.2073067454618962 4.5513003933641265 4.273766466706089
0.2073067454618962 4.079647818818319 3.568799720264386
0.2073067454618962 3.6698211455205407 3.44326507343881
0.2073067454618962 6.651155349756355 4.461564191427428
0.2073067454618962 3.1966089972847738 1.7019578713733357
0.2073067454618962 7.719215669333103 5.031091943770961
0.2073067454618962 4.965437246174293 3.1372719478996514
0.2073067454618962 5.858764013084272 5.381139452760664
0.2073067454618962 5.251587187701286 2.5354361803416143
0.2073067454618962 6.594714061424401 3.401010403443149
0.2073067454618962 5.164020813129834 2.495020930539406
0.08080146584923797 2.610008028261387 1.2529931592553323
0.08080146584923797 0.08080146584923797 0.08080146584923797
0.08080146584923797 0.08080146584923797 0.08080146584923797
0.08080146584923797 6.104466011335536 3.6365153168517805
0.08080146584923797 3.0445862835956743 1.4487021509629783
0.08080146584923797 5.66699727161436 2.896343210806051
0.08080146584923797 2.6837086199410867 2.299023937812414
