2.029543834998915 6.6634190827579936 4.88075157156761
2.029543834998915 6.204981197207278 4.582261293829178
2.029543834998915 7.406421696827868 5.658905611106409
2.029543834998915 6.25495152868357 5.951763496884969
2.029543834998915 6.007854447251834 5.818860874096275
2.029543834998915 5.867102402495579 4.655263378080654
2.029543834998915 7.267105211595792 6.567645907317425
2.029543834998915 6.238113718641319 5.972454259273994
2.029543834998915 7.311168726468106 6.274091030551234
2.029543834998915 5.504302459603977 4.790884865680294
2.029543834998915 6.318676588585067 4.86956427141937
2.029543834998915 8.517719456520904 6.081300423445047
2.029543834998915 6.229842067590091 5.5219280107472315
2.029543834998915 7.527550039575562 5.044407525503369
2.029543834998915 7.370916789351519 6.429486184950292
2.029543834998915 7.370916789351519 7.09919102452739
2.029543834998915 7.250928575462915 6.594364966235697
2.029543834998915 4.968902010448634 4.4925208467957365
2.029543834998915 5.544962460540891 5.168074474215851
2.029543834998915 5.968988895775315 5.02229483380113
2.029543834998915 6.18731839356742 4.453447036095238
0.5516942690848308 3.8064647809436107 2.1107364117086567
0.5516942690848308 2.9656807917622 2.8170740943949073
0.5516942690848308 4.363297324519319 2.6189303179968797
0.5516942690848308 6.265255926704025 5.477958112729723
0.5516942690848308 5.130165041649203 4.936011716963355
0.5516942690848308 5.292896860044944 5.0060354774647875
0.5516942690848308 7.507759149484086 5.62826023003734
0.5516942690848308 6.109823581897043 5.7170116514771046
0.5516942690848308 4.2418927448749635 3.5824965144934313
0.5516942690848308 6.633012574681537 4.693273360393374
0.5516942690848308 5.38902506440256 4.160050760018114
0.5516942690848308 6.6875600455148465 4.798950758046982
0.5516942690848308 6.6875600455148465 5.700037351425502
0.5516942690848308 8.350835749025345 7.34491809359424
0.5516942690848308 9.614013572555931 7.206263648114406
0.5516942690848308 4.499541215532776 3.972063346997558
0.5516942690848308 7.017802949380785 6.039347049482952
0.5516942690848308 4.487455942593758 3.8563858883526265
0.5516942690848308 6.302957754922161 4.9829518872658
0.5516942690848308 6.302957754922161 6.075434737754533
0.5516942690848308 6.149435641213412 5.603482769487102
0.5516942690848308 5.031403915942025 4.644438276810417
0.5516942690848308 6.332002879215398 5.09940879311336
0.5516942690848308 4.3131104436497125 4.057944579006042
0.5516942690848308 6.396454196885212 5.867407166560004
0.5516942690848308 5.968979711474347 5.642422313653014
0.5516942690848308 0.5516942690848308 0.5516942690848304
0.5516942690848308 2.281715990019738 1.3501658325932495
0.5516942690848308 5.145568870516886 2.848631569800858
0.5516942690848308 5.778470101117943 3.1650821851013884
0.5516942690848308 5.4631240927433105 3.007409180914072
0.5516942690848308 5.2738347335852005 3.571358459922504
0.5516942690848308 2.8249476741490764 2.6369692134078915
0.5516942690848308 7.694142708732441 6.6380093308459305
0.5516942690848308 7.6942667960004965 6.611626971975967
0.5516942690848308 5.530039836606171 3.0408670528455013
0.06682142834797888 6.341319238166793 3.222719288670341
0.06682142834797888 5.896367323493919 5.557405303011558
0.06682142834797888 4.588068500086926 3.8994121813369427
0.06682142834797888 5.971745870352301 4.532847934917426
0.06682142834797888 6.455326483161539 6.109531224937819
0.06682142834797888 5.805019590872188 5.103340690804815
0.06682142834797888 4.787067323574544 2.426944375961262
0.06682142834797888 6.551246186869417 3.059632855357874
0.06682142834797888 2.6180391509336087 1.6475607562532937
0.06682142834797888 7.139323535892645 5.991673445658654
0.06682142834797888 6.432984610494188 4.36384467272207
0.06682142834797888 3.948488105847368 2.6995697697938317
0.06682142834797888 6.486065121205279 5.736153875600991
0.06682142834797888 0.06682142834797888 0.06682142834797888
0.06682142834797888 5.798817199917988 5.164630312919995
0.06682142834797888 7.65162573721587 6.961653240778724
0.06682142834797888 4.077453414664003 2.0721374215059916
0.06682142834797888 4.699296751070811 3.374979839126025
0.06682142834797888 6.682956908137999 5.780916761375964
0.06682142834797888 7.612616853655243 5.248432160589781
0.06682142834797888 4.030205606317374 3.0427726408728435
0.06682142834797888 7.637323458448769 6.445518511371726
0.06682142834797888 2.748239674042044 1.304399080206778
0.06682142834797888 6.099785307444101 5.4574358632636875
0.06682142834797888 5.228817864323826 3.775108749165096
0.06682142834797888 4.688186945584384 3.140860026615129
0.06682142834797888 5.538449573308107 4.296167210013679
0.06682142834797888 5.359540010836955 4.52500824545917
0.06682142834797888 2.2927077350336273 1.179764581690803
0.06682142834797888 7.623138027051375 5.778721968778928
0.06682142834797888 5.206976578749035 3.9676070716373113
0.06682142834797888 4.509060712035552 3.9143503156659256
0.06682142834797888 4.53336123121564 4.0066699159234656
0.06682142834797888 4.269321427885821 3.114601259681517
0.06682142834797888 3.368460038997235 2.388179850458544
0.06682142834797888 4.453722203756396 3.3718389645199633
0.06682142834797888 2.4137739476088673 1.271965569986069
0.06682142834797888 1.351696021763026 0.7409266070631483
0.06682142834797888 7.456101923568694 3.51156545216326
0.06682142834797888 4.903933900680247 3.8176043436202267
0.06682142834797888 4.0835464552906195 3.8694472766285504
0.06682142834797888 3.4929901744562213 3.211748618789731
0.06682142834797888 6.231571289120019 5.372277502811842
