3.068809247390043 7.679903559504565 4.795576396604463
2.3381950117929624 5.652613873314909 4.0235049900768995
2.3381950117929624 6.20775051744571 4.753979734989469
2.3381950117929624 8.180749028457262 7.919751697423627
2.3381950117929624 8.800128133233436 8.2657249648198
2.3381950117929624 7.682074954958866 7.044392183512388
2.3381950117929624 11.674436369591966 8.763269187614126
2.3381950117929624 10.830222920154291 7.981210949904892
2.3381950117929624 6.572352330266376 5.220438833316657
2.3381950117929624 5.960113917439212 4.754350228871609
2.3381950117929624 7.2012704158001295 6.472843623135116
2.3381950117929624 5.911771767678502 5.527169215764006
2.3381950117929624 5.398896433281401 4.7062888417128494
2.3381950117929624 6.388555725204814 5.283069744588724
2.3381950117929624 6.52893170461963 5.860934609837108
2.3381950117929624 5.430832723659719 5.167322723480755
2.3381950117929624 6.397655544087012 5.80760900159702
2.3381950117929624 7.669842866096852 5.789441938156991
2.3381950117929624 4.7356826574813695 4.2364980061445205
2.3381950117929624 4.7356826574813695 3.719983602753278
2.3381950117929624 6.978404681536711 4.898641564094741
2.3381950117929624 6.657496208887267 4.4134894967035345
2.3381950117929624 7.702359672777254 5.095758131961199
2.3381950117929624 5.688764001462705 5.465334994486738
2.3381950117929624 6.937035966207803 6.479707266921971
2.3381950117929624 6.9502811966982385 6.544027898248393
2.3381950117929624 7.6143566148289334 6.755032530052044
2.3381950117929624 6.301567030124076 6.149129644803652
2.3381950117929624 6.301567030124076 5.64951147138217
2.3381950117929624 5.240518174593948 4.200562642164634
2.3381950117929624 6.65395146911337 5.977898312366374
2.3381950117929624 4.428908229774642 3.808106082257813
0.20768054099351874 6.641652513393833 3.25914893097826
0.20768054099351874 6.788638719675859 5.332263167452037
0.20768054099351874 4.590515437776446 4.206561978634759
0.20768054099351874 4.594228615210312 4.208418567351692
0.20768054099351874 7.221831049396249 6.575899410380212
0.20768054099351874 5.785949711433336 4.358761025832542
0.20768054099351874 3.3606699687271164 3.0919903236171797
0.20768054099351874 6.4273010080451485 5.938635354540773
0.20768054099351874 5.967403823692866 5.11328081095382
0.20768054099351874 5.079218129657928 4.75091719137482
0.20768054099351874 2.893122847479081 1.5504016942363006
0.20768054099351874 0.5872851973403646 0.3828826900766781
0.20768054099351874 4.569979840486468 2.8629833183303033
0.20768054099351874 4.564329482561426 3.542004978332455
0.20768054099351874 4.877727385374275 3.6154200739627913
0.20768054099351874 7.0827577821824725 5.284224916409354
0.20768054099351874 7.480604442939068 6.398049298774997
0.20768054099351874 7.6560259521476155 7.050781569761178
0.20768054099351874 5.510208085222146 5.243262231133722
0.20768054099351874 6.621107655777632 5.202637569138135
0.20768054099351874 6.2674185687326975 4.905773464397983
0.20768054099351874 6.2674185687326975 4.484388214030974
0.20768054099351874 5.563870415435822 3.8824999954603236
0.20768054099351874 5.209368684879532 4.089974841148564
0.20768054099351874 6.426262532765829 4.73058789408696
0.20768054099351874 5.810110027661203 4.318894562834881
0.20768054099351874 6.3047989410510645 5.348496058020146
0.20768054099351874 6.192250628428749 5.139728287313289
0.20768054099351874 3.089615247373786 2.034812354492074
0.20768054099351874 4.640938846520704 3.934799072708254
0.20768054099351874 6.694009028994479 5.398771287615317
0.20768054099351874 6.483682253086172 5.2213755520377765
0.20768054099351874 6.028026598655821 4.520248463582656
0.20768054099351874 5.669763297645982 4.847749850392109
0.20768054099351874 6.258151800850353 5.720742470079893
0.20768054099351874 5.853637349726597 5.044140298911858
0.20768054099351874 4.576225579467408 3.6104575562720624
0.20768054099351874 5.756752852422736 5.438570459473398
0.20768054099351874 6.5688982328323995 5.20131489771892
0.20768054099351874 4.0404271090995785 3.499093528816847
0.20768054099351874 5.850339382008663 4.434937910426699
0.20768054099351874 5.5015218531475085 4.558716082520975
0.20768054099351874 7.274150719720092 6.325928696267595
0.20768054099351874 6.307333035520042 5.734226962466484
0.20768054099351874 4.890428718040958 3.6392365585412985
0.20768054099351874 6.135956925517089 3.2160683814468345
0.20768054099351874 5.1812262825838005 2.551100309832422
0.20768054099351874 6.613893329111281 4.668284086664138
0.20768054099351874 6.706213335104536 5.655950850475138
0.20768054099351874 9.836962649040686 6.838387923166085
0.20768054099351874 6.51215944192376 5.850767201494733
0.20768054099351874 3.204599791119961 2.9056339226048062
0.20768054099351874 5.753227123996741 5.336860577408793
0.20768054099351874 4.026257484556677 3.7526269771169627
0.20768054099351874 6.4260494994357344 4.580141152811409
0.20768054099351874 6.572361747081263 3.145225713034016
0.20768054099351874 4.547750527989919 3.7766736939241627
0.20768054099351874 6.385842603910195 5.128439012775764
0.20768054099351874 4.597532074627878 2.402606307810699
0.1852328767655469 0.20768054099351874 0.1964567088795327
0.1852328767655469 6.392010262278905 4.277089336347711
0.1852328767655469 2.4386598103354697 1.2252760768747417
0.1852328767655469 5.614236948000659 4.317784360038809
0.1852328767655469 6.1458708608747195 4.977020742320933
0.1852328767655469 6.382453086440254 5.013154511445458
0.1852328767655469 2.947636192507606 2.680325282833228
0.1852328767655469 3.1276172373260924 2.7605684880072827
0.1852328767655469 2.832111232390862 2.093027447694133
