2.671987515517014 7.693886267521309 5.581511310697554
2.671987515517014 5.932485554456779 5.602414291687392
2.3219843657752013 6.4458988112620546 4.238791154066897
2.3219843657752013 7.728490488168342 6.581230952032156
2.3219843657752013 7.590493250222755 6.874213169967961
2.3219843657752013 6.29744283175787 5.847675956084753
2.3219843657752013 6.94808105042951 6.172995065420575
2.3219843657752013 4.779524092986438 4.298491626317883
2.3219843657752013 4.176115127732746 3.6827779200499715
2.3219843657752013 5.763338625328821 4.284204027638611
2.3219843657752013 3.7855533517218523 3.548041933215667
2.3219843657752013 7.022595863763426 4.750728234286393
2.3219843657752013 4.646328807963442 3.8303796533191243
2.3219843657752013 4.457000652597102 4.092130980880307
2.3219843657752013 7.29571441605737 6.842463677077626
2.3219843657752013 7.29571441605737 6.371166372513271
2.3219843657752013 6.485153094336166 5.936741029857586
2.3219843657752013 5.372009075643067 4.857900506382324
2.3219843657752013 6.653773234476269 4.787842519180248
2.3219843657752013 3.8501750612417216 3.519783009659736
2.3219843657752013 7.1929560372268035 6.2392888406642575
2.3219843657752013 6.563481572626603 6.181774184415815
2.3219843657752013 5.033968530009542 3.7339767336965437
2.3219843657752013 6.287348721029474 4.360666829206509
2.3219843657752013 7.661421371803771 5.530849760595535
2.3219843657752013 3.7206211574084525 3.666090120047463
2.3219843657752013 5.327763028654587 4.299171705138864
2.3219843657752013 7.737255492119333 6.7334299351716504
2.3219843657752013 7.737255492119333 6.757678419729488
2.3219843657752013 7.374392946417114 6.098584188420689
2.3219843657752013 7.41488068210311 6.915642134989872
2.3219843657752013 6.676778348562543 5.849568194131573
2.3219843657752013 5.357342192222706 4.328029238203908
2.3219843657752013 5.357342192222706 4.208350293155805
2.3219843657752013 4.463071879272107 3.6225666160885908
2.3219843657752013 4.464175197301426 4.044304788058328
1.1964759597097516 2.3219843657752013 1.5051833871901519
1.1964759597097516 5.475184002378217 4.901554884439095
1.1964759597097516 7.529486847607185 5.934918151296988
1.1964759597097516 4.602338912926545 4.310501306801519
1.1964759597097516 4.56676511743413 3.772935034269864
1.1964759597097516 5.53011844562959 4.891290126484219
1.1964759597097516 6.337798880701303 6.021682787894576
1.1964759597097516 3.456212563142238 3.133497165734923
1.1964759597097516 5.4027652366762275 4.187087366108947
1.1964759597097516 3.5890205338959658 3.1614834861047187
1.1964759597097516 6.390191384106092 4.642453665058761
1.1964759597097516 5.108459112128141 4.6910920140359185
1.1964759597097516 4.53016232896319 4.40194362245344
1.1964759597097516 6.0291456612943115 5.359581369678972
1.1964759597097516 4.312803169360436 3.551115407995584
1.1964759597097516 3.464810823813068 2.8199308709974513
1.1964759597097516 4.696176664784495 3.5361333426828216
1.1964759597097516 6.931692190643172 5.2390856484761255
0.6660458543065642 1.610521291906203 1.1586847310065058
0.6660458543065642 6.574185365754598 4.421672463958324
0.6660458543065642 7.4568413023725615 5.715878408414486
0.6660458543065642 7.456670318908401 6.6144141398986225
0.6660458543065642 4.550696341472403 3.0082872814716173
0.6660458543065642 6.214325034054767 5.744779433365224
0.6660458543065642 5.858003031427106 5.39396094977584
0.6660458543065642 6.190886502642332 4.592166920305811
0.6660458543065642 4.3914652577391635 4.00549759294201
0.6660458543065642 4.757721428133923 4.510474983665825
0.6660458543065642 7.729902917709582 5.863242030833264
0.6459583524473271 4.413612305131856 2.530557925014947
0.6459583524473271 5.192605635694772 4.19605551369409
0.6459583524473271 3.4123009782972464 3.3059031849953278
0.6459583524473271 6.426001436364139 5.936176588917157
0.6459583524473271 6.345513448953177 5.958540607415922
0.6459583524473271 6.217550797636953 4.083333861406147
0.6459583524473271 6.489679667588881 5.697424933134356
0.6459583524473271 3.9301369513743407 3.767472687695858
0.6459583524473271 3.839172542023317 3.4372943973091554
0.6459583524473271 4.910175237191158 3.706955737019768
0.6459583524473271 6.577647964483365 5.340521791203769
0.6459583524473271 8.632205352789894 5.806828843290656
0.6459583524473271 6.586384622496112 4.572248136987563
0.6459583524473271 6.586384622496112 4.890480527808514
0.6459583524473271 6.777488880906009 4.9419414275393985
0.6459583524473271 6.593138283988488 4.856856536654388
0.6459583524473271 5.6723087192809665 4.521382373696924
0.6459583524473271 6.373943598284868 4.755785866650781
0.6459583524473271 2.9061034994358015 2.772877742111631
0.6459583524473271 5.366749461903112 4.082674061162169
0.6459583524473271 3.6786580214552917 3.1572897870864503
0.6459583524473271 5.775618719616439 4.286768188453481
0.6459583524473271 6.3217628682746785 5.976110164458916
0.6459583524473271 5.825712966588416 5.624296103944939
0.6459583524473271 6.318064655191538 5.8351899965334635
0.6459583524473271 6.806741339389845 5.281786088898898
0.6459583524473271 4.491026865266349 4.12392885183715
0.6459583524473271 0.6459583524473271 0.6459583524473268
0.6459583524473271 6.200801025656258 4.599317086008171
0.6459583524473271 3.715666869917268 3.376817062940887
0.6459583524473271 2.9384986406646516 2.274266222397426
0.6459583524473271 6.634209367065935 4.7903667610434475
0.6459583524473271 5.428607130124451 4.682196110159411
0.6459583524473271 4.084881093347967 2.820889906252678
0.6459583524473271 5.621488761999789 5.341726856417934
