1.662402687039116 7.616591064579305 5.085369007480563
1.662402687039116 5.07383703901646 4.427888029300695
1.6352810101576805 6.285406544759891 3.9613869188773045
1.6352810101576805 4.961998305051818 3.638750504220621
1.6352810101576805 3.7007971283648904 3.4242778777389775
1.6352810101576805 3.9576204152334964 3.8337798876840647
1.6352810101576805 7.382958391172007 5.7502226422727585
1.6352810101576805 5.005312121200198 4.535208171226908
1.6352810101576805 6.810623634584333 6.359384086585606
0.7505963889319145 7.353959739728371 3.832328882423577
0.7505963889319145 3.3624693708751647 1.998347929454097
0.7505963889319145 5.673973131651255 3.8742500971978364
0.7505963889319145 2.727825526700425 1.7716304665225073
0.7505963889319145 4.325736065664547 2.668774118774929
0.7505963889319145 3.0058096286861056 1.7914640380492344
0.7505963889319145 4.6868548273867745 4.09503753601605
0.7505963889319145 6.05811671735847 4.86748702626406
0.7505963889319145 5.651550378477339 4.893049994532141
0.7505963889319145 5.708251155706321 4.980925057244187
0.5238142047702081 1.455440736032028 0.9983498620996449
0.5238142047702081 2.289218646397821 2.137408549572061
0.5238142047702081 4.844874794821433 3.625011619980218
0.5238142047702081 2.5619262985030677 2.4835373718210345
0.5238142047702081 7.438616931484654 6.593211334542021
0.5238142047702081 5.716432721040491 4.970690014426148
0.5238142047702081 6.004928925469155 5.092244316482515
0.5238142047702081 6.630044003230374 5.423351408237167
0.5238142047702081 7.667593638249752 4.787160049240802
0.5238142047702081 2.4562479551148937 1.8577323796711545
0.5238142047702081 1.4078655542539278 1.3738635792737848
0.5238142047702081 5.785167983846026 4.357673587971565
0.5238142047702081 5.340806907982881 4.2297341758200515
0.5238142047702081 5.620808164875111 5.4229044672493405
0.5238142047702081 5.413401056089139 4.032136037505993
0.5238142047702081 6.556298236416225 6.207494064766312
0.5238142047702081 6.708306359955486 5.978166178319479
0.5238142047702081 6.5868444547673555 5.599834513541884
0.5238142047702081 7.393536186678864 5.679552234099768
0.5238142047702081 8.405663348621577 5.9861187392922846
0.5238142047702081 4.172870217951562 3.821708595259182
0.5238142047702081 4.172870217951562 4.032521909752277
0.5238142047702081 6.349445556584936 5.78050244633405
0.5238142047702081 4.428678133840815 3.574230331647709
0.5238142047702081 4.0884673612758355 3.7670632504455854
0.5238142047702081 4.624954971737704 4.353151835085455
0.5238142047702081 4.922908887982864 4.511331077142366
0.5238142047702081 3.6548348316916024 3.521534620104397
0.5238142047702081 6.156988437810206 4.02432029294062
0.5238142047702081 5.18117934904468 3.488532120898351
0.33829374938026335 6.281417846765748 3.0884095041501007
0.33829374938026335 4.20067356504719 2.120930587380383
0.33829374938026335 5.597222642735762 3.9062955713988976
0.33829374938026335 6.226074337839638 4.535844114888667
0.33829374938026335 4.688957810704984 3.3723545812676834
0.33829374938026335 3.424451724808105 2.9050546269537985
0.33829374938026335 5.0963880208414345 4.544812090870327
0.33829374938026335 5.413796119819313 4.274246455702165
0.33829374938026335 5.832138974259276 4.228390643806571
0.33829374938026335 6.244296833331866 4.213900337061843
0.33829374938026335 6.114736367785355 5.294700381660406
0.33829374938026335 6.545205979035305 4.423205082063786
0.33829374938026335 5.557275331744744 3.871612945744182
0.33829374938026335 0.33829374938026335 0.33829374938026313
0.33829374938026335 5.655210606914924 5.141260450131889
0.33829374938026335 5.631073290369628 4.007891342212263
0.33829374938026335 6.566509121581227 4.902643703762354
0.33829374938026335 6.566688907593214 5.572487982222547
0.33829374938026335 6.566688907593214 6.183811187750465
0.33829374938026335 6.197096992706321 5.901469564380348
0.33829374938026335 6.197096992706321 5.794777231455578
0.33829374938026335 7.670349232969963 5.507111742639919
0.33829374938026335 7.0400810751246645 6.019122492524153
0.33829374938026335 3.811652111108384 3.4163376350890835
0.33829374938026335 6.63218004950815 4.498890487050859
0.33829374938026335 3.307959843105167 2.6764924247604602
0.33829374938026335 2.6625162360245764 1.898363053816768
0.33829374938026335 5.897478624265549 4.487650622821982
0.33829374938026335 5.328144099589288 4.943818217921187
0.33829374938026335 5.60926150887969 4.333494655085882
0.33829374938026335 4.3099108303552605 3.4898294764459825
0.33829374938026335 4.805435105360765 3.7185329879869835
0.33829374938026335 5.162365232636322 3.9168026236302116
0.33829374938026335 5.162365232636322 4.766260674728913
0.33829374938026335 6.99010371008932 6.34265108202794
0.33829374938026335 5.553268964789474 5.187022596435117
0.33829374938026335 7.364837794293235 5.929887015493209
0.33829374938026335 5.010592515097805 4.379626824607847
0.33829374938026335 4.622215886954766 3.8847484518155038
0.33829374938026335 4.407105207690307 3.1593136514760696
0.33829374938026335 3.213951270611823 3.101369328365892
0.33829374938026335 5.480094936298958 4.149261519343134
0.33829374938026335 4.527917713609227 3.02047865550411
0.33829374938026335 4.559489878724918 3.7320902836944794
0.33829374938026335 4.928150993288369 4.025150852772222
0.33829374938026335 5.65670507346044 4.455274684585026
0.33829374938026335 6.163953227659338 5.085647497491167
0.33829374938026335 6.02108309958675 5.802393050111574
0.33829374938026335 5.972723694644955 4.962351238228804
0.33829374938026335 3.1799574043014904 2.977138684463026
0.33829374938026335 7.52308619894931 5.132370494111898
