1.5889174179832541 7.210216336868845 5.2716538457427475
1.5889174179832541 5.205253783357918 5.031618611835983
1.5889174179832541 6.521948389658984 6.316501901226261
1.5889174179832541 7.105972013075673 6.053010760805938
1.5889174179832541 6.675574496543515 5.508419304782409
1.5889174179832541 6.378694495289615 5.64476207120985
1.5889174179832541 4.693403910047191 4.471290355431461
1.5889174179832541 3.796904465451757 3.462486865143165
1.5889174179832541 5.71258806861097 4.393640172895824
1.5889174179832541 5.83046665986674 4.351350245020392
1.5889174179832541 4.984678714454692 4.1948235514722345
1.5889174179832541 6.289083315028083 4.443001468472082
1.5889174179832541 5.4101515417001025 4.037340650013015
1.5889174179832541 3.6047818821522957 3.4349478439098364
1.5889174179832541 5.002885071299332 4.6739262453254025
1.5889174179832541 4.564293770406966 3.7801992274681684
1.5889174179832541 5.368690123530481 5.129437620021603
1.5889174179832541 8.738550062078712 7.362067906115704
1.5889174179832541 6.499831717948759 4.727208748134566
1.5889174179832541 6.975695380799886 5.630728643620701
1.5889174179832541 5.691488041828794 4.473702800410137
1.5889174179832541 4.5991883596669005 3.527380268972806
1.5889174179832541 5.822070375671881 4.159926497576731
1.5889174179832541 7.60113100652355 5.449601478016916
1.5889174179832541 5.269096450670052 4.579671386737
1.5889174179832541 8.048765683750556 6.567676896497531
1.5889174179832541 7.164622202897309 4.894459682655007
1.5889174179832541 7.072392812553172 6.473685382668568
1.5889174179832541 9.515419584437995 6.796160216596576
1.5889174179832541 10.365067391322379 7.113515448390173
1.5889174179832541 4.5370519649455865 4.393391968562245
1.5889174179832541 6.2070946201011665 5.800192003222089
1.5889174179832541 6.478181805018107 5.030039901099577
1.5889174179832541 6.128805688448985 4.207833210883615
0.046167038060979326 6.022210661647431 3.093525402928139
0.046167038060979326 5.594922105251001 4.093872894122063
0.046167038060979326 2.9229495266063634 1.4845582823336714
0.046167038060979326 5.857565602567217 5.471093050089024
0.046167038060979326 4.439727922222797 3.393075187579038
0.046167038060979326 6.5146926665323015 5.271493421020723
0.046167038060979326 4.391247488712892 3.677351793828581
0.046167038060979326 6.35678169321897 4.581260228633038
0.046167038060979326 3.6547682319371977 3.026504075007046
0.046167038060979326 5.854752684413597 5.046391821200965
0.046167038060979326 4.606108179645862 3.299550223348033
0.046167038060979326 2.7913293263930723 1.4187481822270258
0.046167038060979326 4.328148220364859 3.251810818681397
0.046167038060979326 6.624076204148562 5.311420628321946
0.046167038060979326 2.9318164450989355 2.663038334550814
0.046167038060979326 5.599967328807413 5.365116712626902
0.046167038060979326 0.046167038060979326 0.046167038060979326
0.046167038060979326 3.222330281352449 1.9222795468766862
0.046167038060979326 7.7770717515442485 5.093660923208168
0.046167038060979326 5.505765787959756 4.1880734024580715
0.046167038060979326 4.914325049629785 2.480246043845383
0.046167038060979326 2.0752179457832978 0.9826520723943568
0.046167038060979326 6.319361435704728 3.1827642368828553
0.046167038060979326 4.455148260927789 3.3915953660611797
0.046167038060979326 6.162793917038446 4.616430189513602
0.046167038060979326 4.922660390439873 3.8808207106184742
0.046167038060979326 7.057446588078745 3.551806813069864
0.046167038060979326 6.053773069325381 4.664464021172273
0.046167038060979326 5.963703476031249 5.235144165944669
0.046167038060979326 5.493831225422834 5.070503007597249
0.046167038060979326 3.3877069552499077 1.7169369966554437
0.046167038060979326 3.512934963669441 1.6462137729571926
0.046167038060979326 5.386293764810645 4.093597572364777
0.046167038060979326 6.629180648463663 3.3599566887534875
0.046167038060979326 5.071831200106111 3.737666228517026
0.046167038060979326 7.484214743454942 6.215752425097279
0.046167038060979326 3.4646447343994287 3.127002293981527
0.046167038060979326 7.562565992990791 5.018366661800709
0.046167038060979326 6.477675916087772 5.110070948684548
0.046167038060979326 4.2531060190608265 3.0760444020314517
0.046167038060979326 4.71105300490764 3.6712613250568156
0.046167038060979326 6.982592573617 6.058271183372218
0.046167038060979326 2.8711438812574284 1.4586554596592038
0.046167038060979326 0.046167038060979326 0.046167038060979326
0.046167038060979326 6.132896315125123 5.353484815264385
0.046167038060979326 6.702841509117778 5.920880487394315
0.046167038060979326 6.639639174181578 6.360921098608997
0.046167038060979326 6.410684063094376 3.902940371435501
0.046167038060979326 5.744119371920828 4.879685878920841
0.046167038060979326 0.046167038060979326 0.046167038060979326
0.046167038060979326 3.605070533589061 3.368735173169713
0.046167038060979326 3.1127539287610984 1.4615148337687265
0.046167038060979326 3.239958271661607 2.91194212872161
0.046167038060979326 6.470363496499903 5.77413132249619
0.046167038060979326 4.149882212407107 3.5210140016976705
0.046167038060979326 6.202458242700228 4.191590405550285
0.046167038060979326 4.5615863635978435 2.7824474877509555
0.046167038060979326 6.405134547441229 4.514179685978869
0.046167038060979326 4.735466344189568 2.3908166911252735
0.046167038060979326 5.528779239497592 3.279534019634586
0.046167038060979326 5.363199933084001 3.809493326364354
0.046167038060979326 3.210639798650608 2.958405910213805
0.046167038060979326 6.6104312744949 4.592610610106798
0.046167038060979326 5.564726961738341 2.9047390948771765
0.046167038060979326 4.81068123481586 2.352740026635027
0.046167038060979326 6.457048687911204 5.337947690404442
