3.2517668605215957 7.730477513522077 5.462544768306068
3.2517668605215957 4.595730114381482 4.526021708336476
3.2517668605215957 5.8971048396594625 5.133707596346069
3.2517668605215957 6.531279065296243 4.929681191214682
3.2517668605215957 6.515608502567748 5.108923456852884
3.2517668605215957 5.482857459182064 4.632269129136418
3.2517668605215957 7.246808494615488 6.800467429180974
3.2517668605215957 7.246808494615488 7.0931530471503415
3.2517668605215957 7.246808494615488 6.157372495309455
3.2517668605215957 7.246808494615488 6.277589354763033
3.2517668605215957 5.479753827776321 5.088453024562052
3.2517668605215957 7.396375499647606 6.408325427429166
3.2517668605215957 6.563681518467629 5.480565039454128
3.2517668605215957 4.546334347078073 3.912793500378664
3.2517668605215957 6.574084708762275 5.777050749129189
3.2517668605215957 5.358134022968688 4.392950187141346
3.2517668605215957 6.1252423531896625 4.936147558862919
2.7194426441983137 4.599560122997779 3.6076631811951168
2.7194426441983137 4.697019929782879 4.069403832546972
2.7194426441983137 6.370364368168115 5.778952919556895
2.7194426441983137 7.556024045594167 6.764154661526457
2.7194426441983137 5.280182841344942 4.517554947704422
2.7194426441983137 5.941841912171238 5.233884994746843
2.7194426441983137 7.697470984912391 6.74557134147455
1.1992638897100005 6.455692149724413 3.885946433351372
1.1992638897100005 5.843800343279067 4.412994117018799
1.1992638897100005 5.8798075195118145 4.916857582451106
1.1992638897100005 6.3649266165364295 6.026891559606445
1.1992638897100005 6.0372249596125265 5.673868233418563
1.1992638897100005 7.694640028220579 6.986787699123316
1.1992638897100005 4.056947708003033 3.940934198376477
1.1992638897100005 5.09192572374592 4.537270696548861
1.1992638897100005 8.927189588617102 6.011813856744648
1.1992638897100005 3.6908939478650464 3.1159541056755176
0.8551945432529355 5.282367339161038 2.9117385008434855
0.8551945432529355 5.43049593174397 4.078956290326626
0.8551945432529355 4.293147166331124 3.94017822577237
0.8551945432529355 4.862293148222697 3.6310862797078878
0.8551945432529355 6.877537335805016 5.4877900405838425
0.8551945432529355 5.788522030189558 4.888581699905272
0.8551945432529355 5.6372657551737575 4.405780230131071
0.8551945432529355 7.583354945999471 5.198846199318033
0.8551945432529355 7.583354945999471 7.32267968715339
0.8551945432529355 7.583354945999471 6.695535176894676
0.8551945432529355 8.290583693771149 7.125394113524056
0.8551945432529355 7.458682775387601 6.007065760029102
0.8551945432529355 7.396445337214152 6.216628238523588
0.8551945432529355 3.4237079941014525 2.8624003863487415
0.8551945432529355 4.047816810879343 3.574617414633605
0.8551945432529355 6.27712435334977 4.896128532091494
0.8551945432529355 6.5661721192938 5.0295351932964305
0.8551945432529355 6.4154800793963105 6.099773738019185
0.8551945432529355 7.564891333154009 5.359447137428551
0.8551945432529355 7.1104227337573285 6.824175685037338
0.8551945432529355 10.472222967874792 9.262363780107863
0.8551945432529355 8.652280429764932 6.480893473464831
0.8551945432529355 9.829935305480841 8.236920033410446
0.8551945432529355 6.165707124031577 4.860193952330785
0.8551945432529355 5.499193090699816 4.5269369356649065
0.8551945432529355 6.337140331305417 5.837112181438854
0.8551945432529355 7.770927643446404 6.971498235203565
0.8551945432529355 5.7111738221190045 4.301327344662197
0.8551945432529355 5.7111738221190045 5.524405388316466
0.8551945432529355 6.201420201357713 5.921773856603234
0.8551945432529355 5.573890871023519 4.551944315684102
0.8551945432529355 6.612845869627105 4.451289041615378
0.8551945432529355 6.612845869627105 5.271847833777865
0.8551945432529355 8.330561889529983 7.568325797758683
0.8551945432529355 6.019535197132324 5.403171310685786
0.8551945432529355 7.660164058771196 6.589412934885967
0.8551945432529355 9.310314820882448 7.926681995028204
0.8551945432529355 11.299574557606103 7.188839413434878
0.8551945432529355 7.583587063565412 7.144540901123668
0.8551945432529355 6.075102884137486 5.37710599752468
0.8551945432529355 4.997768658216781 4.60674524099133
0.8551945432529355 6.604722637175318 6.182008266282183
0.8551945432529355 7.520273881249652 5.828893267765448
0.8551945432529355 6.9930113767413395 5.959608259338097
0.8551945432529355 2.9097310500144613 2.5991681824610207
0.8551945432529355 5.35981013820944 4.88946408953365
0.8551945432529355 7.139099839629258 5.801962140452475
0.8551945432529355 6.980637145484831 6.291194191439937
0.8551945432529355 2.938202512517631 2.8265012821396924
0.8551945432529355 2.781732763725796 2.698796479955641
0.8551945432529355 7.27577035500825 6.165814575147808
0.8551945432529355 8.98217047994899 8.649399139509764
0.8551945432529355 8.080508758042871 6.1847730510184356
0.8551945432529355 6.138796994378605 3.3524486925159263
0.8551945432529355 5.886722223044348 3.4251138316928924
0.706483020692382 1.7791336713438644 1.2485280199627597
0.706483020692382 1.27882229288462 1.102979727417326
0.706483020692382 3.223435449719926 1.9876743657324771
0.706483020692382 5.697143079897852 4.4321243406394295
0.706483020692382 4.9976829951339425 4.1723887440434435
0.706483020692382 5.977448287622405 5.335383059611025
0.706483020692382 7.795922306723046 5.746159852480329
0.706483020692382 3.6993321194448687 3.25157946494232
0.706483020692382 6.460275221576019 3.6438857542202565
0.706483020692382 7.6402837691330046 6.018111053465544
0.706483020692382 7.211155364595099 6.2912127661815225
