1.8968287655768425 7.649460620853256 5.631626804950101
1.8968287655768425 6.206207139411241 5.489597055708614
1.8968287655768425 7.24731607077606 7.0232506328036415
1.8968287655768425 8.323159888646478 5.695613146906402
1.8968287655768425 6.8335242936056915 6.336358196652875
1.8968287655768425 6.476727682532317 6.097638957913331
1.8968287655768425 7.71675053879583 5.947985325961908
1.8968287655768425 7.591240336454785 6.80645313607267
1.8968287655768425 5.057245057032471 4.1808994459305975
1.8968287655768425 6.225794505913207 5.883362843508014
1.8968287655768425 6.225794505913207 6.059295823592574
1.8968287655768425 6.225794505913207 5.723722872138164
1.8968287655768425 7.66851204609323 5.9561660779702725
1.8968287655768425 8.76001275177317 7.603695553551162
1.8968287655768425 8.76001275177317 8.198360632563695
1.8968287655768425 5.696664507229919 5.207299941550849
1.8968287655768425 6.008041926059889 5.708757302169624
1.8968287655768425 7.43100379928117 6.561399279575029
1.8968287655768425 7.752689467169395 5.777114032928661
0.05300306561490986 4.554866897422521 2.2017027456784968
0.05300306561490986 7.0408018959178555 6.121466226395324
0.05300306561490986 4.678898380861231 3.5511294156762685
0.05300306561490986 7.158847889813064 4.526278519576255
0.05300306561490986 7.151872742566294 6.1137799951747205
0.05300306561490986 0.20026783068206244 0.12097141872282643
0.05300306561490986 7.709371734128164 6.6225932179991815
0.05300306561490986 5.137851346867624 4.431197771532766
0.05300306561490986 4.771884538788427 3.6850094267583553
0.05300306561490986 5.485402880464779 3.9917881638526262
0.05300306561490986 3.173675813567901 1.6133394395914056
0.05300306561490986 7.447187529712425 4.572026336756375
0.05300306561490986 7.32209129536494 3.6875471804899265
0.05300306561490986 6.080574971140159 5.4187952970669695
0.05300306561490986 6.305125197368167 3.179064131491539
0.05300306561490986 2.597556623918408 1.227412400216524
0.05300306561490986 3.2663264680320805 2.9932177078147073
0.05300306561490986 2.640997437981032 1.247462006706966
0.05300306561490986 5.558179128439054 4.25631865936701
0.05300306561490986 5.598992651240213 2.811724466561172
0.05300306561490986 5.450089645891278 2.9352699556501074
0.05300306561490986 4.984591757576627 2.7304275945981527
0.05300306561490986 4.8969566658402925 2.4749798657276014
0.05300306561490986 2.588898963159384 1.627498403171038
0.05300306561490986 7.599874653696325 3.9953471763175754
0.05300306561490986 5.098971866210871 2.6538170948577906
0.014152650727983218 0.7165249543942775 0.33981872991576983
0.014152650727983218 7.716130576990384 5.261846574927488
0.014152650727983218 6.430554987882935 6.118911125463824
0.014152650727983218 6.598360837759071 5.634155889680134
0.014152650727983218 5.56180191769057 4.194554134035754
0.014152650727983218 5.044254817555775 2.3357382661869646
0.014152650727983218 5.5131182797005565 4.1696587149011
0.014152650727983218 2.5959361660739586 1.2057450424261253
0.014152650727983218 6.91042017711419 4.936967273303913
0.014152650727983218 4.916212484642678 2.4651825676853303
0.014152650727983218 2.3934009916143606 1.1122672695986187
0.014152650727983218 2.670941566038309 1.3425471083831464
0.014152650727983218 6.663270733382738 3.5341534667857655
0.014152650727983218 6.541191995259322 4.32369291218143
0.014152650727983218 6.173487060377898 4.8722197390977815
0.014152650727983218 6.406391358243727 5.811189903304357
0.014152650727983218 5.61507649547174 4.061703088875384
0.014152650727983218 3.2375972228749323 1.9866711458461657
0.014152650727983218 2.798427885832663 1.4650713036015186
0.014152650727983218 2.9257706762916524 2.0478027856259575
0.014152650727983218 6.534797717906535 5.763451377435991
0.014152650727983218 3.0246952929005713 2.8711383333999834
0.014152650727983218 5.795992483757349 2.905599553581879
0.014152650727983218 5.924086724214661 2.9904540705854163
0.014152650727983218 3.5625768526817585 2.888953766352808
0.014152650727983218 5.703732586306401 4.218852879260206
0.014152650727983218 6.405143477915168 3.4799078350449912
0.014152650727983218 2.7640549007299886 1.389103775728986
0.014152650727983218 5.615501511783197 4.195997912300012
0.014152650727983218 7.617152975771475 6.424273772661905
0.014152650727983218 6.077960376267161 4.240519175597381
0.014152650727983218 5.288191969027096 4.5425099922034375
0.014152650727983218 3.0794390767558046 1.428900231971593
0.014152650727983218 3.2516509712808497 1.5083826448293065
0.014152650727983218 5.656107516546797 3.0430256857394955
0.014152650727983218 6.962552620614677 5.327593317899467
0.014152650727983218 3.2383180169044015 1.6262353338161928
0.014152650727983218 4.665238108684736 3.4509535260969653
0.014152650727983218 6.750509382897247 4.5810702385521616
0.014152650727983218 6.496293405371837 4.859308103846596
0.014152650727983218 3.3230029749239525 1.6685778128259683
0.014152650727983218 4.308561035633549 3.614179599573295
0.014152650727983218 5.571238049509862 4.874096240118879
0.014152650727983218 5.378816064585646 2.6964843576568143
0.014152650727983218 5.1685235173450685 2.5913380840365265
0.014152650727983218 5.462095888808786 4.636653496932334
0.014152650727983218 4.506814937059428 2.2604837938937057
0.014152650727983218 7.2624866541014725 3.359537575361901
0.014152650727983218 2.954533956541131 1.371251714949436
0.014152650727983218 3.57855582734279 1.6592618091655866
0.014152650727983218 4.096678118498662 3.900872929995382
0.014152650727983218 3.2378798674949256 1.5020267507742646
0.014152650727983218 6.32395097308374 4.663289484014716
0.014152650727983218 5.021381857450624 3.6127979346217702
0.014152650727983218 2.6257020512268636 1.2194831432659277
