2.6870065870795767 7.661654082421226 5.379303441644619
2.6870065870795767 6.002022606779747 4.802677875587879
2.6870065870795767 5.875802836556755 5.745161400145734
2.6870065870795767 6.355448314823182 5.129918514886336
2.6870065870795767 6.365666214196388 4.858545955743825
2.6870065870795767 6.628013733321719 6.339359658755559
2.6870065870795767 6.33101383394855 5.900079924551421
2.6870065870795767 5.720590184192403 5.444228673542067
2.6870065870795767 5.332087481438897 4.834590772967934
2.6870065870795767 6.068012996411625 5.202553530454297
2.6870065870795767 7.434596462177124 5.799112860104588
2.6870065870795767 7.798223140120065 7.164381614990229
2.6870065870795767 7.798223140120065 6.998159370067181
2.6870065870795767 6.399077763807146 5.388552415724183
2.6870065870795767 5.689899142879504 5.055820647251169
2.6870065870795767 7.595112063680094 5.448214640508416
0.17358740984757093 3.087090096637898 1.727008721597812
0.17358740984757093 0.22114413569590896 0.19553666793141916
0.17358740984757093 2.7353037962056814 1.3559180497051602
0.17358740984757093 5.880997160179916 2.950613162391897
0.17358740984757093 5.042257587738849 3.628793668179229
0.17358740984757093 4.7615749082739995 3.8632710660646734
0.17358740984757093 3.0827855017784853 2.1203913557544647
0.17358740984757093 5.277415377191726 3.2177062934610845
0.17358740984757093 6.5498491292603624 5.717331177558963
0.17358740984757093 5.65253579565368 4.06997276431033
0.17358740984757093 3.082244198202997 1.6279158040252841
0.17358740984757093 0.17358740984757093 0.1735874098475709
0.17358740984757093 5.159560889016621 2.666574149432095
0.17358740984757093 5.659508081227379 5.115489901724734
0.17358740984757093 3.4644230175676225 3.1556580576256383
0.17358740984757093 0.17358740984757093 0.1735874098475709
0.17358740984757093 2.607532703505481 2.4896774773106904
0.17358740984757093 6.238475319040088 5.336229024831441
0.17358740984757093 4.512558167211406 3.2932804471419193
0.17358740984757093 7.637805619251125 5.372793915160046
0.17185780452458888 0.17358740984757093 0.17272260718607987
0.17185780452458888 7.6937225410623995 7.1635115702226955
0.17185780452458888 8.002610215264486 7.028223765611776
0.17185780452458888 6.603517461601928 6.123284746642671
0.17185780452458888 7.6361152977944045 6.229282665340582
0.17185780452458888 7.079979273713208 5.040658060465207
0.17185780452458888 3.237126767441588 2.5863560126125877
0.17185780452458888 6.261314474383148 5.232197664204151
0.17185780452458888 4.96596876021275 4.577612193835702
0.17185780452458888 7.346652542680333 5.128427650681226
0.17185780452458888 3.9849315103707075 3.3826446775499552
0.17185780452458888 6.509403532767614 5.65136232431732
0.17185780452458888 6.642498610088854 6.35112888043086
0.17185780452458888 3.0856575028441537 1.5166884345182348
0.17185780452458888 5.6705188035941845 2.921188304059387
0.17185780452458888 2.7508334572274475 1.3621542596182163
0.17185780452458888 3.443659889155662 2.8834644296996577
0.17185780452458888 3.6478621963111384 3.301177075006911
0.17185780452458888 4.454963991673054 3.8612539758128084
0.17185780452458888 6.514144098390872 5.4936997227271185
0.17185780452458888 5.909573024229445 3.0407154143770176
0.17185780452458888 6.354876138587436 4.37357983567765
0.17185780452458888 2.8180172672281576 1.709151580666673
0.17185780452458888 5.670220016129029 5.21583850889536
0.17185780452458888 1.7366552032459848 1.0675531497860484
0.17185780452458888 3.1510056659220465 2.1920957032237354
0.13794887255728883 2.031228807585372 1.0130745707228384
0.13794887255728883 3.2381041252762945 3.0929241422879437
0.13794887255728883 5.750999382743938 4.3753150135209244
0.13794887255728883 8.810071038540896 7.968890424420025
0.13794887255728883 6.278677451628024 3.2083131620926575
0.13794887255728883 4.981671083095133 2.5598099778262116
0.13794887255728883 6.5236800558330295 5.524947127847606
0.13794887255728883 0.13794887255728883 0.13794887255728883
0.13794887255728883 2.919540990231081 1.91432764471732
0.13794887255728883 5.90877991545263 3.408947107328093
0.13794887255728883 6.223544099454241 4.543311706491642
0.13794887255728883 2.6374910709823145 1.3877199717698014
0.13794887255728883 5.641603012151133 4.990979736357624
0.13794887255728883 4.175759677867553 3.3835271710228563
0.13794887255728883 5.6021538348864475 5.364652794527633
0.13794887255728883 5.542918660969779 4.330140355266065
0.13794887255728883 4.834522929842528 2.305598437458168
0.13794887255728883 6.562812302494237 5.056684502167278
0.13794887255728883 7.3675341453038055 5.676179097104787
0.13794887255728883 4.405708515921855 2.1076840925717044
0.13794887255728883 6.623949208780498 5.87701683460625
0.13794887255728883 6.1028274157516975 5.867685362286938
0.13794887255728883 0.13794887255728883 0.13794887255728883
0.13794887255728883 3.1846635114064665 2.9643693973983285
0.13794887255728883 3.8703857231530283 3.366112009610554
0.13794887255728883 5.581823330144179 4.575473614125245
0.13794887255728883 4.2216283033242625 2.0227239944497386
0.13794887255728883 5.599803080260298 3.3990914860330737
0.13794887255728883 3.1706277580546787 2.4133095284206463
0.13794887255728883 3.8560015849493543 3.4910788125976797
0.13794887255728883 6.962478938199711 6.540587997673542
0.13794887255728883 5.512310998060627 4.075806490326396
0.13794887255728883 7.183879794240653 4.4112037446309165
0.13794887255728883 3.649484237642835 1.7862726592685076
0.13794887255728883 5.935857303335894 5.001891128688438
0.13794887255728883 5.408725077608956 3.9932882909727256
0.13794887255728883 6.648598417426417 4.298217529768323
0.13794887255728883 6.210416622004978 4.915841883258794
