2.5494595988636672 7.664756464855998 5.669631611482787
2.5494595988636672 6.006560401449885 5.256810965167656
2.5494595988636672 6.006560401449885 5.727982208143354
2.5494595988636672 3.8361646100995803 3.445994504358824
2.5494595988636672 4.162730367387066 3.5891986558313222
2.5494595988636672 6.0157683142747125 5.219298799302449
2.5494595988636672 6.314565718036427 4.945152795916901
2.5494595988636672 6.007444179777373 4.803404393643491
1.410265574816727 6.095765726288196 3.796830805323498
1.410265574816727 3.5320204676686626 3.2930397808232135
1.410265574816727 6.6264356847196915 4.0331833163186666
1.410265574816727 6.342032228777732 5.566501760082415
1.410265574816727 6.342032228777732 6.067631055145062
1.410265574816727 10.247190432100586 8.104800536414093
1.410265574816727 7.207089345361682 5.474606096528148
1.410265574816727 6.361118216304913 5.60190232548385
1.410265574816727 6.042615560151859 5.407501226105968
1.410265574816727 6.841364311450601 5.776154495936156
1.410265574816727 6.630709705892933 6.342945735407874
1.410265574816727 9.29228792724377 7.143675575418488
1.410265574816727 9.0774729151045 7.069674608114169
1.410265574816727 11.83247755270989 11.213374175888866
1.410265574816727 13.08325435023994 8.663550243533667
1.410265574816727 16.076522906882506 12.523901648598457
1.410265574816727 5.638524574522354 4.577494534968519
1.410265574816727 5.4017197911352 5.211665877151981
1.410265574816727 5.60471093845533 4.10072685912886
1.410265574816727 5.785534637413008 3.9402326722473373
1.410265574816727 6.98983464394065 4.200050109378691
0.27483531456124455 8.38430696805465 4.061338780029565
0.27483531456124455 6.0067237976049945 2.920322306735282
0.27483531456124455 3.890691729182763 2.2770642650731876
0.27483531456124455 5.711417400641565 4.424393627265785
0.27483531456124455 6.601807017093005 5.8451260614752565
0.27483531456124455 5.9015876504099225 3.0882114824855833
0.27483531456124455 3.4062565036760444 2.9520270697114204
0.27483531456124455 5.510697665996496 4.016397480855824
0.27483531456124455 5.253996296362594 2.7644158054619195
0.27483531456124455 5.128586736256427 3.8699984935883713
0.27483531456124455 5.595996944097795 4.506751291434186
0.27483531456124455 5.159256003408636 4.111767174978505
0.27483531456124455 7.754508389684677 6.373330142290513
0.27483531456124455 9.138351881497943 7.441099976873134
0.27483531456124455 4.809264696480856 4.511762560859179
0.27483531456124455 5.103356929597712 2.6890961220794773
0.27483531456124455 3.279950827433862 1.6618117051178372
0.27483531456124455 3.2668449901159957 1.7708401523386204
0.27483531456124455 4.017158337485814 3.2079626060363213
0.27483531456124455 4.585950919920776 4.276373437560811
0.27483531456124455 4.585950919920776 4.420138781253102
0.27483531456124455 7.5432005881974185 6.174453870633396
0.27483531456124455 5.555938977042413 2.9153871458018292
0.27483531456124455 0.27483531456124455 0.2748353145612444
0.27483531456124455 6.348313660885566 5.701808420438374
0.27483531456124455 6.599981931424143 6.305112822580649
0.27483531456124455 6.942809866580106 4.901558778953236
0.27483531456124455 9.219310522104617 6.331877644550802
0.27483531456124455 5.406926947272147 3.251208384097633
0.27483531456124455 5.565938538172595 4.389860141563712
0.27483531456124455 4.301143745050034 2.2908318587723917
0.27483531456124455 7.36265639427026 4.830564081783252
0.27483531456124455 5.495099648074209 5.143809013831989
0.27483531456124455 7.341135323684139 6.507573645713622
0.27483531456124455 3.2433873336645687 3.0912169168090746
0.27483531456124455 2.875097331372942 1.6698169306083483
0.27483531456124455 7.594300594193987 6.328801716851263
0.27483531456124455 5.7843580404821395 4.796906518102241
0.27483531456124455 3.4187054715068084 3.2389705518636878
0.27483531456124455 6.654179556061909 5.238730708958952
0.27483531456124455 4.259620987320641 3.5533914336677013
0.27483531456124455 4.571336840833808 3.7152947514947625
0.27483531456124455 4.024856084831882 3.347810539191854
0.27483531456124455 6.1879662701623275 5.560254503421827
0.27483531456124455 4.8506884294998684 3.7903051553531593
0.27483531456124455 4.589470844669204 3.9298558855842676
0.27483531456124455 6.557211049323097 6.187294442236397
0.27483531456124455 4.162142983385582 2.526381072802369
0.27483531456124455 3.7096324100895584 3.489706752057351
0.27483531456124455 3.7096324100895584 3.5775248294923157
0.27483531456124455 5.752104163441047 4.298638588116313
0.27483531456124455 5.429133698397219 4.515764617238698
0.27483531456124455 3.182238596455648 2.6951014655740306
0.27483531456124455 4.293938131220106 2.835550981902002
0.27483531456124455 2.9588753472003977 2.463113443740135
0.27483531456124455 4.59094742885652 3.4949128188753984
0.27483531456124455 4.390482349270702 4.103929252485595
0.27483531456124455 6.334079933795383 5.948295833246509
0.27483531456124455 6.937351100856796 5.146961604361371
0.27483531456124455 5.698935605045996 4.8684651011596936
0.27483531456124455 7.719453660205108 5.709255657044535
0.27483531456124455 7.288506258851029 6.576122478896917
0.27483531456124455 10.180303339866146 8.028462157985114
0.27483531456124455 7.713573040318984 6.742399446964622
0.27483531456124455 7.14524663029648 6.759626979409993
0.27483531456124455 6.517175827436443 4.762553616725106
0.27483531456124455 3.8970329382090267 3.283237352893501
0.27483531456124455 3.7338689388724657 2.2555748505895226
0.27483531456124455 3.7234409632754653 2.5869343679366357
0.27483531456124455 4.110819015778265 3.5793147360119164
0.27483531456124455 6.884011638777709 6.07270077730601
