1.0413014188790233 7.768143012273324 5.467233114416744
1.0413014188790233 7.634352830783907 6.0719807491619475
1.0413014188790233 7.4976946575141294 5.191523299491727
1.0413014188790233 6.502133623566795 5.222645951820339
1.0413014188790233 5.621595848405459 4.070779294447616
1.0413014188790233 6.608986851595706 4.982531737597151
1.0413014188790233 6.6346930692913695 4.930211859835632
1.0413014188790233 6.6346930692913695 5.128297827905296
1.0413014188790233 6.326507971409953 4.138892375579448
1.0413014188790233 4.5569547629175915 4.144092668692007
1.0413014188790233 4.5569547629175915 3.6257627603330542
1.0413014188790233 6.585829098286698 3.743474698868428
1.0413014188790233 6.585829098286698 4.899202225132914
1.0413014188790233 5.851520706521622 4.153159369724819
1.0413014188790233 6.530626546186063 5.2069408881503385
1.0413014188790233 6.530626546186063 4.357123570683865
1.0413014188790233 5.641979117983237 4.098772085771866
1.0413014188790233 5.641979117983237 4.475320549141986
1.0413014188790233 5.641979117983237 3.336764605949571
1.0413014188790233 5.638810077171325 3.1443043308871914
1.0413014188790233 6.421369066122985 4.961704057899308
1.0413014188790233 6.421369066122985 4.165897248187423
3.535979881247617 5.387680112239348 2.6323159274265073
2.6208800648780124 7.26209859686918 4.843662821449569
2.6208800648780124 7.26209859686918 4.153356330513894
2.6208800648780124 4.992924959807844 3.3722331668792442
2.6208800648780124 5.7860148624726335 3.521942255640533
2.6208800648780124 6.221529053289796 4.56100661730538
2.6208800648780124 6.221529053289796 4.390420100006564
2.6208800648780124 7.943128290113297 6.881723441571949
2.6208800648780124 9.36217270548833 6.162202316332809
2.6208800648780124 9.36217270548833 3.6221097214037137
2.6208800648780124 3.451718061029958 3.4237973639423545
2.6208800648780124 6.617260505827794 5.18536325085969
2.6208800648780124 6.617260505827794 4.365052462192895
2.6208800648780124 5.755374395264521 4.515112905918169
2.6208800648780124 5.755374395264521 3.921781830488709
2.6208800648780124 6.292093439459844 4.687439799842504
2.6208800648780124 6.292093439459844 5.276279812062677
2.6208800648780124 6.292093439459844 5.026125701718737
2.6208800648780124 8.235140985431205 5.716791652200219
2.106634080483016 8.235140985431205 4.430749234520656
2.106634080483016 8.235140985431205 3.850058383049971
3.445117587912858 4.382272566684964 2.643108568794459
3.445117587912858 5.069668709240013 3.605721769282572
2.702007386902203 5.370986220805719 4.188849664469386
2.702007386902203 6.340094483149635 4.35006456112612
2.702007386902203 6.6220774227259405 5.055721215447843
1.6936375466039348 6.282940839346029 5.053668858523732
1.6936375466039348 6.6220774227259405 4.678238903269903
