3.126901664941468 7.754616864356365 5.493064144134961
3.126901664941468 7.754616864356365 6.26619508084207
3.126901664941468 6.6760665319522445 5.841607645838161
3.126901664941468 6.6760665319522445 5.388682515736563
3.126901664941468 6.6760665319522445 6.20654523595094
3.126901664941468 6.6760665319522445 6.532510617457459
3.126901664941468 6.6760665319522445 5.48151287980649
3.126901664941468 6.6760665319522445 3.92497776533093
3.126901664941468 6.6760665319522445 3.4312527515961593
3.126901664941468 6.2226745851964225 3.611325386367908
3.126901664941468 6.2226745851964225 3.2226301467054825
3.126901664941468 5.389257658200364 3.2470710432894556
3.126901664941468 5.045020447673629 2.7959523860867184
3.126901664941468 5.045020447673629 3.835068004938542
3.126901664941468 7.703177386200473 6.433413541780108
3.126901664941468 8.568638959090796 5.5609374905400095
3.126901664941468 8.568638959090796 6.185212009195783
3.126901664941468 7.507006216964216 4.504598084204284
3.126901664941468 7.507006216964216 4.115746279571074
3.126901664941468 5.451588591993865 4.327380892597179
3.126901664941468 6.614993215218902 4.947472804539082
3.126901664941468 9.079109240762236 6.389870485484838
3.126901664941468 9.079109240762236 5.55421174346175
3.126901664941468 9.23460258249339 7.260193769612084
3.126901664941468 9.23460258249339 5.397986456074511
3.126901664941468 6.483681097783837 4.7688343949508285
3.126901664941468 7.100108276925084 5.935152017623877
3.093201556125092 7.100108276925084 4.739539086146035
3.093201556125092 6.709755221613516 5.399610611795564
3.093201556125092 6.709755221613516 4.51671355585869
3.093201556125092 6.7754980838795404 5.94050773755001
3.093201556125092 6.7754980838795404 5.896201617354124
2.4836528142883094 6.7754980838795404 4.520728959079882
2.4836528142883094 6.353798894900489 3.538999284476248
2.4836528142883094 5.913712703968368 4.345148428599558
2.4836528142883094 6.220205240346839 4.698105565013073
2.4836528142883094 6.220205240346839 5.592567210892202
2.4836528142883094 6.469751120710999 6.070374624010376
2.4836528142883094 6.582649866894869 6.1159455416678234
2.4836528142883094 7.503820590776659 5.453290685964573
2.4836528142883094 7.503820590776659 5.84132043294576
2.4836528142883094 7.503820590776659 5.456913059987787
2.4836528142883094 6.526692077547338 5.250534913508197
2.4836528142883094 6.328034388578146 5.3580232377302
2.4836528142883094 7.642321323581859 6.084937365589916
2.4836528142883094 7.642321323581859 4.869699682897104
2.4836528142883094 6.504321526071529 5.484050207368116
2.4836528142883094 7.730062818562782 7.13759054280542
2.4836528142883094 7.730062818562782 6.781119888395363
2.4836528142883094 7.631152246782946 7.313474509530604
