1.4902323478734876 7.767702567361912 5.529829738286225
1.4902323478734876 7.738375364870128 5.441730315165696
1.4902323478734876 11.057054315715796 8.840222991134013
1.4902323478734876 11.057054315715796 7.650051405660507
1.4902323478734876 9.583360759296287 7.018863695859306
1.4902323478734876 9.667203519086781 5.24515612263684
1.4902323478734876 9.583360759296287 5.233924716595203
1.4902323478734876 7.1841608800449315 5.697511946513689
1.4902323478734876 7.1841608800449315 4.671714900283218
1.4902323478734876 6.3974449378818825 4.45181530674746
1.4902323478734876 5.6902923995323675 5.390210598517101
1.4902323478734876 6.562917714762918 5.939250038869463
1.4902323478734876 6.562917714762918 4.909665160945616
1.4902323478734876 7.305386696221385 5.0145128136725425
1.4902323478734876 7.305386696221385 2.7483463965768022
1.4902323478734876 6.054975164845409 4.497028595713747
1.4902323478734876 7.415985437615319 5.413273027630132
1.4902323478734876 7.415985437615319 4.2558068711057215
1.4902323478734876 7.078452328959251 5.92171047957576
1.4902323478734876 8.457797110444362 6.289497717437424
1.4902323478734876 8.457797110444362 5.872284753546305
1.3362208248746446 7.461865145910446 3.651641010968598
1.3362208248746446 7.461865145910446 3.723709695556305
2.9882120571466584 6.082186590527424 5.646732993583927
2.9882120571466584 8.007726584175007 3.1965766911597084
2.9882120571466584 2.8458511435142424 2.5665074606852865
2.9882120571466584 6.46696954844403 4.332131070804801
2.9882120571466584 6.630880441365157 5.152767780497966
2.9882120571466584 6.630880441365157 5.748322594738331
2.9882120571466584 6.630880441365157 3.5400877020829693
2.9882120571466584 5.980560407936231 4.590151126147847
2.9882120571466584 6.195296281293299 5.370846926143474
2.9882120571466584 8.165240345279326 7.064882381850518
2.9882120571466584 8.165240345279326 6.0773478309665245
2.9882120571466584 7.108907422702629 6.451961948074613
2.9882120571466584 7.108907422702629 6.181382355253897
2.9882120571466584 7.108907422702629 6.009104119608971
2.9882120571466584 6.642555016791601 5.24023762060859
2.9882120571466584 8.091988650077809 5.762922437134603
2.9882120571466584 8.091988650077809 5.0278847022993975
2.9882120571466584 6.366559866908936 5.565896806121483
2.9882120571466584 8.460020041238792 6.072209022640468
2.9882120571466584 8.460020041238792 5.036588337270393
2.9882120571466584 8.460020041238792 5.773391349139987
2.9882120571466584 7.0226003680771125 6.038093798826256
2.9882120571466584 7.0226003680771125 5.499074280212599
2.9882120571466584 7.550085337099805 6.3347386236982866
2.9882120571466584 7.242284695332971 5.893663719944835
2.9882120571466584 9.291015663484437 6.3374929723288105
2.9882120571466584 9.291015663484437 6.168120866753957
