2.580203722001596 7.748380227518631 5.533394989094396
2.580203722001596 7.718075959503333 4.128251818951163
2.580203722001596 4.926388259013557 3.4171159586393043
2.580203722001596 4.569064406694832 3.665519025918708
2.580203722001596 4.569064406694832 3.5885339673504193
2.580203722001596 4.591090575734356 4.057692317442207
2.580203722001596 5.014023776077533 4.304166417850241
2.580203722001596 5.014023776077533 4.026814286135715
2.580203722001596 4.655310069002795 3.986591921678045
2.580203722001596 4.601023200588628 3.5256015370968004
2.580203722001596 3.4604212259400815 3.8123873539904958
2.4326687525717543 3.6920283229116966 3.0140188728994066
2.4326687525717543 5.678600249579414 3.1259998839689582
2.4326687525717543 4.171149292381134 3.470411905376726
2.4326687525717543 6.275447198406184 4.44938781710711
2.4326687525717543 6.275447198406184 3.6024203286043246
2.4326687525717543 5.712337853195486 4.2687482093768345
2.4326687525717543 5.954224494290674 4.066411805566437
2.4326687525717543 6.590160689508739 5.601789459078675
2.357035199984765 6.147122840402183 4.264868667290852
2.357035199984765 7.958716043702095 5.091334639712105
2.357035199984765 7.958716043702095 5.683913994881213
2.357035199984765 6.402578978457907 5.0880128748340745
2.357035199984765 6.402578978457907 4.647676846025867
2.357035199984765 6.402578978457907 4.637666444122312
2.357035199984765 6.610834977071846 5.197477723642599
2.357035199984765 6.610834977071846 4.206590907571824
2.357035199984765 5.385746095415296 4.863744691513295
2.357035199984765 5.864088920713716 5.32074799446165
2.357035199984765 6.306691057274314 5.473731778265762
2.357035199984765 5.347530058193929 6.1194353656862
2.357035199984765 7.660918098187398 6.833842607543434
2.357035199984765 7.660918098187398 6.577872268644605
2.357035199984765 7.660918098187398 4.5418067056678195
2.357035199984765 7.733108737782501 6.036074875110191
2.357035199984765 8.065467098162486 6.299042705083269
2.357035199984765 10.431415345381081 6.738817576909574
2.357035199984765 10.431415345381081 3.9724792222452465
2.357035199984765 10.420379621836837 7.661734713542378
2.357035199984765 10.420379621836837 6.117860017235952
2.357035199984765 7.354707697509056 4.0774462797294095
2.357035199984765 6.311050558711845 5.132205746486846
2.357035199984765 6.311050558711845 4.449485234322172
1.7724039242121887 6.116137706794216 5.244723632426015
3.409928430935079 7.148059572060863 4.137643056411336
3.409928430935079 7.148059572060863 5.266052317029804
3.409928430935079 9.32933876755781 7.010788428546607
3.3117323323358723 10.123415377882191 7.674768587856623
3.3117323323358723 10.123415377882191 7.877877710232639
3.1300491014413585 10.123415377882191 4.212705609059986
