3.6124408404278197 7.769144738874317 5.804947619618254
3.6124408404278197 9.150924083722398 7.3799247966053425
3.6124408404278197 9.150924083722398 4.834456533358377
3.6124408404278197 6.296564738651728 5.152672316802008
3.6124408404278197 7.72079014215711 6.564247044569339
3.6124408404278197 6.512938370419619 5.49951419788075
3.6124408404278197 8.581349606710823 7.780868272918992
6.196850498832365 8.838046887381978 6.4450566273944165
3.6124408404278197 9.127376992843761 8.405460106373518
3.6124408404278197 10.492554076798582 7.403808961927711
3.6124408404278197 10.492554076798582 5.07279329569332
3.6124408404278197 10.492554076798582 5.111045839706085
3.6124408404278197 8.697305351458748 7.196771036860299
2.893170932730794 8.697305351458748 5.978001384248844
3.779389485637552 8.697305351458748 4.943674194776769
3.779389485637552 7.192586327966076 4.214334401121715
3.779389485637552 7.192586327966076 5.510731317047077
3.779389485637552 7.192586327966076 5.729397006937091
3.779389485637552 6.966891856330351 5.288770269288687
3.779389485637552 6.137474969173706 4.090338285830451
3.779389485637552 6.137474969173706 4.516993263584525
3.779389485637552 6.171921220286784 4.484811928409656
3.779389485637552 8.271816549823788 6.244836561143475
3.779389485637552 8.271816549823788 6.52700785291291
3.779389485637552 8.271816549823788 4.818888401293424
3.779389485637552 7.090779492247005 5.306191852352733
3.3618653993801755 7.639687820038798 4.272965423168177
3.3618653993801755 5.054072785348385 4.180056402786665
3.3618653993801755 7.217694003070962 4.603664700816164
3.3618653993801755 6.422630560351717 5.710881820091028
3.3618653993801755 6.422630560351717 5.840286221093528
3.3618653993801755 6.422630560351717 5.094137339543083
3.3618653993801755 7.498301233765293 5.722854402935796
3.3618653993801755 7.498301233765293 4.968092478767005
3.3618653993801755 7.721330194201254 6.240263730571808
3.3618653993801755 7.775244831475794 5.987502928259238
3.3618653993801755 7.775244831475794 5.4523928479894925
3.3618653993801755 7.622528056948719 5.415036944408094
2.8280391373586053 7.622528056948719 4.5006284659487
2.8280391373586053 7.08726772242445 4.376067254471137
2.8280391373586053 6.560721596048349 5.935907030301251
2.8280391373586053 6.675914479151228 6.085327967932853
2.8280391373586053 7.7311018755767 6.257037551589059
2.8280391373586053 6.675914479151228 6.111305455967214
2.8280391373586053 6.675914479151228 5.978364538492657
2.8280391373586053 6.492653089076104 6.035992032049879
2.8280391373586053 7.257661899245152 6.455216399908283
2.8280391373586053 7.257661899245152 4.716335406336391
2.8280391373586053 7.257661899245152 4.226082517707958
2.8280391373586053 5.889433217472842 4.461002417759645
