1.7626296439642748 7.735713028821083 5.374353219435244
1.7626296439642748 7.583253002463726 4.757425441498198
1.7626296439642748 8.475705481205278 6.00754564615845
1.7626296439642748 8.475705481205278 6.100400829413735
1.7626296439642748 6.658253827894832 5.497311479028027
1.7626296439642748 6.658253827894832 5.531806683245763
1.7626296439642748 5.667851584415303 3.7837653995709313
1.7626296439642748 6.1332936177424315 4.749088855903627
1.7626296439642748 7.404185245872327 6.484966271141787
1.7626296439642748 7.524253245249227 6.785648332271297
1.7626296439642748 7.080121968898014 6.739176665580273
1.7626296439642748 8.572186706766267 7.388689967176298
1.7626296439642748 8.572186706766267 6.918661662034589
1.7626296439642748 8.572186706766267 7.232734871411618
1.7626296439642748 8.205471995036135 6.3562701147480185
1.7626296439642748 8.39105059832785 6.199915487169225
1.7626296439642748 8.39105059832785 7.023266770336636
1.7626296439642748 11.77717677761371 7.777493287261519
1.7626296439642748 11.77717677761371 5.47378596022831
1.7626296439642748 6.6643791909183925 5.501568840810718
1.7626296439642748 6.6643791909183925 3.637637705174567
1.7626296439642748 6.6643791909183925 3.8370479871123444
1.7626296439642748 7.352437746050201 6.620833633755569
1.7626296439642748 7.612986294679313 6.110274987022941
1.7626296439642748 7.352437746050201 5.830581603419478
1.7626296439642748 6.181044874016095 5.6128614246326585
1.7626296439642748 6.181044874016095 5.3622942739132045
1.7626296439642748 8.192577192898082 6.010346625618416
1.7626296439642748 8.192577192898082 4.5753195832946725
1.7626296439642748 8.192577192898082 4.1678943122419625
0.5528438694628233 7.5533735613478346 3.9979691263413035
0.5528438694628233 5.731564623476725 4.821173709874643
0.5528438694628233 7.233487871476338 4.050618179170033
0.5528438694628233 7.233487871476338 2.931197508514251
0.5528438694628233 5.603257235168101 2.82648263889704
0.5528438694628233 5.603257235168101 4.747103217107684
0.5528438694628233 5.603257235168101 4.8579759876532504
0.5528438694628233 5.271737560181901 3.590543697457764
0.5528438694628233 5.271737560181901 3.707175296829772
0.5528438694628233 4.621876156298896 2.7553459172072223
0.5528438694628233 5.91338854890266 4.083104807352021
0.5528438694628233 5.91338854890266 1.3803472243590906
0.5528438694628233 2.794023461977368 1.630580186332593
0.5528438694628233 2.794023461977368 1.020223392381257
0.5161015590395128 5.058028182830515 1.2226271820023078
0.5161015590395128 3.7748532550236864 2.944374526699944
0.5161015590395128 5.046571613617669 3.6993193392737647
0.5161015590395128 5.046571613617669 4.023407119175661
0.5161015590395128 4.948542327966496 3.4241098175953577
0.5161015590395128 4.596681543546584 1.5329199476911664
