2.2834987652710628 7.770351390406869 5.35955944189925
2.2834987652710628 7.42913314416449 6.016522527779897
2.2834987652710628 7.62878407419714 7.069072150813778
2.2834987652710628 8.70358058927642 7.048066130785369
2.2834987652710628 8.70358058927642 6.2150590933001455
2.2834987652710628 6.005353996613419 5.453462825157844
2.2834987652710628 6.573356401459684 5.592354276308189
2.2834987652710628 6.573356401459684 4.87178073029814
2.2834987652710628 6.005353996613419 5.162966198527208
2.2834987652710628 6.005353996613419 4.470991387566762
2.2834987652710628 5.337474342482899 4.775711005188985
2.2834987652710628 6.066033466712334 4.97572062773467
2.2834987652710628 6.453195377700791 5.130223597214154
2.2834987652710628 6.453195377700791 5.714273841068014
2.2834987652710628 6.453195377700791 4.616008973042415
2.2834987652710628 6.301753554890475 2.571674573756863
2.2834987652710628 5.826848190165563 3.9412771173884376
2.2834987652710628 6.61049579716186 5.612476918581349
2.2834987652710628 6.61049579716186 5.501784730956327
2.2834987652710628 6.61049579716186 5.667259131863167
2.2834987652710628 8.287580118306698 6.881163188084096
2.2834987652710628 8.287580118306698 7.354697399515084
2.2834987652710628 7.677297785908342 7.540169849517447
2.2834987652710628 7.677297785908342 6.5513097700203105
2.2834987652710628 7.677297785908342 5.491236832796927
2.2834987652710628 7.6524004578376115 6.372966717286688
2.2834987652710628 7.6524004578376115 4.008332948663413
2.2834987652710628 6.667717814091567 3.813584776829996
2.2834987652710628 6.396628590557533 3.253358722576179
2.934312306706485 5.821441492501272 2.7574597929582563
5.8684765233868745 6.05439020809758 3.464864181374791
1.1108391586042647 6.05439020809758 4.319224168694346
5.8684765233868745 9.499774803441394 6.997199465531988
4.2592788819563765 10.758940058141471 7.955184862414625
4.087082465235149 12.74971959603884 8.158278179995937
4.087082465235149 12.74971959603884 6.23994033923937
4.087082465235149 6.457392034343105 5.857316699720699
4.087082465235149 6.457392034343105 5.527255281899674
4.087082465235149 6.457392034343105 5.682642761857054
4.087082465235149 7.413505865874155 6.492795479908872
4.087082465235149 6.539076820454181 5.73049374942178
4.087082465235149 7.78559353419525 6.967040178976948
4.087082465235149 8.101972414879153 7.1629730789038035
4.087082465235149 9.297053602295149 8.036892728543414
4.087082465235149 9.297053602295149 6.610200721155661
4.087082465235149 9.297053602295149 6.884222280483634
4.087082465235149 8.026667290509199 6.040995006658193
4.009257970400078 6.609018880587911 4.890807040262618
2.982049664833746 6.369176805582157 2.5269787648571644
2.71771224069963 4.087082465235149 2.977138088398524
