1.8830560978273252 7.775646631275896 5.335897304380138
1.8830560978273252 7.762533598420301 6.848910010494583
1.8830560978273252 7.762533598420301 5.712796531097342
1.8830560978273252 6.162908937883888 4.202002263144277
1.8830560978273252 7.088017774189494 4.7701485315804275
5.487567483557395 7.088017774189494 2.24153622041079
2.512629110485783 6.096892247403286 4.520758401233155
2.8346706836690747 6.352068780242977 4.93708320850605
2.8346706836690747 6.352068780242977 4.208613947285811
2.8346706836690747 5.2237578610481314 3.5432044086856695
2.8346706836690747 4.538303047108101 3.9596217513779437
2.8346706836690747 7.004413022016667 5.79250788264706
2.8346706836690747 8.547284691356275 6.487208205359443
2.533347721021127 8.547284691356275 4.258650985723912
2.533347721021127 8.547284691356275 4.660467150756304
2.533347721021127 6.113518346567531 3.8621447110515263
2.533347721021127 5.937199681946581 4.637131822226857
2.533347721021127 8.458337690224534 5.557884734664268
2.533347721021127 11.267412669899771 7.5741263310328995
2.533347721021127 14.572188666744506 8.256050837764588
2.533347721021127 14.572188666744506 6.074638634468488
0.8420012203980431 6.5728046514378455 4.733055519082538
0.8420012203980431 6.5728046514378455 1.4008648899656797
2.495117349916573 5.795926682873294 2.3204589321314537
0.8420012203980431 6.561351568795768 4.635512608658469
0.3926312361185258 6.561351568795768 5.818953611071846
0.3926312361185258 6.561351568795768 4.504417736554812
0.3926312361185258 6.2781087539236715 3.5331625914742
0.3926312361185258 5.427968122882607 3.4086627795584854
0.3926312361185258 6.484886688421472 5.744832114256472
0.3926312361185258 6.484886688421472 3.590223311192407
0.3926312361185258 4.325361727901466 3.3381061264492295
0.3926312361185258 6.543174229752623 4.0520573265740305
0.3926312361185258 6.543174229752623 5.464317120525972
0.3926312361185258 6.248257117081941 3.0734203094578394
0.3926312361185258 3.644973747377659 0.5852745233229403
0.3926312361185258 0.3926312361185258 0.3926312361185254
0.3926312361185258 5.292106596413724 3.3960024882252138
0.3926312361185258 5.650683465581739 2.6548271010382503
0.3926312361185258 5.429158726491256 2.593640941587336
0.3926312361185258 5.429158726491256 0.49336178592598
0.3926312361185258 2.08294626557165 0.5278564384747754
0.3926312361185258 3.052726592529489 1.287365854028678
0.3926312361185258 5.583100405108972 2.572628287094513
0.2922594322292018 5.583100405108972 0.40338348821380704
0.2922594322292018 2.7241043207872626 0.6117264920408938
0.2922594322292018 3.4609703275056884 1.5812537374483744
0.2922594322292018 5.549932572204202 1.263457959750435
0.2922594322292018 4.905301399254281 2.5329843826652065
0.2922594322292018 4.905301399254281 2.035387435681835
