2.274512815594701 7.717954779247277 5.6213292045726
2.274512815594701 7.710260157959736 5.367726513591753
2.274512815594701 7.710260157959736 6.485131141394906
2.274512815594701 7.478700193007889 5.893296670143437
2.274512815594701 6.789582450749666 6.388119440844537
2.274512815594701 7.766022100847319 7.005600108325184
2.274512815594701 7.766022100847319 7.088955080878118
2.274512815594701 7.766022100847319 5.107869824547815
2.274512815594701 7.766022100847319 5.562765039972876
2.274512815594701 7.766022100847319 5.641167547758372
2.235811498751254 6.006823438007817 3.70816332325988
2.235811498751254 7.664216044278456 6.1416127773639255
2.235811498751254 6.491964476951825 2.779582481817418
2.235811498751254 4.443540611587466 2.977490942513502
2.235811498751254 7.7651927730212655 5.240657805948733
6.2286237500832975 9.27867855037804 7.104440584635432
2.235811498751254 9.27867855037804 6.021099901406155
6.2286237500832975 9.27867855037804 5.843002716169606
2.235811498751254 7.707601190290543 6.693481686031568
6.2286237500832975 7.707601190290543 5.584496783699503
6.2286237500832975 6.169274907231589 5.4380752065386435
6.2286237500832975 6.169274907231589 4.360833784439643
6.2286237500832975 6.0621111340735006 3.8086310012298994
6.2286237500832975 5.606481942123523 4.2167753119348275
6.2286237500832975 9.645280795087732 7.638862236361011
6.2286237500832975 9.645280795087732 5.79338599238352
6.2286237500832975 7.634543236201326 5.121476985633049
3.588569296563261 6.3700762075998405 5.095007576627774
3.588569296563261 6.3700762075998405 6.156659434681366
3.588569296563261 6.3700762075998405 5.682724863056676
3.588569296563261 6.3700762075998405 5.0788187258446165
3.588569296563261 6.41610901724658 5.892992180687856
3.588569296563261 7.7307843866785895 6.752124850473985
3.588569296563261 7.7307843866785895 6.847905487688502
3.588569296563261 7.7307843866785895 6.097100367578479
3.588569296563261 7.737412046614246 5.122591461570255
3.588569296563261 8.839195771163617 6.460773059140502
3.588569296563261 9.252546468042318 5.490029160889949
3.0984036034320366 9.252546468042318 4.230060809482982
3.0984036034320366 9.252546468042318 5.514647674424302
3.0984036034320366 7.552420986432567 6.675605353349995
3.0984036034320366 7.552420986432567 5.909978321025875
3.0984036034320366 7.751388556958368 5.847270017031129
3.0984036034320366 7.751388556958368 6.221945005263301
3.0984036034320366 7.254480693890329 5.428505603080842
3.0984036034320366 7.254480693890329 5.994925119124282
3.0984036034320366 6.546925509730798 6.134591683221719
3.0984036034320366 6.546925509730798 6.4252725501348955
3.0984036034320366 6.546925509730798 6.449425474307518
3.0984036034320366 6.9329172494555795 6.586141141079895
