3.177610504648055 7.779475623862664 5.687372908800878
3.177610504648055 6.704682472273667 5.908446097875976
3.177610504648055 8.297938321548486 5.854481152123097
3.177610504648055 8.297938321548486 5.42192295764128
3.177610504648055 8.297938321548486 4.045276758759511
3.177610504648055 8.297938321548486 4.340570248419759
2.202024856087242 6.027004702205623 2.7781394646762108
3.177610504648055 5.448103537499119 2.9860795189605933
3.177610504648055 5.448103537499119 2.5733690119674772
3.177610504648055 6.293339807302782 2.7876348252446745
3.177610504648055 6.293339807302782 4.5245317629992305
3.177610504648055 5.451863545469276 2.442452459341549
3.177610504648055 4.780289718375794 2.3844048754059193
3.177610504648055 5.779800906561313 3.819807485177014
3.177610504648055 5.779800906561313 3.227597288854625
3.177610504648055 5.779800906561313 4.3674489026566405
3.177610504648055 5.379485323584571 3.5853875663700863
3.177610504648055 4.563290154216521 3.14992045391516
3.177610504648055 6.652790439727063 5.254200632956128
3.177610504648055 6.708325910572906 5.539667866651578
3.177610504648055 6.708325910572906 5.6494652836529236
3.177610504648055 6.56095878951065 5.127843187572104
3.177610504648055 6.56095878951065 4.539694126604927
3.177610504648055 5.554613493961245 4.742485126943406
3.177610504648055 9.295444604820071 8.224937861048481
3.177610504648055 11.903321749022382 8.484250498714824
3.177610504648055 11.903321749022382 4.297166605387932
3.177610504648055 5.429979890418714 3.831223957204784
3.177610504648055 6.1349832237986135 5.001892753942332
3.177610504648055 6.435154010016117 5.179243219776458
2.8200185451121667 6.435154010016117 3.987745964543478
2.7777021818782583 6.435154010016117 4.321126323126562
2.7677945424359227 6.435154010016117 2.8678829888690522
3.841197006285402 5.705552439895801 3.725087609169398
2.7677945424359227 6.544284723866443 4.843487782079176
2.7677945424359227 10.39952884019119 6.98208249893433
2.7677945424359227 10.39952884019119 5.4770609728128035
2.7677945424359227 5.531621414813973 4.927783042576777
2.7677945424359227 6.884809501723664 5.138798933545204
2.7677945424359227 6.884809501723664 5.648911525172135
2.7677945424359227 6.4423176100527115 5.451944128630272
2.7677945424359227 8.064464728845511 6.063643757709105
2.7677945424359227 8.064464728845511 5.556398393132534
2.7677945424359227 8.064464728845511 5.187893062922859
2.7677945424359227 6.12330895779796 5.026476456199722
2.7677945424359227 6.627819361104674 5.483624722253214
2.7677945424359227 6.627819361104674 5.459343208466264
2.7677945424359227 6.627819361104674 5.511693457243622
2.7677945424359227 6.561360130001283 6.141391428006463
2.7677945424359227 9.331706124807694 6.190161891194832
