4.661293685946262 7.692859377346251 5.243713165131474
4.661293685946262 6.6182949820069155 5.126307086272448
4.661293685946262 6.045114210885082 4.7524242922296045
4.661293685946262 5.634929634073341 4.317311792040616
4.661293685946262 5.948266766301888 4.29279626796304
4.661293685946262 8.097902820626226 4.670106499537425
4.661293685946262 8.097902820626226 4.4549671698375315
4.661293685946262 8.609362549027843 6.76990598817654
3.173974683042872 8.609362549027843 5.6104370233611265
3.173974683042872 6.348985634597923 5.195622906462338
3.173974683042872 6.375161197714355 5.287738391814834
3.173974683042872 6.381697149429357 5.474702279184523
3.173974683042872 6.381697149429357 4.345968181941862
3.173974683042872 6.381697149429357 4.472638114259294
3.173974683042872 6.530229647482226 4.757906236145196
3.173974683042872 6.667319431664868 5.796669947175247
3.173974683042872 7.648467744729222 6.611305487933756
2.1430107519992245 7.648467744729222 5.502713686221158
2.1430107519992245 7.445113316772854 6.493151464684205
2.1430107519992245 7.445113316772854 6.349844141803487
2.1430107519992245 7.745861756363487 6.964953915887061
2.1430107519992245 7.745861756363487 6.649024845459712
2.1430107519992245 7.745861756363487 5.699220829158507
2.1430107519992245 8.000266205704387 6.1315150704921955
2.1430107519992245 7.606524552407759 5.908587373956098
2.1430107519992245 7.606524552407759 5.570198916537188
2.1430107519992245 6.347931863198049 6.193806514114418
2.1430107519992245 6.347931863198049 5.773790398619409
2.1430107519992245 7.755427072084711 6.832249111733757
2.1430107519992245 7.755427072084711 6.322500425195342
2.1430107519992245 7.755427072084711 5.9683538959796385
2.1430107519992245 6.491141996617362 5.970692517048239
2.1430107519992245 6.916969124331112 6.570742022090624
2.1430107519992245 7.600425529246905 6.559386282482631
2.1430107519992245 7.600425529246905 7.428788960627024
2.1430107519992245 7.600425529246905 6.226647620340741
2.1430107519992245 7.600425529246905 4.807006687640663
2.1430107519992245 6.8665864936642595 5.188228217829817
2.1430107519992245 6.8665864936642595 4.801476981683004
2.1430107519992245 8.941537572320133 5.916233628652335
2.1430107519992245 8.941537572320133 6.014983746902823
2.1430107519992245 7.426785334997307 6.182758321815214
2.1430107519992245 7.426785334997307 6.304791197558676
2.1430107519992245 12.56553455154778 7.344984536846969
2.1430107519992245 12.56553455154778 5.613053077915772
2.1430107519992245 12.56553455154778 6.451547602376882
2.1430107519992245 7.745345958888471 6.72860529331803
2.1430107519992245 7.745345958888471 3.8393703129126173
2.1430107519992245 6.635251548459035 4.174194260742978
2.1430107519992245 6.218295043513308 4.301127713582702
