2.511309080852865 7.766106626115928 5.528588376507827
2.511309080852865 6.579263353551152 6.1661115203406425
2.511309080852865 6.579263353551152 5.7609354747885755
2.511309080852865 6.579263353551152 4.989340746715218
2.511309080852865 5.4061422856215025 4.60684338140575
2.511309080852865 6.581005909159099 5.158896824738423
2.511309080852865 6.581005909159099 4.309765104510184
2.511309080852865 6.399551318776627 5.041656503903002
2.511309080852865 6.399551318776627 4.718032377919445
2.511309080852865 6.399551318776627 3.755510332290391
2.511309080852865 5.944725635160786 4.147989727450608
2.511309080852865 5.944725635160786 4.637370259200331
2.511309080852865 6.510628233178316 5.518503859277231
2.511309080852865 7.167724703812505 5.756118606058462
2.511309080852865 6.312118085423023 5.930656414143986
2.511309080852865 6.437010369192134 6.588918892347323
2.511309080852865 7.772873869745631 7.102567386437495
2.511309080852865 7.772873869745631 6.474965306867531
2.511309080852865 7.768216026632103 5.394178118126266
2.511309080852865 6.641641439925966 6.350584952855004
2.511309080852865 6.641641439925966 6.453088411967348
2.511309080852865 6.644192920250756 6.182888777948767
2.511309080852865 7.27066981839684 6.725094894576496
2.511309080852865 7.505365760761235 6.457177084623959
2.511309080852865 7.640895149190108 6.900733938640156
2.511309080852865 7.640895149190108 5.156505161080287
2.511309080852865 7.1971001561440175 6.57565536499897
2.511309080852865 7.1971001561440175 4.748173743100753
2.511309080852865 6.608183040659565 4.243019333889389
2.511309080852865 6.538821840119429 5.41482266236064
2.511309080852865 6.538821840119429 6.11281404359966
2.511309080852865 6.574373829718386 6.3408604065112355
2.511309080852865 7.647306153215226 5.901440220875222
2.511309080852865 7.647306153215226 5.523773764849325
2.511309080852865 6.669233431909902 5.564997776621254
2.511309080852865 6.669233431909902 5.7830933965464695
2.511309080852865 6.85235511042932 6.060295644952225
2.511309080852865 6.85235511042932 4.465468241536254
2.511309080852865 5.661812660673817 5.137230085883618
2.511309080852865 7.229490932425367 5.34135155456054
2.511309080852865 8.535262040223 6.387496625229031
2.511309080852865 8.636282187894793 7.2895309671110775
2.511309080852865 10.460485258895929 8.384670101683025
2.511309080852865 10.460485258895929 8.357587951058653
2.511309080852865 10.460485258895929 6.63714325789151
2.511309080852865 7.859198659750897 6.344077524978812
2.511309080852865 6.4580712354339695 5.640371807108928
2.511309080852865 6.3760307606174145 5.195041000898109
2.511309080852865 6.2847021267257155 6.134802237975626
2.511309080852865 6.290153215991552 5.147027115374471
