1.701569132602256 7.7286272523089625 5.251513836754699
1.701569132602256 8.086908750439655 5.8229844175397565
1.701569132602256 11.174954037916148 7.1076325380423455
1.701569132602256 12.672748348812473 7.987778277840233
1.701569132602256 12.672748348812473 4.839467530965555
1.701569132602256 5.954106486445745 3.6027485757435334
1.701569132602256 5.7280054566436895 4.2488802014549325
1.701569132602256 6.027355784573739 3.013296087063368
1.701569132602256 6.027355784573739 2.5921623663635107
1.701569132602256 6.38505013840334 3.71809870076648
1.701569132602256 6.38505013840334 3.460853219750303
1.701569132602256 6.700286363454865 5.061091976190346
1.701569132602256 6.700286363454865 4.016871616415169
1.701569132602256 6.165213257764496 3.9073674877601565
1.701569132602256 8.636387735391569 5.704078042499682
1.701569132602256 8.636387735391569 5.18546451458047
1.701569132602256 8.636387735391569 5.853539693598606
1.701569132602256 8.636387735391569 6.015179634109858
1.701569132602256 6.218650710528507 5.700562977861913
1.701569132602256 7.358764465953962 6.28458717721874
1.701569132602256 6.438936026627683 5.666892359707787
0.8381643079545289 6.438936026627683 4.989260850835026
5.760063172670378 9.302071877822737 6.5205850354796135
5.760063172670378 9.302071877822737 5.603518229734061
6.338398057387046 5.874116300324989 5.27648200730185
5.2254345994909706 6.338398057387046 5.388439768765945
4.90634484464907 6.338398057387046 4.8550626237654075
4.90634484464907 5.733442967169662 5.345175739572084
4.90634484464907 5.733442967169662 5.65531481681026
4.90634484464907 5.733442967169662 5.719360505217448
4.90634484464907 6.829580667508935 6.471558603785249
4.90634484464907 6.829580667508935 6.709929390851943
4.90634484464907 6.829580667508935 6.266226216833129
4.90634484464907 7.6439224388044575 7.108200678378453
3.8420124121973953 7.6439224388044575 6.053862832355419
3.8420124121973953 7.6439224388044575 5.873535513731078
3.3300378583086787 7.594908376562213 4.286486673306737
3.3300378583086787 6.226161480546313 5.123761841856252
2.583798741417237 6.226161480546313 4.397785776827954
2.583798741417237 6.120825796609186 2.716783272674909
2.583798741417237 5.599086466072745 3.820066708525994
2.583798741417237 6.3760045049677885 2.963019317772295
1.1497820453624148 6.3760045049677885 4.497481453796921
1.1497820453624148 6.3760045049677885 4.612224622125983
1.1497820453624148 6.123609275191029 4.073220575646344
1.1497820453624148 6.123609275191029 4.1635840864986475
1.1497820453624148 4.612187904490309 3.4542069540394915
1.1497820453624148 6.366142006457398 4.695105670076605
1.1497820453624148 9.914190252357487 7.597663236025116
1.1497820453624148 9.91610004616831 7.762053970426404
