1.2310867337839615 7.771782103865018 5.198020569968919
1.2310867337839615 10.28319482529021 8.65741533277381
1.2310867337839615 9.372208139278273 6.69252362108361
1.2310867337839615 9.372208139278273 4.569705548608985
1.2310867337839615 6.505016608749088 5.885698764010595
1.2310867337839615 6.505016608749088 5.858563658531136
1.2310867337839615 6.505016608749088 2.7238796506745517
1.085040484271794 8.179860572452077 5.8410515480183935
1.085040484271794 8.179860572452077 4.584766358911325
1.085040484271794 6.522084359254038 5.633118011979303
1.085040484271794 8.683591948223267 6.786229683048139
1.085040484271794 8.683591948223267 6.585243943855102
1.085040484271794 8.10055693516787 7.3737149905541495
1.085040484271794 8.10055693516787 2.2564600180763534
1.085040484271794 8.10055693516787 1.7626843461792934
1.085040484271794 3.478536719132198 2.282231007405512
1.085040484271794 5.97687818176831 3.1288610000554855
1.085040484271794 5.97687818176831 3.8637580093422765
1.085040484271794 5.97687818176831 3.8223399194470358
0.6477795053755604 5.167676538288177 2.8792510285136586
0.6477795053755604 10.165163234986222 8.268552468060523
0.6477795053755604 10.165163234986222 4.030972674605988
0.6477795053755604 10.165163234986222 5.915530547061204
0.6477795053755604 6.502501372315745 3.652818944222377
0.38925325940375943 6.502501372315745 1.152511708470933
0.38925325940375943 1.527953372870702 1.0863520866901002
4.846720067842927 5.499548250612264 3.090091908187533
4.846720067842927 5.639702089274309 3.331290752327027
4.846720067842927 5.706338615431427 3.5207874566927813
4.846720067842927 5.706338615431427 2.749862853589599
4.846720067842927 5.528048181165239 4.095559619295948
4.846720067842927 5.528048181165239 2.779966892040148
4.846720067842927 5.056577799497095 3.789285907047934
4.846720067842927 5.056577799497095 2.6821178359421562
4.846720067842927 5.529231122765271 4.617227614132144
4.846720067842927 5.529231122765271 4.259525472891683
4.846720067842927 5.344192777764857 3.39364154359063
4.846720067842927 4.27403324605471 3.387973172542087
0.651123884263161 6.3955822764016546 3.009538982699853
0.651123884263161 4.583973962825656 3.5203509422680583
0.651123884263161 5.4799011010706415 3.0769835455217973
0.651123884263161 5.891243653579107 4.336374391720032
0.651123884263161 5.891243653579107 3.2708592925683497
0.651123884263161 5.936682327228063 4.910868399118478
0.651123884263161 6.465026820962308 4.51912524112201
0.651123884263161 6.822519687262961 3.7850474960528366
0.651123884263161 6.822519687262961 4.259344487154976
0.651123884263161 5.042843232867131 2.2429000806147883
0.651123884263161 3.6175569217351193 0.8587741968861975
0.651123884263161 3.282617362600608 1.7300362103815141
