3.386594724036382 7.74731631941251 5.613930766037684
3.386594724036382 6.835717512656158 4.725509568314055
3.386594724036382 6.113117154802417 5.510055263250029
3.386594724036382 6.661966867567791 6.250231160721956
4.481382366397266 6.661966867567791 4.184050100515558
3.386594724036382 6.983769165696504 6.316402448875649
3.386594724036382 6.562743060531606 5.232631481805
3.5406755903238403 6.466388595330706 5.802131010287489
2.125912466564547 6.466388595330706 4.651855499762308
2.125912466564547 7.4534865418001495 5.582523549117251
2.125912466564547 7.4534865418001495 5.151405847691303
2.125912466564547 6.721218230607656 5.569123450957884
2.125912466564547 6.595108411314595 6.108082521381077
2.125912466564547 7.694510951938678 4.658772020162547
2.125912466564547 7.694510951938678 5.724758829506434
3.1165074598676026 6.444828946101051 3.095516704768412
4.928393730201478 5.694412211922998 2.533086150166218
3.1165074598676026 5.264335690835303 4.440250607101092
3.1165074598676026 7.6902503034034275 6.031213618963396
3.1165074598676026 6.698694690345921 4.60376686208978
7.084880355898635 7.662059445414107 4.980286594463571
4.720509949733806 7.662059445414107 6.621910353616556
4.0030864624005815 7.084880355898635 5.498286492286584
6.627238976311748 7.718929954173486 4.377708273923715
3.6962454042609036 7.718929954173486 6.1689406066459185
3.3287359103901157 7.718929954173486 4.164139793273
3.3287359103901157 6.635106612338756 5.358116991607101
5.7102887105363145 7.047490751762105 5.803136111312233
6.376302905217255 7.504721360551795 4.632060134717276
4.0753597974048255 6.376302905217255 3.849088318572362
4.384987138059788 6.610942371839283 4.89549388264444
3.5201756567546387 7.732881778828981 6.219026375705969
3.5201756567546387 7.732881778828981 6.008939485902599
1.9666667876748645 6.2737742736941335 4.933483348243711
3.5982640537398045 7.735917869871168 6.545795653800525
3.5982640537398045 7.61472792880687 5.117246392795418
3.5982640537398045 6.000876379351116 4.31205063734457
3.5982640537398045 7.469342311429369 5.56798558820486
3.5982640537398045 6.34215183271273 5.219385690779443
3.5982640537398045 8.33718673208077 7.127609803543785
2.964757983768369 9.098404464003325 5.215335990380405
6.618991048652557 9.098404464003325 4.378491267322391
6.618991048652557 5.715584716676538 5.12000616790229
6.083686626697627 6.618991048652557 5.147936738669857
6.083686626697627 9.120273712653406 7.914885536595071
4.801638065016942 8.088291261385322 4.659855267228313
6.193206018153827 6.499315806667891 4.708654240862806
5.809629842716053 6.193206018153827 4.58761707788992
5.809629842716053 6.266783327924649 5.544470996674145
5.809629842716053 7.783789520308678 5.925978567324381
3.8878455257250697 7.783789520308678 4.7813333029876155
3.8878455257250697 7.783789520308678 5.982540632291801
3.1894262978633887 6.385317641212417 4.765455054242481
5.8871119254205375 7.333952709202228 6.346103108583804
3.1894262978633887 7.333952709202228 5.8348531865031035
5.8871119254205375 7.333952709202228 6.183422073004165
5.8871119254205375 7.781543867199588 5.952299839438007
5.8871119254205375 6.720535658822907 5.911325345229833
5.8871119254205375 7.590155047490228 6.0775240526945336
5.8871119254205375 7.590155047490228 6.351787555780842
5.8871119254205375 7.208211049741964 6.687934184331574
5.8871119254205375 7.03073756778328 5.216699760327489
5.8871119254205375 6.460256252985289 6.321938301861568
5.8871119254205375 7.596905107220071 6.869572546242226
2.482592237860914 7.596905107220071 4.286099485601474
2.482592237860914 7.580023669662786 5.90466857949676
5.585687289798923 5.886737419400408 5.124862333607533
2.754513006606772 6.641182444635625 4.757617861010809
2.754513006606772 5.905527664786042 4.842545210828672
2.754513006606772 6.099135307537402 5.626385524552962
2.754513006606772 7.382126930057691 5.167504342419822
2.754513006606772 7.363602708952136 6.140846287558542
2.754513006606772 7.0138870462388745 4.461705097986751
2.754513006606772 6.642765989486861 5.189155897015917
2.754513006606772 7.519496753323983 6.1893394092199845
2.726877048574995 6.1374131150395606 3.708262649612361
2.726877048574995 4.231893154812504 3.2572454387660947
3.9575009862642436 5.605226184036088 2.4508459186659635
5.491313643463776 6.496233753297414 4.977564604595759
3.461743230904784 6.139971222045318 5.448632835346551
6.666775843790891 6.8302111503619365 3.968943731861843
3.203767919520367 6.990540543342835 4.414139282678967
7.759550516389009 7.083521352963411 4.727514018409218
5.066352158573572 7.759550516389009 6.365775101775129
7.61717977935621 7.759550516389009 4.1889670461834765
6.470846050452504 7.61717977935621 6.3996699238443675
6.470846050452504 7.61717977935621 5.92668787277352
2.356777954272719 7.372837946326706 3.981129975428869
5.729875127205332 6.239894420084497 5.59524478916022
5.729875127205332 7.445800572771512 5.275348537332795
5.729875127205332 6.953016719821768 6.302142901444046
0.8910992074993982 6.554959731838252 4.336190352384782
3.151487609807216 5.322384020603586 2.9112404669044385
6.289340822266528 7.294245691796652 5.341906548193598
4.525274395367948 7.294245691796652 6.169488081221698
2.9628226502675834 7.642502289465801 4.823392912870378
2.9628226502675834 6.524398327055362 5.574277158587204
2.9628226502675834 6.524398327055362 6.017055663753002
2.9628226502675834 6.489794567128538 5.7878087324040255
2.9628226502675834 7.290903040391381 5.5734432754575325
