6.488371159548599 7.725281689467719 5.512323446933715
6.488371159548599 7.59875068331656 4.843487954301339
6.488371159548599 7.633881482949079 5.602445578710265
6.488371159548599 7.633881482949079 4.970173974248982
6.488371159548599 6.487202306394504 4.016579832886517
6.488371159548599 5.650489888405357 5.276338090996587
6.488371159548599 5.830242128708626 5.31221569073696
6.488371159548599 7.66045438121866 6.555934708184695
6.488371159548599 7.620946561274861 5.716018166059541
6.488371159548599 7.620946561274861 3.9705883306092526
6.488371159548599 6.601394589203455 5.462454265566651
6.488371159548599 7.781773587177044 6.883994111838729
6.488371159548599 6.645213601109834 5.93546854400316
4.564025511927934 6.645213601109834 4.691435132911417
3.6521705105868105 5.991226905778468 4.347219636609498
3.6521705105868105 7.5545171269218745 5.787552739422836
3.6521705105868105 7.5545171269218745 4.8747758171164834
3.6521705105868105 7.5545171269218745 5.144917886614088
3.6521705105868105 6.939835625738542 5.90588412177202
3.6521705105868105 6.939835625738542 4.817042163650316
3.6521705105868105 5.5872354025397115 4.823866439876789
3.6521705105868105 7.600134146068953 5.806256831824023
3.6521705105868105 7.047218810572367 5.290597763871837
3.6521705105868105 7.131470025578279 6.175589190528981
6.504277033741232 8.264892368324947 4.562971161558828
2.8599580690278263 7.177230307740878 4.635416051148701
3.0797814243679835 6.504277033741232 3.959586728753162
3.3602242345419175 7.479577562104376 6.437623284331783
3.3602242345419175 7.311133552368055 4.36933099020303
3.875152581776885 6.673441996875294 4.469226640796621
6.650624533571307 6.673441996875294 4.317068788707214
3.9740916527506056 6.673441996875294 4.5944261321736315
3.9740916527506056 7.705535981900979 6.508369910513667
3.9740916527506056 7.941686583652803 7.030197994153305
3.9740916527506056 7.941686583652803 6.735211702334882
3.9740916527506056 7.941686583652803 5.048658153212176
3.9740916527506056 8.812792975890348 7.919183628622299
3.1626308214296484 8.000333069936326 4.964940915401346
3.1626308214296484 7.3637635502387955 4.965192419920907
4.554492508124827 7.21677422011801 4.503726214663753
4.546938280399459 6.2131878477872355 3.805575934207175
4.546938280399459 5.825892780014577 5.334925888438733
4.546938280399459 6.661185876573896 5.296142739558808
6.5367473965104494 7.730996357334293 5.513634327357645
4.45503838850248 7.730996357334293 5.608494087390296
4.45503838850248 7.730996357334293 6.611282428710312
4.069216088723845 6.835483750094198 6.476508949446598
4.069216088723845 6.616452886846972 6.182330783527731
4.069216088723845 6.585381925308685 5.438987761246239
4.069216088723845 6.441636090657667 5.806047983721762
4.069216088723845 7.412250239379661 6.909816002712888
4.069216088723845 7.412250239379661 5.807909697603585
3.6827701827144 7.412250239379661 5.511554920622631
4.371177480382499 6.6178352017026505 3.546876548425758
4.371177480382499 6.084523740641902 4.473336747773732
3.597583678440792 6.097217862091252 5.098060476449872
5.044916444142146 7.631650834745216 6.783831646002782
5.044916444142146 7.289698374789344 5.202057550165912
3.564342055091075 7.289698374789344 5.012665728325715
3.564342055091075 6.384388053464953 5.273179343627645
1.6265188349365833 6.4958844996561105 2.483500508215777
6.645901807010073 6.4958844996561105 5.256416381616559
2.869369163886518 7.419819441354582 6.356634373383433
2.869369163886518 6.7589627685221405 4.807611723700896
2.869369163886518 6.759438995299499 5.6583171946176245
2.869369163886518 6.759438995299499 5.430460325240847
2.869369163886518 6.759438995299499 4.7983956661226275
2.869369163886518 6.316928616798474 4.952426816515538
2.869369163886518 5.8760316689422964 4.720318698236979
2.869369163886518 6.1972703776798035 5.782693931229743
2.869369163886518 7.4417960371592 6.746271636552699
2.869369163886518 7.4417960371592 5.997222663939414
6.16558086993459 6.307219135849156 4.480117737907011
3.2721080467363888 6.307219135849156 4.480986853562192
3.2721080467363888 6.183504968583122 4.9426874778823375
3.2721080467363888 6.319810212476636 5.42628678198297
3.2721080467363888 3.924707710806939 5.880863302485816
5.380422915717233 7.326719499973411 5.131409154908905
3.924707710806939 7.326719499973411 6.095232371163321
3.924707710806939 7.326719499973411 5.513069053109677
3.882364089044103 6.247169374242564 5.118941460046725
3.882364089044103 6.163015050628729 5.7516508927217345
3.882364089044103 6.453478528017925 5.9857326425442485
3.882364089044103 6.453478528017925 5.874969460214917
3.6287806163542737 5.941938846851944 4.281528648314632
6.423235103233154 6.367721066634584 4.874362879949967
6.207692656897276 6.423235103233154 4.092470293235393
3.7022076304456495 6.423235103233154 5.2444916316321155
6.207692656897276 6.423235103233154 4.828688183023411
6.207692656897276 5.966560108066741 4.786972781674824
6.207692656897276 4.336645453551675 5.857906985859372
4.2465746878235855 6.207692656897276 5.935712768614696
4.2465746878235855 7.367925027945775 6.549813944172896
4.2465746878235855 7.470954238236979 6.603113209097647
3.5650445890512334 7.690956563325486 6.258777296962554
3.5650445890512334 7.690956563325486 5.636027096720294
3.5650445890512334 7.541222375292204 6.474499133690962
3.5650445890512334 7.339402096396508 6.40060315897947
3.5650445890512334 7.339402096396508 5.480051960028726
3.5650445890512334 7.339402096396508 5.868499986039525
