5.808401239000716 7.688912788193635 5.372832286362255
5.808401239000716 8.455923883762365 6.7049951685742295
5.808401239000716 8.455923883762365 5.784426980547596
6.038721214025493 8.455923883762365 5.215777482012313
6.900355096245043 7.217226791114369 5.8796672983029
6.038721214025493 6.900355096245043 6.4078362448720325
4.481843187400376 6.900355096245043 5.265490968176216
4.481843187400376 7.743011688967677 7.2738773120042
4.481843187400376 7.638437904957138 6.576270913887207
5.6382415342600325 6.5038891109803565 5.155494603729498
2.5255687466468406 7.485344709025357 6.566587780187541
2.5255687466468406 7.582637589363401 6.786895237673279
2.5255687466468406 7.582637589363401 6.269098018531148
2.5255687466468406 7.613269204886178 6.918848344087257
2.5255687466468406 7.4538477631875075 7.221597188563712
2.5255687466468406 7.455650430393948 6.986866224832652
2.5255687466468406 7.221063763800952 5.766475110036445
2.5255687466468406 6.512734621776165 5.1642663647463385
5.886979358540216 6.383795932527054 5.491098821843763
6.099660172609045 6.3970728545865825 3.595603695145777
6.510463587726861 6.383795932527054 5.197964768338416
5.903827904291372 6.5612939225449125 5.1176470743095175
3.6001492445830405 6.510463587726861 4.297793769431513
2.4217494097839887 6.044419878443112 5.621812016111332
2.4217494097839887 6.044419878443112 5.319911700936235
2.4217494097839887 7.4029447163437645 5.3609655127732525
2.4217494097839887 6.611587206233928 6.066390865313067
2.4217494097839887 6.611587206233928 5.945816975146934
2.4217494097839887 4.56450390150016 4.753294719800475
1.8162505440062877 6.594700665002492 4.599929275113711
5.924873412433353 6.594700665002492 4.189949200160189
5.924873412433353 6.2747788508969045 4.921320031760245
5.924873412433353 6.2747788508969045 5.371665231969414
5.924873412433353 7.498613086924243 5.346180289458593
5.924873412433353 7.598577111193469 6.384659457450775
5.924873412433353 7.761446575592821 5.404940283259546
5.924873412433353 6.648640064060032 4.2448246429308565
5.924873412433353 6.648640064060032 5.054455358436034
5.924873412433353 6.821983226183944 5.3190631997473306
5.924873412433353 6.821983226183944 5.190027084955193
5.924873412433353 7.763993615689767 4.081815377781154
5.924873412433353 6.189194881330923 4.29845566338938
5.924873412433353 6.366296327562907 4.918327723632399
5.924873412433353 7.343376125180432 5.517546075281668
5.924873412433353 6.4610397787964295 4.167693086771917
5.924873412433353 6.664765573648001 4.785442583237039
5.924873412433353 7.217089524104873 4.837519052235165
5.924873412433353 6.9431605034877215 5.403321402894809
5.924873412433353 7.743693183409723 5.357548717713673
5.924873412433353 7.743693183409723 6.052563650864257
5.924873412433353 7.743693183409723 6.551206503251624
5.924873412433353 7.130958643252345 5.095421680231235
5.924873412433353 6.602291712598401 5.685265764253793
5.924873412433353 6.602291712598401 6.054240561973863
5.924873412433353 7.649307042665214 5.719716282885728
5.924873412433353 7.669992225131127 5.540809521246591
5.924873412433353 7.669992225131127 6.421766370966254
5.924873412433353 6.665999708633226 3.625311758871119
5.924873412433353 6.476228547203643 5.857830779533029
4.564426290915147 7.407548336072381 6.3665727613865455
4.564426290915147 7.5546352644733705 5.888300550494351
4.909806827983914 6.653912369005727 5.021123392416958
4.751809781696327 7.51421082767015 6.063513228270997
7.473270320970238 6.5932357005509274 4.953842785033541
3.5914426023279664 6.802860537829291 6.039283949956139
3.5914426023279664 7.473270320970238 6.248272151105164
3.5914426023279664 7.4898170857432955 5.578483473928337
3.5914426023279664 6.802860537829291 5.7173862176381895
3.5914426023279664 7.497425520601858 6.7589794332482835
3.5914426023279664 7.497425520601858 5.714792910314327
3.5914426023279664 6.451312271879534 5.350055545399833
3.5914426023279664 6.451312271879534 5.916077444910859
6.087453302877982 6.465007652887383 4.891407491683416
3.473722137376115 6.343940526373089 4.7824517873401415
6.059646537064992 6.343940526373089 4.938928817184867
2.9959763061183406 6.059646537064992 5.2602890804304465
2.9959763061183406 5.786904960186224 4.757933487011773
2.9959763061183406 5.786904960186224 4.450803482081236
2.9959763061183406 6.589024102567109 5.281835141053801
2.9959763061183406 6.737933297032722 5.75536462196828
2.9959763061183406 6.3907397172899 6.1670579470937685
3.3238385956952894 7.45767783287242 5.236547391358072
3.2524124635788785 7.45767783287242 4.050944400601659
5.811780237416674 7.651752861126768 5.692266131955438
3.2524124635788785 6.9876327034951515 5.8588769534199425
5.811780237416674 6.332466920792747 4.293687762000974
6.330830665339743 6.3559677641578425 5.697937148694533
5.052314423657339 7.549216653508681 5.468704686701785
5.731671664391939 6.049198493139759 4.969732238069134
3.967896699028629 5.731671664391939 4.493259729434734
3.551510073766018 5.693149112144546 5.372490458374294
4.556353415885486 5.693149112144546 3.8123407115509838
4.556353415885486 7.243995782510469 5.814610580686868
3.0482623886038707 7.243995782510469 5.32715488694102
3.0482623886038707 6.862161411167019 5.474924078068076
3.0482623886038707 7.439412098962924 6.3323323565944944
3.0482623886038707 7.719394159395906 6.250778017612521
3.0482623886038707 7.227531387228677 6.4308981107291014
3.0482623886038707 7.227531387228677 4.383072607222284
3.0482623886038707 6.26131133371743 5.198643807592905
