6.020559177744719 7.665539941440148 5.566908363938775
6.020559177744719 7.301793595607323 6.69637279520747
6.020559177744719 8.782013825170589 6.125685453573603
3.2708629437196106 8.782013825170589 5.076053002612984
2.873792346318812 8.782013825170589 5.458919918198099
2.873792346318812 6.403003420490254 6.207784866764629
2.873792346318812 6.35690952016466 5.5229737062647555
2.873792346318812 7.730724907147744 6.95111529574723
3.0332002209620126 7.730724907147744 2.9128182909810376
4.822781747494105 6.960336862357048 3.7279140225012073
4.822781747494105 5.8071485698274685 2.6610841629477817
3.189555229299977 5.8071485698274685 5.541090800282247
3.4635781594938426 7.535069052065518 4.787867962391525
4.467709995877485 5.8071485698274685 3.8795222366610886
4.467709995877485 6.174093804259229 4.3824272824046355
3.029674625538768 6.057819579530417 4.537386688517147
5.8509025889263775 7.717780636588275 6.472055005038847
5.8509025889263775 7.717780636588275 5.360646852170846
4.4229258414392945 7.717780636588275 5.277561281828638
4.4229258414392945 7.717780636588275 5.90705110230829
4.4229258414392945 7.63533478864608 6.352674049158318
4.4229258414392945 7.63533478864608 6.380372149244538
4.4229258414392945 7.63533478864608 5.448070516166078
7.212114994430419 7.034013490189729 5.7222675179454585
3.3409395978748653 7.721668683996633 6.522369495652686
3.3409395978748653 7.721668683996633 5.322237095826267
3.3409395978748653 7.726171434781618 7.182897364960638
3.3409395978748653 7.695456359783474 5.244665753897717
3.3409395978748653 7.29941703185108 6.423913230330053
3.3409395978748653 7.692799384755526 5.752335978695006
3.3409395978748653 7.692799384755526 6.296455770319793
2.6920745268532476 6.924581349836435 3.741397534836573
2.6920745268532476 6.665490523297095 4.834200948593612
2.6920745268532476 6.2173692266978335 4.639858869307389
2.6920745268532476 7.709205229991177 5.478479420580976
2.6920745268532476 7.709205229991177 6.51229353220305
2.1192564356454793 7.709205229991177 5.203788519007016
2.1192564356454793 7.709205229991177 5.575664057741181
2.1192564356454793 7.164475579083476 4.959187519956244
2.1192564356454793 7.164475579083476 5.6133390168076165
0.7126895810628366 7.1803199318590405 5.397346144290713
4.913965752237395 7.1803199318590405 3.3786554981623693
2.1192564356454793 5.804399469442277 5.340365008010062
5.909009632791072 4.959473405647028 4.159415512987751
5.909009632791072 5.817875793473078 4.426657790788576
5.909009632791072 7.711615998174285 6.180392996606333
5.909009632791072 9.779092070694999 7.149389917300893
5.909009632791072 9.779092070694999 5.029990702186691
5.909009632791072 8.50638307509623 7.403665269383493
5.909009632791072 10.538545086303372 7.549330595959029
5.909009632791072 10.538545086303372 4.560017832922307
5.909009632791072 7.235233890225437 5.844421481362705
5.909009632791072 6.944637973397953 6.1294720866936325
5.909009632791072 7.537176819255537 6.878439167758594
5.909009632791072 7.537176819255537 4.1660035944640335
5.909009632791072 7.537176819255537 4.6213064755042454
5.909009632791072 6.408616947104669 5.7260494055881335
5.909009632791072 6.457695066692075 5.365295439186537
5.909009632791072 6.889651756390171 4.780627477396366
5.909009632791072 6.889651756390171 6.216874498018546
5.909009632791072 7.7432385133157915 6.7372264335831265
5.332762746011284 7.7432385133157915 5.6166256495293085
6.431046027023278 7.7432385133157915 5.379418588643957
3.8460389643351616 7.640040717994127 4.731060278114947
6.025493939441464 7.574548424435459 6.314378079391689
3.2871332628654923 6.636140312753291 5.79107964188135
5.745172179617665 7.612732298381017 5.5445652635211555
1.6219251154135184 7.612732298381017 4.522373798949707
1.6219251154135184 4.1348371181470505 3.4791926487393336
1.6219251154135184 6.659671593865465 5.107432002017728
1.6219251154135184 6.659671593865465 4.7905100781044885
5.977846430383487 6.659671593865465 4.1437986128659325
5.977846430383487 6.653367370671333 4.873665009265916
5.977846430383487 6.774151824406294 5.395501255169712
5.977846430383487 7.0523247224020125 6.217881023378678
5.977846430383487 7.0523247224020125 5.927010100286666
6.062878932130129 7.5164410065984875 5.47021569061237
5.324779609358146 7.5164410065984875 5.914206329946937
7.701069641152976 7.5164410065984875 4.900337005295774
5.324779609358146 7.701069641152976 6.302978772240196
4.33442511904282 7.701069641152976 5.884803824281153
4.33442511904282 7.701069641152976 6.3810580251431075
4.06913212842429 7.618813140332495 5.972433916480285
7.438092410442094 7.571928800100567 4.718720171957158
7.438092410442094 6.318566596641833 5.916464737943172
6.128865406006181 7.438092410442094 5.808356907240702
5.0117457143937365 7.438092410442094 4.241152862121376
6.5047155766102165 7.726859155100833 4.440330229639432
5.833664152832323 6.5047155766102165 4.918054165056336
5.435687494895994 6.5047155766102165 5.359109710457985
3.336071847755282 6.346256996177129 4.361786603477842
3.7801377736204427 6.483862309916038 5.700325740684056
6.384394600999023 7.733193412334405 5.316259247751998
4.080750854856582 7.733193412334405 5.592467516614096
4.080750854856582 6.636706926454689 5.44256090241508
3.336071847755282 6.636706926454689 4.260609590655811
3.336071847755282 7.2449122537734425 5.431526837747361
2.6198317623854632 7.2449122537734425 5.184637779018634
2.6198317623854632 8.249549972665475 6.771316342247712
2.6198317623854632 7.371960440051252 6.55318421095644
