3.3188964663095146 7.768142516256306 5.349085885803926
3.3188964663095146 7.469132573419266 5.664339611741088
3.3188964663095146 6.841629590024674 5.0368604519923625
3.3188964663095146 6.622802608843724 4.117188652465679
3.4158673703366493 6.019221655402472 4.292794883222431
0.9800472739150128 7.073516750600595 5.726499766484765
3.4158673703366493 7.073516750600595 3.7039305314740574
3.4158673703366493 6.239044661860429 3.4168157157593715
3.4158673703366493 5.836848658043593 3.350140597244999
3.4158673703366493 5.767810605291249 4.505508282309944
6.816486646389777 7.297635879411915 5.513509745658364
6.594753194446433 7.8955462811522334 7.159541205111038
6.594753194446433 9.103013625685291 7.282890268092489
6.594753194446433 8.934243787893802 6.685655244679018
6.594753194446433 8.934243787893802 5.947947220273359
6.594753194446433 8.934243787893802 6.083194010522515
6.594753194446433 7.757496210240431 6.874824458177897
3.122409921101085 6.6580978101444614 5.196234345232207
3.122409921101085 6.3423414568978025 5.136834766651868
3.122409921101085 5.0256943925770265 6.671571006861349
3.122409921101085 7.093338736032955 6.128253185279349
3.122409921101085 6.266452959653709 4.54119467588691
3.12160293021983 7.660695234999086 6.855080470119774
2.7089528960333316 7.528049175840687 4.9122613955557215
2.7089528960333316 7.419112496024461 6.077618315168753
5.669986337576965 7.712007448280959 6.8651051363691895
2.7089528960333316 7.345357137095194 5.382121261882146
5.669986337576965 6.3020019731941765 4.208941260329244
5.669986337576965 6.8515728246338465 6.019387117029473
5.669986337576965 7.6131637724451355 5.82230361317208
5.669986337576965 7.626245744331294 5.831070109776212
5.669986337576965 7.5919018277047865 5.360589154820381
5.669986337576965 7.5919018277047865 5.5290346012580835
5.669986337576965 7.545488859206934 5.80020340133768
5.669986337576965 7.545488859206934 6.466608935309556
5.669986337576965 9.08869018926145 6.318750169028812
5.669986337576965 9.08869018926145 5.7033468812707255
4.411860543690164 7.66377161971497 5.7353885978732935
4.411860543690164 5.688143470404071 7.143914817437791
3.5846105726046003 7.711794867130788 6.612212245973862
3.5846105726046003 7.711794867130788 5.373778793184362
3.5846105726046003 6.6163071351368 6.10053059502462
3.5846105726046003 7.668276566116475 5.702388680227447
3.5846105726046003 7.668276566116475 5.49291338469428
3.5846105726046003 7.108463363813321 5.806492154174419
3.5846105726046003 7.108463363813321 5.90751944526718
4.616240401085761 7.108463363813321 4.837946595905059
3.475399277763643 6.8851390550054 4.0556217636027885
4.75440443608808 5.486920427487249 4.873637247486391
3.8084000850548034 6.797406857503461 5.398522371727685
3.8084000850548034 6.797406857503461 4.647037873293106
3.8084000850548034 6.191098768397445 5.074686325356902
3.7909902938819795 7.718170082839396 4.179644444826996
3.7909902938819795 7.311259788380752 5.617151601233945
3.7909902938819795 6.606198843066885 6.25027763482723
3.7909902938819795 6.606198843066885 5.810955319588463
3.7909902938819795 7.191017868306043 6.581593096626363
3.7909902938819795 7.663439620091774 5.871150704716141
6.5609481828561655 7.432585345521506 5.3881216796654465
3.915144346738558 7.432585345521506 6.04068837161835
3.5771266866225493 6.5609481828561655 5.064384933231569
3.5771266866225493 4.313119487653978 5.117092929083094
3.0672002534062455 6.264678822489675 4.552073021079154
2.8128406980506715 7.631992408636188 3.437632052471182
2.8128406980506715 6.494709422445279 5.460404092073984
2.8128406980506715 7.576620675427538 5.7485782895965505
5.775178408061528 7.576620675427538 5.882841310984358
3.0387795635498738 7.576620675427538 5.5255255501236675
3.0387795635498738 6.56415687952898 5.823759019926452
3.0387795635498738 7.680414255672655 7.147641244569331
3.0387795635498738 7.680414255672655 6.3727209352584895
2.994542424947625 7.282990379937743 5.6469844206098845
2.994542424947625 7.282990379937743 4.908717061775717
2.994542424947625 6.163600958200856 3.865035700836813
2.994542424947625 7.766093552226842 6.200676697255508
2.994542424947625 7.766093552226842 6.342569243251392
2.994542424947625 6.60822141693486 6.105318573531419
2.994542424947625 7.614391063399552 5.536732953672979
2.994542424947625 7.614391063399552 4.499474088698238
3.1382779302697945 6.6278100128084425 3.876930388276549
3.1382779302697945 5.447228746379743 5.732730223616371
3.1382779302697945 6.403438519108722 5.235258066725042
3.1382779302697945 6.619747604965347 5.770746813891262
3.1382779302697945 6.619747604965347 6.071151834300664
3.1382779302697945 6.619747604965347 6.286702878024528
3.1382779302697945 9.267662819469985 7.771247098008011
3.1382779302697945 7.651998364246648 4.391598871244231
3.1382779302697945 6.279427276499803 5.817076563693922
2.7819154725972166 7.782300660069836 4.401810944860631
2.7819154725972166 6.235205735130833 4.949844959664798
2.7819154725972166 6.235205735130833 4.447220960447796
2.7819154725972166 7.5154997822506715 6.375864313962098
2.7819154725972166 6.416859402227185 4.563182627124117
2.7819154725972166 6.9492063191884 6.59938882556059
2.7819154725972166 6.206176963691405 4.452060795035301
2.7819154725972166 6.206176963691405 4.49862559385075
2.7819154725972166 5.954330672121973 4.441594563837353
2.7819154725972166 6.411102618209835 5.959658138967268
2.5788745862405382 7.529962580499513 4.19110884930821
2.3342613752529933 7.529962580499513 3.5149780833641984
