5.55767765482409 7.694779202789105 5.507027295032067
5.55767765482409 7.632092360893136 5.885524934341792
5.55767765482409 7.186042473917636 6.229868825097997
5.55767765482409 6.476923937351451 5.178913967167923
5.55767765482409 7.684730765781229 6.426266681275906
5.55767765482409 6.643494988155204 5.293334495609836
5.55767765482409 6.643494988155204 5.272244467045555
5.55767765482409 7.632636214479259 4.338788497175944
5.55767765482409 7.632636214479259 6.1195889312865335
5.55767765482409 7.709825440808341 5.857631301744878
5.55767765482409 7.709825440808341 4.0339724697367085
5.55767765482409 6.252463328096926 5.211284202975645
5.55767765482409 6.252463328096926 4.903117370522256
5.55767765482409 6.323543622923275 5.817807617553049
4.368456669908166 6.323543622923275 5.243818101468162
3.5526202988406905 6.323543622923275 5.818860886916326
3.5526202988406905 6.458633344474521 6.211466156317553
3.5526202988406905 6.458633344474521 6.125503036819427
3.5526202988406905 6.57957231784253 6.353326538504251
3.5526202988406905 6.600156669634291 5.502376507049946
3.5526202988406905 6.600156669634291 5.7095129273112555
3.5526202988406905 7.574380082186337 6.365341664399406
3.5526202988406905 6.589897686238739 6.07771374938725
3.5526202988406905 6.091310233135026 4.609847367156811
3.5526202988406905 6.608536602816024 5.555127236854896
3.5526202988406905 7.632368290799221 5.728225615933317
3.5526202988406905 7.024524129606066 5.106815709092988
4.498200873987685 7.024524129606066 4.823577581013036
3.5526202988406905 6.401016752403603 5.124006977281757
3.5526202988406905 6.26229721929835 4.877517638653863
3.5526202988406905 6.26229721929835 4.93708997239109
3.5526202988406905 6.495674624224442 5.348540700368798
5.551604612336519 6.247077291439165 3.313496175235505
0.920614608425439 5.96779295762585 3.9695168924153865
0.920614608425439 6.564143332437322 5.8989405801934245
3.2657423954522966 7.264491780836565 4.722914576122659
0.920614608425439 5.6629283176024785 3.6090938291289514
3.2657423954522966 7.2751460620171535 6.168121622254882
0.920614608425439 7.2751460620171535 5.744663259050097
3.2657423954522966 7.143183105425125 6.2102908052517884
3.2657423954522966 7.143183105425125 5.287162496853168
3.2657423954522966 7.143183105425125 4.543365710622661
3.2657423954522966 5.957344137547494 4.536467872489471
3.264612345295586 3.2657423954522966 4.315153214610914
3.264612345295586 5.731366325321499 4.966351102084001
3.264612345295586 6.518258074157181 5.674380682405223
3.264612345295586 6.518258074157181 4.917338102512345
3.264612345295586 6.518258074157181 5.1252730781306255
3.264612345295586 5.999739874992624 4.470482529657238
3.264612345295586 6.070569766418451 5.6104728731542775
3.264612345295586 7.515537709649511 5.80133502545755
4.53432103713536 7.464430437037798 4.786867827792646
4.53432103713536 6.246130415247627 5.906862941013081
4.5265531139554795 7.103590998859161 4.86168616531457
6.143929418380814 6.278471422201314 4.8011574509670245
4.5265531139554795 6.6210983135896235 5.815589248720422
3.027101875387299 6.6210983135896235 5.722185743767218
3.027101875387299 6.725605174745034 5.437678945880317
3.027101875387299 6.725605174745034 5.589150308404924
3.027101875387299 7.556110303632863 5.273219251714625
3.027101875387299 5.971046475159103 4.850119935164934
3.027101875387299 6.865800173994016 6.0480743833285455
3.027101875387299 9.009451603017684 7.2519235565832325
3.027101875387299 9.009451603017684 5.172077102156165
3.027101875387299 7.378395413348617 5.501848357945224
5.273495862300141 7.378395413348617 3.7300465096796334
4.366844639192301 6.662756633687028 5.404492632970347
5.450509918547027 7.712692222828808 5.612172506825949
6.55439620679509 7.712692222828808 4.716096758983661
4.119169863847318 6.55439620679509 5.268645421600891
4.119169863847318 8.7084605117006 7.389411652667558
4.119169863847318 8.7084605117006 5.33043514388461
4.119169863847318 6.623247362219352 6.085205800651809
4.119169863847318 6.623247362219352 6.131078806398976
3.5283405647107355 6.688717257362054 4.900258595665431
3.5283405647107355 7.6549069950073445 5.837920714513833
3.5283405647107355 6.678806660657955 5.82068857022277
3.230490414411776 7.401767386039145 5.254310026658755
3.230490414411776 7.401767386039145 4.449884328312451
2.584248661139718 7.102690622237699 4.538198647155195
2.584248661139718 6.282002988925921 5.260263003998776
2.584248661139718 5.869283370731843 4.877838790333411
2.584248661139718 6.8701807258758745 4.804591362183786
2.584248661139718 6.8701807258758745 5.667037025311804
2.584248661139718 7.238790228562978 5.756796708503279
2.584248661139718 7.238790228562978 4.7144282061280745
2.584248661139718 6.731856505200563 5.461079776661345
2.584248661139718 6.176895026542436 5.16692562451839
2.584248661139718 7.491725007185677 6.1436267679956815
2.584248661139718 7.491725007185677 6.208794366696615
2.584248661139718 7.491725007185677 6.517414687584299
2.584248661139718 7.265315093857792 4.885978737488243
2.584248661139718 7.265315093857792 4.289356581909264
2.584248661139718 6.509587134004885 4.205217483067748
2.584248661139718 4.232861800949486 5.545104901334611
2.584248661139718 6.425710079591102 5.408683356676908
2.584248661139718 6.038150188429686 5.522021373974057
2.584248661139718 6.038150188429686 5.29455370397298
2.584248661139718 6.221353756040767 5.521532997915694
2.584248661139718 7.495510732731329 4.922496853862845
