3.1460365861378894 7.749503810877053 5.317241161407911
3.1460365861378894 7.760635738699964 6.285291768028015
3.1460365861378894 7.652031957024747 6.284330147533333
3.1460365861378894 7.652031957024747 5.423088297993652
3.1460365861378894 7.613442442615167 3.3061272613689163
3.1460365861378894 6.4443106223938855 5.655256292864102
3.1460365861378894 6.690758492173707 6.504516123134364
2.1460034119010847 7.1319677585730865 4.4666331764213
5.953213503148561 8.490555698325476 5.922125145204358
1.7525407777592403 8.490555698325476 5.521221935222691
5.953213503148561 6.562639396765512 5.187587971996534
5.953213503148561 7.77784377803464 6.899162508333716
3.817363260504273 7.77784377803464 6.95414960686358
4.5212486148789495 7.77784377803464 5.406259063213472
4.5212486148789495 6.996457725703802 6.720938387195258
2.718264128550697 7.664771544280532 6.176865549656258
2.718264128550697 7.627158722201074 7.000100008382872
4.029631837116213 7.613732718898902 5.73885820856779
2.718264128550697 7.613732718898902 6.263121196017728
2.718264128550697 6.283987132883048 4.5726890712630315
2.718264128550697 6.538047963231236 6.00617470214447
2.718264128550697 7.694796347801816 6.943262048685067
2.718264128550697 8.55189700374517 5.422901701231226
2.718264128550697 8.55189700374517 6.55357599571979
2.718264128550697 7.758564026934536 6.6789434902319025
2.718264128550697 7.761020422074125 6.878495746576301
2.4868640219234064 7.75831090666906 4.912433252522576
2.4868640219234064 7.75831090666906 4.5267551439884315
1.921638087002766 6.588948782999623 4.87267169413096
3.324713491661154 6.5502111958960505 4.524840160049528
3.324713491661154 7.607566116598278 5.9088021757091385
3.324713491661154 7.627886563495066 5.661884666699191
3.324713491661154 6.349098108812029 5.549765235315812
2.9975387364329937 6.230411807030617 5.478241178144099
2.9975387364329937 5.808963800642662 4.990782596729274
2.9975387364329937 6.147105972219318 4.996238940603707
2.9975387364329937 6.225024193771702 4.7001686967240515
1.2419652795379226 6.587375927872198 5.133248156548828
5.596664100935801 7.096789289398284 6.2879444326615
5.596664100935801 7.096789289398284 4.85060219834672
5.596664100935801 7.561981137651399 4.77708033957401
5.596664100935801 6.6634887764169655 5.325411275648215
5.596664100935801 7.667799687328749 5.925711925435799
5.596664100935801 7.667799687328749 5.011797373426067
4.226376837529667 7.615170070771091 6.201334705061332
3.1986739552466124 5.7279713148252505 4.483107948895776
3.196842839785884 6.139783448441406 3.777227917948722
3.196842839785884 6.862807230881343 6.020806387312823
2.640272178601084 6.241875407291268 4.449274082002371
4.563967942740071 6.241875407291268 4.890319784831807
5.873327407017403 6.621424732448517 4.955547906946176
3.4282744487214676 6.621424732448517 4.818608473582001
5.854343963986803 6.65518611906224 5.358453169494201
5.779487735063217 7.648645603956913 5.3865204651828105
5.779487735063217 6.620142026102624 5.451454591858362
5.779487735063217 6.394639476819304 4.806205320491866
3.6640787371681154 7.752402004702784 5.845300258649676
6.088433531342247 7.271600394240313 4.086396416042598
5.991821543306969 6.597915097817044 5.092988954893787
3.8412279775892384 6.597915097817044 5.164004733682896
3.2561358824964697 6.288573435047667 3.875252388911062
3.2561358824964697 5.950674848229994 4.472889105343998
2.6357290346671083 6.402449871839778 4.391327868366895
2.6357290346671083 6.402449871839778 4.119333171871813
2.6357290346671083 6.696822170631155 5.58629064653012
2.6357290346671083 7.521115504412814 5.829005422534699
2.6357290346671083 7.521115504412814 5.848400476522751
2.6357290346671083 6.650979799691925 5.926389247138463
2.6357290346671083 7.467234535914558 6.1095545164514995
1.3663892298574685 7.467234535914558 5.390684902481436
4.463026015809845 7.467234535914558 6.48932830961709
4.463026015809845 7.123257108657027 5.497132416692299
4.463026015809845 7.123257108657027 5.137767670447181
4.463026015809845 6.662027895624767 4.947909319784612
4.463026015809845 7.677207003780612 7.094142475996166
4.463026015809845 9.199342579142266 7.054453630231136
4.463026015809845 6.950498569613194 3.7932944512778812
4.463026015809845 7.383771861090235 5.339664548948129
4.463026015809845 7.026935855652484 4.343332305365151
4.463026015809845 6.877581984311583 5.524513517407407
4.463026015809845 6.877581984311583 3.879488288229069
4.463026015809845 7.539185043925027 5.335417587566233
4.463026015809845 6.920534916066282 5.054736524839475
4.463026015809845 6.920534916066282 3.9622615398665153
4.463026015809845 5.793830714397458 5.314984285344759
4.463026015809845 7.114305698968158 6.595223687396213
4.463026015809845 6.857751301439768 6.038420943522097
4.463026015809845 7.668964128127785 6.153591066249661
5.183978089765741 7.684269743021989 5.027764782014408
4.463026015809845 6.764442285308137 6.49965819855236
4.406235455309329 6.680651900213778 5.401820446327168
3.2963062964183583 6.680651900213778 4.81773972307634
3.2963062964183583 7.738828970530699 4.698735237802441
3.2963062964183583 4.550790532076604 4.267266386814308
3.125849333119025 7.61684450429571 5.2536734265894856
3.125849333119025 7.61684450429571 4.736122231683299
3.125849333119025 7.61684450429571 5.10208796186385
3.125849333119025 6.282475915672617 5.923095537839137
3.125849333119025 7.642714677247417 6.270153692849298
3.125849333119025 6.631523447071167 5.609551898844276
