2.697553279678399 7.780309955756094 5.621915696954388
2.697553279678399 6.964624688944369 6.633914764401974
6.311162939450135 7.650718172747695 3.8208897799257913
6.342227580767023 7.340687868064556 6.369410478681176
6.342227580767023 8.080690205126597 6.208295314972122
5.037158024161133 7.755093108237405 6.900492304113207
5.037158024161133 7.658855610285171 6.48250339365905
4.328196170133062 7.658855610285171 6.547206988129859
5.163480801096121 7.651399633737208 5.615685308061574
4.328196170133062 7.637590764838288 6.720994138537885
4.328196170133062 7.382932722545009 5.960855693741535
4.328196170133062 6.891813178611246 5.083284464727992
4.23370952328542 4.43984793477388 5.617189814965105
1.0329018711362292 6.491111564016851 4.318337368924928
5.929100522217528 7.135236199248688 5.492302626524535
1.0329018711362292 6.594102230186003 6.030087150717546
5.929100522217528 6.413447518930315 4.562915645726111
1.9103548797244483 5.103030637228027 3.4636120496519505
5.929100522217528 6.7416523661386485 4.5997278658133585
5.929100522217528 6.566801235461146 3.732614564393436
5.929100522217528 6.625879173074875 4.29657282130267
5.929100522217528 6.750671839300608 6.312105317826471
5.929100522217528 7.471289585185746 5.892509377371641
5.929100522217528 6.750671839300608 5.287849650999479
5.929100522217528 7.72536391355583 5.582022018806276
5.929100522217528 6.544272617898184 4.7358720117869755
5.929100522217528 6.544272617898184 5.113786291393137
5.929100522217528 5.64957552283844 4.308328156603617
5.929100522217528 7.102219619274996 5.132486659667872
5.929100522217528 7.648060289786944 6.282489849218437
5.929100522217528 7.648060289786944 5.838391160048867
5.929100522217528 6.5477483262557 4.1682640801207205
5.929100522217528 6.5477483262557 4.929538070635318
5.929100522217528 5.730584232978739 3.543358616246217
5.929100522217528 5.864851762678203 4.2931967789688885
5.929100522217528 6.270214795319966 5.22454671491805
4.462157833095624 6.270214795319966 5.873179644185085
3.735228550408572 6.502727371251638 5.213444844401221
3.735228550408572 6.62479442294784 6.08833702054962
3.735228550408572 6.634782424954668 6.024118475886969
6.703037905847882 6.634782424954668 5.206933662288967
3.302991080884667 7.719475934176513 6.415516652430098
3.302991080884667 7.647163691361078 5.169946555217538
6.703037905847882 7.647163691361078 5.539247477808946
4.019401117082403 7.647163691361078 6.244441599301167
4.019401117082403 7.503211426969894 5.70519658211602
4.019401117082403 7.503211426969894 6.044542223166288
4.00522851117023 6.583840777916983 4.066841463983866
3.392165155396779 6.583840777916983 2.742164632055419
3.029899100979588 6.7862590710248245 5.287958856841717
3.0661234450456196 5.079989444076524 4.306807116422198
3.0661234450456196 6.690038914286703 5.900396361684147
3.0661234450456196 5.480721273112987 4.82148406108658
3.0661234450456196 5.480721273112987 3.823386942727912
3.0661234450456196 5.619825218838557 5.238298309612958
3.0556113204049287 5.478614944122295 3.8820720670842723
3.0556113204049287 6.21154806771435 4.544264400858796
4.481364490683369 5.973868154835653 4.326907458281927
4.481364490683369 8.06154851407811 5.809728091824899
3.118330334348269 5.6920337132675485 4.257280824644322
3.6883023431506285 4.911087800885102 3.5558158788705
2.6905582999547737 4.911087800885102 3.859233195628545
3.6883023431506285 6.629618001690407 5.057440849382373
3.6883023431506285 7.750091920025346 6.122203461753646
3.6883023431506285 7.750091920025346 5.790522264417986
3.6883023431506285 5.993836713261619 4.787355173197098
3.6883023431506285 6.248629724645891 5.8897516506335315
3.6883023431506285 6.675559327716702 6.00688645998223
3.6883023431506285 6.675559327716702 6.372994527813354
3.6883023431506285 6.537449821671586 5.506553687964676
3.6883023431506285 7.674766018415587 5.964430479787009
3.6883023431506285 7.354585222599182 6.105306408500022
3.6883023431506285 7.390748716072249 6.069450548101844
3.6883023431506285 7.647230308257656 6.7298756467918075
3.6883023431506285 7.647230308257656 4.9519734742947925
3.6883023431506285 7.354585222599182 5.535382514824457
2.231889041252416 7.521341390564704 4.983534920914054
4.035545972159351 7.008104042477035 5.273124222402021
3.6814320978429262 7.412392170030854 5.66874050384299
3.6814320978429262 8.6693972590378 6.810277188077296
3.6814320978429262 8.6693972590378 5.469469179666893
3.6814320978429262 8.6693972590378 6.563718822964494
3.6814320978429262 7.698843355578479 6.174597808167892
3.6814320978429262 7.698843355578479 6.572589581402371
3.6814320978429262 7.704465636197819 6.9320248902368204
5.6381293669010155 7.704465636197819 4.610416560518543
2.825309412939266 7.704465636197819 3.7142160631332195
3.0550192221843457 6.276451056003992 4.8061823915854545
3.0550192221843457 6.276451056003992 4.290742023063158
3.0550192221843457 5.425162783639259 4.305097799114939
6.6260330100428035 6.087990263521025 4.853641779882126
3.0550192221843457 6.664581478683413 5.632022422327594
3.0550192221843457 7.63838038960351 5.001257118373942
3.0550192221843457 7.67288360724949 6.241976438712835
3.0550192221843457 6.646572240386266 5.9643188665026905
2.9684732658045054 7.628006773278548 7.002033359598219
2.9684732658045054 9.03459369416913 6.786758530612242
2.9684732658045054 9.03459369416913 7.815732965057084
2.9684732658045054 9.03459369416913 5.57514502880435
2.9684732658045054 8.560762508343258 4.442779609635513
