3.876161939215543 7.704172778368193 5.552361246715525
3.876161939215543 7.573085525762712 6.838144723992113
3.876161939215543 7.712849213086876 7.416901065846321
3.876161939215543 9.663510905449 8.001487820116015
3.876161939215543 9.663510905449 7.046614475858483
3.876161939215543 13.62303163786116 9.253738105901222
3.876161939215543 7.775043035305718 6.326396304447573
3.876161939215543 6.983489323629321 5.4239924870839324
3.876161939215543 6.603333630682403 4.288844283348915
3.876161939215543 6.587416016517739 5.863132255072913
3.876161939215543 7.137829170926324 6.40352710035937
3.3889147068180816 7.745474398256965 6.377240484370294
3.3889147068180816 7.745474398256965 5.332788037893291
3.3889147068180816 6.2272872124584495 5.375288521915236
3.3889147068180816 6.269643474522066 5.998647689361662
3.3889147068180816 6.577567568700889 4.3359682109916635
5.359330601230646 6.544815868421267 4.381256078785876
3.331132543977358 6.178170488725549 5.130429406929738
3.331132543977358 6.3775175507648285 5.14045242706982
3.331132543977358 4.592092846059355 5.67480815566779
3.331132543977358 6.49332455063519 5.623640078981092
3.331132543977358 7.774743043669838 6.071164435884694
3.331132543977358 7.711910826776744 6.62163319209757
3.331132543977358 7.630835094693369 5.420462493516136
3.331132543977358 7.355195655098688 6.480617349236181
3.331132543977358 7.6197574220030475 4.819744069576139
3.331132543977358 7.6197574220030475 5.611347640793934
3.2691004012207263 6.661619151865239 6.1516373908252975
3.2691004012207263 6.661619151865239 5.737360210251882
5.2989342455118305 6.540329544349213 2.815405744339244
5.640703833125258 5.961735546093852 4.5885035164592205
4.585999489878965 6.64321277217898 5.953708041312961
3.8984448241803844 7.230809065274183 5.631621671173264
3.8984448241803844 7.271091352972194 5.4898005600841655
3.8984448241803844 7.390653320632929 6.330573293968355
4.341727508822633 7.279656552827147 5.605157650546175
6.605025023499614 6.439727522967335 5.7593299610434165
1.7617130022571144 7.45782198484088 2.7744235249405995
5.47226678122999 6.413817978441557 4.145258838544457
5.47226678122999 6.605025023499614 4.586614924347953
5.47226678122999 6.667899365010587 6.15184532034655
4.547398059066808 7.7587854227469855 7.388104827056581
4.547398059066808 7.7587854227469855 5.805862041927451
4.403317548408761 6.072438515622668 5.118406044050953
4.403317548408761 5.362879958741683 6.358043174056214
3.8267300200502175 6.436508131497099 5.406601781835799
6.393889767117738 6.977006778616653 4.883668631685722
3.9450695203460353 6.977006778616653 6.362339374497196
3.9450695203460353 7.115325855651465 5.790152469944858
3.6476938269643466 7.452331131395903 4.574382181755404
3.6476938269643466 7.452331131395903 6.194483690693069
2.2322888652653963 6.417764147689947 3.648917637752795
2.2322888652653963 7.7403008899220005 6.649251029951905
2.2322888652653963 7.7403008899220005 6.379518988841958
2.2322888652653963 7.714489622330326 5.81712846554715
2.2322888652653963 7.714489622330326 5.43443659699789
5.975460855299634 6.571819465025861 5.821108903223254
5.975460855299634 6.424382037816056 4.483121404406012
5.975460855299634 7.0462025186268775 5.455472965613739
5.975460855299634 7.223393698183282 3.2941341073302715
5.975460855299634 7.352995231462668 5.76883851194657
5.975460855299634 7.585600360262326 5.243348357182595
5.975460855299634 7.585600360262326 5.323318140556412
5.975460855299634 7.585600360262326 4.643266337674848
5.975460855299634 7.634553351202028 6.20115315408128
6.36139650179425 7.634553351202028 4.573468047274276
4.39350163848092 7.634553351202028 5.633097165504397
6.06182133149094 6.283973464392108 6.450646564365774
4.609686296038149 6.748124057077144 5.564070498178141
5.8734287780692895 6.947472451826444 5.065309608484976
4.1704420751846065 6.947472451826444 5.369111414891965
4.099647318668733 6.478928765333897 5.08524681319515
6.373122890933782 6.901259420632307 5.021824683940769
5.691651393726048 7.276762931318219 6.646778045324261
5.691651393726048 7.276762931318219 5.976418109287876
4.583870735957852 7.276762931318219 4.952472403341387
4.402545665104892 6.555861676285467 4.775737553318798
4.208003078470217 6.516300832935471 4.588323931736997
4.208003078470217 7.749867235997234 6.553907429235329
4.208003078470217 7.749867235997234 5.660629716264023
6.315184023564001 7.0057910370525605 5.375729944281148
4.833122733318518 6.6320381237021095 5.914340626646967
7.676353608319026 6.98985553797611 4.554117989488531
4.5517406304028185 7.676353608319026 5.099404695089671
3.8574756006970365 7.676353608319026 4.890541011243714
3.487267495817108 6.356751072871809 4.747184436515599
2.6809437319807974 6.385079817358612 4.553092240970981
2.6809437319807974 6.385079817358612 4.289500056758875
2.6809437319807974 6.2316270514067185 4.880879960049399
2.6809437319807974 6.667467504922488 6.356045279369381
2.6809437319807974 7.587325696165294 6.414836162149568
2.6809437319807974 7.706506122573545 5.312658000822412
1.916596579538727 7.108012437999429 3.8068911708198208
2.634706052535965 7.108012437999429 4.953847571295862
2.634706052535965 7.685168313244242 5.987596052949978
2.634706052535965 7.685168313244242 5.999013117334381
2.634706052535965 7.685168313244242 5.208386353657904
2.634706052535965 7.593699067692164 4.855181329003321
2.634706052535965 6.204882930266031 5.42432998875246
2.634706052535965 10.388003631517064 7.682684989698093
