0.7990651227122716 7.781269933096352 5.562381496932119
0.7990651227122716 7.640561552881177 4.390393469236992
7.242417183896102 9.15038047331374 4.84884767603537
1.7850740897308026 9.15038047331374 1.3731576061350117
5.675773951804967 2.055109132610785 1.191031027676262
2.9644377527049213 7.242417183896102 2.157567062996484
4.556850366635135 7.242417183896102 2.4955588001690545
4.556850366635135 5.675773951804967 2.238451475897112
2.9644377527049213 4.943294849248211 2.663147017675755
4.556850366635135 5.345266461742327 3.6335068105618955
4.556850366635135 6.040418813822072 4.0410277481386565
0.7059852112425529 6.040418813822072 2.12366331995955
0.7059852112425529 4.556850366635135 1.9182612607176264
3.080069577013085 3.417262616585717 1.031602072734824
2.825894921774012 4.077144622461091 2.2133319871773183
3.8121148188671445 4.077144622461091 2.2613831201021894
3.8121148188671445 7.174080912966348 3.8923992129281304
3.8121148188671445 7.174080912966348 3.3200796384880285
3.8121148188671445 6.597925589117107 3.914505307701702
3.8121148188671445 7.027786840401278 5.538470875133442
3.4964591244183905 7.027786840401278 4.5256030329191335
3.4964591244183905 7.325722831294376 4.23296219032137
2.008177075223799 8.187699823677596 6.046649303184257
2.008177075223799 8.187699823677596 6.514548153263098
2.008177075223799 8.119324235634046 6.21772006841553
2.008177075223799 8.119324235634046 4.9215723061200585
2.008177075223799 7.2620211664098 5.492744392455219
2.008177075223799 7.2620211664098 5.697419148957409
2.008177075223799 9.012708750904181 6.047193912857909
2.008177075223799 9.012708750904181 4.895355615781653
2.008177075223799 6.403901097358236 4.599083209656131
2.008177075223799 6.7476310559139865 3.81260964704998
2.008177075223799 6.7476310559139865 3.8907527980087706
2.008177075223799 6.7476310559139865 4.404613279168131
2.008177075223799 6.7476310559139865 3.2788824481179186
2.008177075223799 6.7476310559139865 4.664076751005697
3.9700459238091494 6.7476310559139865 3.327890331578345
3.9700459238091494 6.536438072259202 4.107349779485115
2.6685369844508036 6.092014479801328 3.8390060935094827
2.6685369844508036 5.022802739707846 4.233666108945127
2.6685369844508036 5.022802739707846 3.381980548547677
2.6685369844508036 4.648487137143974 3.825282992752729
2.6685369844508036 4.648487137143974 3.1782795568474462
2.6685369844508036 4.5951934848899505 2.8223615497113013
2.6685369844508036 4.61587250698803 3.842033622974674
2.6685369844508036 6.2938925397695655 4.557689187567515
2.6685369844508036 6.2938925397695655 5.439530888837332
2.6685369844508036 6.2938925397695655 4.956198784782093
2.6685369844508036 6.368477636764787 4.868741670973055
2.6685369844508036 6.368477636764787 5.362918551032675
2.6685369844508036 8.315376799909908 5.701552997239754
2.6685369844508036 8.315376799909908 3.7602276808929544
2.4412517873234347 8.315376799909908 4.574540492384303
2.4412517873234347 8.388370041579908 6.528366787883396
2.4412517873234347 8.388370041579908 5.308990668114928
3.875343491112084 8.551222024042534 4.609536781610718
2.4412517873234347 8.551222024042534 5.85855232920898
2.4412517873234347 7.059146056229574 4.201138628812764
3.875343491112084 6.444892827340233 4.652732806835343
3.875343491112084 6.426018023492237 4.372257499816364
3.875343491112084 6.426018023492237 4.733809273954922
3.875343491112084 6.097189203313288 4.070642498933169
2.788812933538598 6.097189203313288 3.0117853724669557
4.531646153098304 5.348076748735064 3.833878485764478
2.788812933538598 6.4823755898402915 4.839445792127194
5.103965759985449 6.4823755898402915 4.129045985588603
4.531646153098304 6.4823755898402915 4.206027065561663
4.531646153098304 5.543588767550087 2.829480970782422
1.7905968233697966 4.8039512819314005 2.842848870160803
3.7587614718525484 5.603181764890191 4.31125382708879
1.7905968233697966 5.617834318454165 4.119992809462364
1.7905968233697966 5.617834318454165 3.725088500678334
1.7905968233697966 7.289433265581904 5.051639070624256
3.7587614718525484 5.697604162357354 6.095969148119057
5.891819872580353 7.702680968593334 6.536656376327537
5.891819872580353 7.289433265581904 6.322616181922059
5.891819872580353 7.289433265581904 4.1479921711954235
5.891819872580353 7.289433265581904 4.806567824637642
5.891819872580353 8.062362803160708 6.635173978961028
3.6248217386953248 8.062362803160708 5.9384824466823805
3.6248217386953248 8.062362803160708 6.129615069992325
3.110144844772432 8.062362803160708 5.266392789711657
3.110144844772432 7.702301370590961 4.692653029246311
3.110144844772432 6.587776138913998 5.28883958220337
3.110144844772432 6.587776138913998 5.102538572684552
3.110144844772432 7.116895769025707 5.247024700135936
3.110144844772432 6.587776138913998 4.5929207112450285
3.110144844772432 6.151166936977177 5.162313160837041
3.110144844772432 6.151166936977177 5.051023564752047
3.110144844772432 6.338597830406705 5.235083732061322
3.110144844772432 6.658291330645472 5.33391238633573
3.110144844772432 6.658291330645472 4.927696404099877
3.110144844772432 6.658291330645472 4.327727905333203
3.110144844772432 6.658291330645472 4.6793584397493655
3.110144844772432 7.029854641845022 5.404501964317052
3.110144844772432 7.029854641845022 4.716974028354664
2.347497402148321 8.719647121623087 5.093242779372737
2.347497402148321 8.719647121623087 5.733945199666121
2.347497402148321 8.719647121623087 4.098071039850012
2.347497402148321 6.071473196586744 4.039772559841167
