2.7106612722744434 7.716857524997067 5.351093291016094
6.036478455028771 7.604092758710932 4.9026990801651165
6.036478455028771 7.548760263252888 3.936429183090125
2.5972913582017303 7.548760263252888 4.428400970945914
2.5972913582017303 6.036478455028771 3.307005608798968
2.5972913582017303 6.098990648778312 4.1543310178844814
2.5972913582017303 6.098990648778312 3.990927644065543
2.5972913582017303 6.543545054864996 4.340454973988244
2.5972913582017303 6.543545054864996 4.141655717189661
1.3455075251098418 6.543545054864996 2.5055659248193494
1.3455075251098418 5.924524985559003 4.712505364526009
1.3455075251098418 6.625766471457062 3.4681411661205974
4.789223536152107 6.625766471457062 3.0538053246790815
4.601891767962993 3.6149336761204265 2.2482953359242206
1.3455075251098418 5.849029703249812 3.9989147825313385
4.789223536152107 5.849029703249812 3.6192968286236735
4.789223536152107 6.418519246567001 4.532240749089201
1.3455075251098418 5.887597496110953 3.781937067839846
4.789223536152107 5.887597496110953 4.766707011100388
4.789223536152107 8.605329116699773 4.9231737029812015
4.789223536152107 8.605329116699773 3.503014157898787
4.789223536152107 5.887597496110953 2.324679121703692
4.789223536152107 5.32160853648767 1.8033093387635417
0.9747182506776615 4.789223536152107 2.145278589269456
2.9431142715724516 3.1466337444724357 1.5620598632818812
0.9747182506776615 3.0590034815489884 1.4594057328456393
2.9431142715724516 5.423242239123891 2.645690233702867
2.9431142715724516 5.423242239123891 3.27893545742713
2.9431142715724516 5.439498916839945 3.5488456425073833
2.9431142715724516 6.655435550631982 5.1217566756718975
2.9431142715724516 6.655435550631982 3.014383564381187
1.2659505843115935 4.461574110203998 2.3222291096369894
1.2659505843115935 4.461574110203998 2.6027447071869405
2.137770987470294 4.461574110203998 1.3335578818659866
2.0867409548830804 3.174031019123366 2.40047830269064
1.2659505843115935 3.174031019123366 2.298746422464826
1.2659505843115935 4.000571475369096 2.936575709350494
1.2659505843115935 5.044268310712262 3.403001150615932
1.2659505843115935 5.044268310712262 2.3918498705257507
1.2659505843115935 3.361474435933339 2.5326645442973676
1.2659505843115935 6.474162574576148 4.488970176121765
1.2659505843115935 8.028893026339906 4.227910453948855
1.2659505843115935 8.028893026339906 2.666898512442554
1.2659505843115935 5.9424909255298175 3.7857159881280014
3.260544791139744 5.9424909255298175 1.9234874069679355
3.260544791139744 1.7307184284883452 1.1229142998448893
3.260544791139744 5.63710675976672 2.253308453432931
0.7878575097750908 5.63710675976672 1.7243076099968762
0.7878575097750908 6.395593370721663 3.339835840076083
1.7838671714658223 6.395593370721663 1.7283988081513904
0.7878575097750908 5.478418338404765 2.3799340398845765
5.57220636255785 5.656086984422302 3.443188616821098
0.7878575097750908 5.656086984422302 2.6779122839992504
0.7878575097750908 6.648635306083925 3.936514447441671
0.7878575097750908 6.648635306083925 3.2957258362810364
0.7878575097750908 6.648635306083925 3.0169053946107014
0.7878575097750908 5.078195102436581 3.0373618212424764
0.6369548712028288 5.078195102436581 1.9253956004149106
0.5365248762816361 3.149628599227786 1.047371601044147
0.5365248762816361 6.152026491967607 2.732956224199276
0.5365248762816361 6.152026491967607 2.7971397012542867
0.5365248762816361 4.392884353527368 1.6479612535628083
0.5365248762816361 3.606367819102591 0.7854977477878105
0.5365248762816361 5.403267709009178 1.8193515246149756
0.41006469896157727 2.8830014444056826 0.6527419916461238
0.41006469896157727 4.936154317967528 1.9972423149402616
0.41006469896157727 4.60208429496047 1.312903188881084
0.41006469896157727 7.412687375370334 3.787885807942615
0.41006469896157727 9.44801988585857 6.217598840773118
3.325180185685167 8.679776259079178 0.7757728791245648
0.41006469896157727 3.325180185685167 0.9091930740397974
0.41006469896157727 3.6410876723807175 1.7737533552571603
1.341305299211879 6.585808190695435 2.0316403012036695
0.41006469896157727 3.144441947822021 1.7515030128526914
0.41006469896157727 5.714843321803887 2.883903698627796
2.9297116421205627 5.714843321803887 3.323080584196638
0.4405186802598249 7.226303644098451 2.8242907308821197
5.5994700952567555 5.565363786581273 1.4759853927433806
5.5994700952567555 4.989679292348896 2.3079862473413995
4.9826105327721955 5.5994700952567555 3.50476020145131
6.463794468740172 5.5994700952567555 3.1404493439195966
4.569815385703279 5.519534486842186 3.1388586556286344
3.465679094288508 7.126966974529855 4.765041088098445
6.463794468740172 7.126966974529855 4.10670309637666
6.463794468740172 7.126966974529855 4.734190183338865
6.463794468740172 6.379263606114883 5.641769478187323
6.463794468740172 6.379263606114883 4.349241133624349
6.463794468740172 6.379263606114883 3.6366488422849863
6.463794468740172 6.379263606114883 3.8587106002018112
6.463794468740172 5.787509050241386 4.207403414939918
6.463794468740172 5.787509050241386 4.317955742828367
6.463794468740172 5.787509050241386 3.911037292414848
6.463794468740172 5.679774165711336 4.059939005939684
6.463794468740172 6.318654186915765 5.117618743761423
1.4000544165833948 6.318654186915765 2.7556081953057605
1.4000544165833948 6.318654186915765 1.7995731631725107
1.4000544165833948 5.655587416107892 4.281464179239348
1.4000544165833948 6.643154554131215 3.665233834413836
1.4000544165833948 5.826517677103073 2.179694884915325
1.4000544165833948 6.463794468740172 3.113546981714487
