6.745277704566497 7.76792018275437 5.420609340975022
6.745277704566497 6.643661524392762 5.9654119073276295
6.745277704566497 7.290838495517381 5.70342794296563
6.745277704566497 7.948975440461206 6.344108525419332
6.745277704566497 7.948975440461206 6.208546794322724
6.745277704566497 7.948975440461206 3.7396604017671957
6.745277704566497 7.254304018200619 5.111810231619437
4.459435762481871 6.666246222409324 2.6064955011857602
3.0793228776902564 6.666246222409324 3.8702733284360527
6.745277704566497 6.267469362855795 4.3096201851713145
6.745277704566497 5.799329219220809 4.364318786647288
6.745277704566497 5.814867957597734 4.29078531262157
6.745277704566497 5.814867957597734 3.696102607868559
2.7184372639593772 6.745277704566497 5.225486069662388
2.7184372639593772 7.706546797298854 5.918219629346826
2.7184372639593772 7.708118110955851 6.369612818432915
2.7184372639593772 7.708118110955851 6.2253089683880525
2.7184372639593772 6.506702252246551 5.510706258124242
5.823294339311218 6.471698067746839 4.006521611625188
2.2164053736290517 5.926024188551526 4.008846986482308
2.2164053736290517 6.194615393624467 3.894845568086051
2.2164053736290517 6.194615393624467 3.0726671272948223
2.2164053736290517 6.194615393624467 3.2295961650846836
2.2164053736290517 6.499522733947874 5.0151539765596915
2.2164053736290517 6.499522733947874 3.0418548611225686
2.2164053736290517 6.499522733947874 3.174697365567248
2.2164053736290517 6.499522733947874 3.3269736742031966
5.555490863705515 5.405106406898117 3.376180350800642
2.2164053736290517 6.347011497208992 4.556930391825983
5.555490863705515 6.728852736855735 5.193504822531678
5.555490863705515 6.649110479149691 5.187699817492302
5.555490863705515 6.9579403059661615 5.299623313693736
5.555490863705515 6.9579403059661615 4.513595537294349
3.3923965422470492 6.649110479149691 5.063603402764693
1.8756076482738 6.370296563068283 4.0317717777063145
1.8756076482738 6.370296563068283 4.04617948429024
1.8756076482738 6.370296563068283 3.9475856399780698
0.23141175373004375 5.7168402927301685 2.4305879558818146
3.1355124862048283 5.7168402927301685 0.36760404637310423
3.1355124862048283 0.4784548607363459 0.30799511690199705
5.579416977585268 3.1355124862048283 0.5440557066080892
3.285782991430335 2.7630350648591393 1.2461604554372692
3.285782991430335 2.7630350648591393 0.736188090503052
4.978029898776622 5.579416977585268 3.2023565686154813
4.978029898776622 3.6473072247388214 2.7218632729812158
4.978029898776622 6.696471322516743 2.5761219855791317
0.23141175373004375 5.308130952915143 1.7402965411240334
0.23141175373004375 0.2562001333094561 0.23314694030060223
3.6629991151601016 4.6735022183522545 1.3548223736508422
2.1004459315935198 3.6629991151601016 1.6146412031924513
2.87454422600505 5.628414973105375 3.663248814573414
2.1004459315935198 5.644146506763601 3.6732965083104188
2.1004459315935198 5.644146506763601 0.9717395422412994
3.1166909869885946 5.990102621886749 1.9045769629975486
5.693353824220967 1.9412840443859882 0.7727043949131195
5.693353824220967 5.356537710940472 2.7197106089680743
2.8540938853412468 5.693353824220967 2.1772891673185466
0.24326441688147016 2.8540938853412468 0.6649490701199093
0.24326441688147016 5.249288116222761 0.9616195688291035
0.24326441688147016 5.249288116222761 0.8170621116553604
0.24326441688147016 2.611734794337537 1.0548220409685185
0.24326441688147016 2.611734794337537 0.2890821331230643
5.5771539831083565 5.6436911998116415 2.6299695669287546
5.80270490978371 5.5771539831083565 2.5027805881214213
6.692385889562285 5.80270490978371 3.2466378782366148
0.08873567022805462 6.692385889562285 2.476445764513237
5.440920691692252 6.0470265111400465 1.9478382504793461
0.08873567022805462 5.615986440921649 2.5865513913149716
0.08873567022805462 5.440920691692252 0.7691399795460465
0.08873567022805462 5.453464326311153 1.8605707272513217
0.08873567022805462 5.653790057954989 1.966291832075813
0.08873567022805462 0.7822018219936386 0.10260499326336607
0.08873567022805462 5.461991618906229 1.754445014318292
5.52944094082282 5.6078644893461735 1.966288566865862
0.08873567022805462 5.52944094082282 1.154157421769972
0.08873567022805462 4.929112992596149 1.9781570747499293
0.08873567022805462 4.929112992596149 0.13713944345173532
5.508146603713708 4.830978861439284 0.12088068320067294
4.61515663734464 4.379663353796438 1.7924228245285414
4.61515663734464 5.648988566730274 4.570955185894641
4.61515663734464 7.608983159361388 3.637224735108673
0.08873567022805462 5.108888669559079 3.14543720986447
4.61515663734464 1.6380911067624386 0.9393466651944483
4.61515663734464 5.670905800024091 1.8940575100443149
4.61515663734464 5.6617205994298025 3.3528955833267724
0.08873567022805462 5.615096361517942 3.622418141783943
0.08873567022805462 5.638608361028744 3.5959265550987123
0.08873567022805462 2.895110672580412 0.20099067032214865
0.08873567022805462 0.08873567022805462 0.08873567022805438
4.889697090361743 5.674784134834059 3.370616102023628
0.08873567022805462 5.6737608710643705 0.9473950659982975
0.08873567022805462 2.715026519439324 1.7981914468148386
0.08873567022805462 6.396228083864379 2.5262584937135815
0.0817752598233672 2.8193027246599702 0.20401222427420465
0.0817752598233672 5.673896085451183 1.84296792839464
0.0817752598233672 6.071495876565393 2.8098510241749053
0.0817752598233672 3.257232026710359 0.15381087098294144
0.0817752598233672 2.815954975969668 0.44370120029493165
0.0817752598233672 4.901953979569992 2.1571722447665485
0.0817752598233672 4.901953979569992 0.979860493903399
