4.633318958171589 7.7064594197679614 5.434618450893197
4.633318958171589 7.7064594197679614 5.757668563846872
4.633318958171589 7.5846499854827165 5.173695249336699
4.633318958171589 7.369070640220954 5.790184955810622
4.506602766156167 8.02936655203854 5.789532895931318
4.506602766156167 8.02936655203854 5.272148275773175
4.506602766156167 8.187554966500084 4.812090016489287
4.506602766156167 5.758587144337945 4.966320666987483
4.506602766156167 3.5686279321464203 4.47206487614129
4.506602766156167 7.778180982094119 5.800683982977336
2.7902281494432093 7.778180982094119 5.261938592475189
2.7902281494432093 7.749504626399599 4.6226872173729046
2.7902281494432093 6.285434463572397 3.707106855550023
2.7902281494432093 6.562282896869792 4.246782561859093
2.7902281494432093 6.2940382455348 4.925976160844455
2.7902281494432093 6.2940382455348 4.606340245742738
2.4934125430158045 6.2940382455348 3.864544397107279
6.281908621005975 6.2940382455348 3.6867596671344063
2.4934125430158045 4.297150091946932 3.348201348403702
6.281908621005975 4.297150091946932 3.24467157889162
2.4934125430158045 3.5048665002025143 3.197756962376883
6.281908621005975 3.376585443541807 3.0510746572554535
4.406773562728514 5.082183000884527 3.108453673895963
6.281908621005975 6.621600106842418 4.913682428633214
6.281908621005975 6.621600106842418 4.263981145647756
6.281908621005975 8.514587697869073 5.701515408714189
6.281908621005975 8.514587697869073 5.544337797968561
6.281908621005975 11.454452240672762 8.456852806296691
6.281908621005975 11.454452240672762 7.281912668715083
5.172274131204414 11.454452240672762 4.356124038690454
2.9932485123493966 11.454452240672762 4.438852317282369
5.172274131204414 4.562067366849234 3.965363609579334
2.9932485123493966 4.355866409610371 3.390643922903721
2.13918497182236 6.220386602405593 4.423171083396735
2.13918497182236 6.6732346680086785 4.538474124925731
2.13918497182236 6.6732346680086785 4.381939422818862
2.13918497182236 9.388785416291856 7.545304230575246
2.13918497182236 9.388785416291856 5.707921646736631
2.13918497182236 9.18019894538633 5.43234745732671
2.13918497182236 7.1692405715030905 4.638455762869303
2.13918497182236 7.1692405715030905 4.7576618707053235
2.13918497182236 7.587295038414135 6.0953709926433275
1.7435457232835074 7.587295038414135 3.2772622287399447
1.7435457232835074 7.703654335472262 4.134954985072636
1.7435457232835074 7.703654335472262 3.8110614359040667
1.7435457232835074 7.703654335472262 3.4000445755269353
1.7435457232835074 4.846655126033223 3.747676809325921
6.0256815086000515 4.6371206882791185 2.7890867313641774
3.0029722483045167 6.0256815086000515 3.7373766029873945
3.0029722483045167 6.0256815086000515 3.660368476060609
3.0029722483045167 5.680314071585737 4.985588829799579
4.356073793426187 5.680314071585737 4.101935831706417
3.0029722483045167 5.787866409102971 4.57788275593967
4.356073793426187 6.551652286223398 5.764086937509986
4.356073793426187 6.573734622600579 5.625286182016668
4.356073793426187 6.573734622600579 5.419063919322575
4.356073793426187 6.573734622600579 4.255368008345129
3.3264029117877425 5.94698483556736 3.656289765452359
3.195894413755362 5.258473357270649 3.3430776880582154
3.4585421340776894 3.820494637587523 3.3923598384366187
3.084579519870314 3.9462902253204217 3.5001870092119605
2.9965426890339235 3.963471807472463 3.4601479331908553
2.9058207539857617 3.963471807472463 3.136033080857008
2.9058207539857617 6.07645477559279 4.390778808565412
1.0662823475819079 7.538197794548752 4.002031208707576
5.35734571584457 6.58763292698135 3.016473645983205
5.35734571584457 6.58763292698135 3.2839185277919904
1.0662823475819079 5.35734571584457 1.890951625513492
4.953744985830568 5.35734571584457 1.215961208311798
5.5548373991567885 4.953744985830568 2.6969012611938017
5.5548373991567885 6.353059540962072 3.644263312271591
5.5548373991567885 6.353059540962072 2.751543558410954
1.0662823475819079 6.702755323670111 4.066558831903046
5.240697337551943 6.702755323670111 4.115477683180092
3.7470278967310944 6.385909919281374 2.2966547174273524
3.7470278967310944 6.385909919281374 3.4268463522831265
2.5311987954367194 5.978988413705892 4.531944592296959
5.684652883546747 5.978988413705892 2.275403542299578
1.4470142647243809 6.154237233931944 3.059192922877171
3.500781775226891 6.154237233931944 2.762819988591687
5.016391450583836 6.154237233931944 3.039728243364897
1.4470142647243809 5.016391450583836 2.5347335110746805
3.4908328084826974 4.990685167421649 2.8682809417725617
1.4470142647243809 5.56643459475568 3.8136845525893124
5.974853075705397 8.344414872327132 5.867550244189533
5.974853075705397 8.344414872327132 5.563886476144894
3.4908328084826974 8.344414872327132 5.940068959708206
3.4908328084826974 7.50723217144057 6.579078542091761
3.4908328084826974 8.251876409005943 6.341042204902785
3.4908328084826974 8.292717753838708 7.064591618239445
3.4908328084826974 8.292717753838708 7.505846301469246
3.4908328084826974 8.844455727579962 7.405278785123151
3.4908328084826974 8.844455727579962 6.031116593641082
3.4908328084826974 8.578448098593013 6.554118594236478
3.4908328084826974 8.578448098593013 6.181776078606946
3.4908328084826974 6.248258019499396 5.204010503556199
3.4908328084826974 7.065665435194939 5.296176920324085
3.4908328084826974 6.248258019499396 4.601266453993579
2.431513799409441 7.209935890683701 4.688347399648749
2.3180333698059177 6.6153723959062525 3.9908217070586454
