3.869492791953338 7.76846590638527 5.479037714230156
3.869492791953338 7.4845634981812825 5.279123284498254
3.869492791953338 7.4845634981812825 5.092532515612687
3.869492791953338 7.4845634981812825 4.049333034571667
3.869492791953338 6.560256614949626 4.165409709525837
3.869492791953338 6.560256614949626 4.007256344781635
3.869492791953338 6.560256614949626 4.634007258259297
3.869492791953338 6.560256614949626 4.2837492384081886
3.869492791953338 5.890553938000295 4.907524912528417
3.869492791953338 5.760957242959865 4.41291795128437
3.869492791953338 7.362694720343944 5.9829406307062865
3.869492791953338 7.531783968319626 5.2857801957603865
3.869492791953338 7.531783968319626 5.809488097043516
3.869492791953338 7.531783968319626 5.030226950266702
3.869492791953338 10.136419104963704 7.651695080419878
2.0244782365755296 9.692633082705461 5.020940508394769
3.0033861059774876 9.692633082705461 4.085742723136637
3.869492791953338 5.339995831731496 4.217936179776881
3.869492791953338 6.530754582139451 4.937058231211869
3.869492791953338 6.597642299889802 5.169939592069419
3.869492791953338 6.597642299889802 5.631611725727846
3.869492791953338 7.953095844572422 5.379972020209712
3.869492791953338 7.953095844572422 4.705188898540676
2.775512194883025 7.953095844572422 3.2717068236182496
2.775512194883025 7.953095844572422 4.767828881589736
2.775512194883025 6.639215461088753 4.610093437397547
2.775512194883025 6.639215461088753 5.48757366745208
2.775512194883025 6.639215461088753 6.193889499962451
2.775512194883025 6.638154042927127 6.052441662402845
2.775512194883025 7.768320214623207 6.126878885730243
2.775512194883025 7.768320214623207 6.21332386442554
2.775512194883025 7.768320214623207 5.817619335524734
2.775512194883025 7.768320214623207 5.373958226880744
2.775512194883025 7.277226475425747 5.255510866644667
2.775512194883025 7.277226475425747 3.759400373905237
2.775512194883025 7.277226475425747 3.567319832277089
1.7647249054424141 7.277226475425747 3.1088375531051455
3.398477772867889 6.727444287474491 3.5351272473069404
1.2080009802500347 5.952787581929339 3.6037834209891684
1.2080009802500347 5.952787581929339 1.4143099488985051
5.578043933106827 7.281115294479918 3.394550400962412
5.578043933106827 7.281115294479918 3.5884274610054603
3.4521558682392066 5.578201711265109 3.1731650215983898
3.4521558682392066 5.578201711265109 3.3547022125061785
1.2080009802500347 6.119958683393872 4.0913958853574455
3.4521558682392066 6.785976478878345 5.2680337456901505
3.4521558682392066 6.785976478878345 4.20660195499515
3.4521558682392066 5.671499761593928 4.474503860614731
3.4521558682392066 5.667698782184047 4.117040419256256
3.4521558682392066 6.174804400857514 4.163265834984638
3.4521558682392066 5.667698782184047 3.3924743120406338
3.712478399120315 5.667698782184047 3.422229808335645
3.007743924476966 6.081180891738196 4.401289783206606
3.712478399120315 6.244850009952174 4.738515429858401
3.5666165346021725 7.845743856650408 5.241322842765966
3.5666165346021725 7.845743856650408 5.955360564065749
3.048405292658711 7.590739726506785 5.326195885585505
3.048405292658711 8.022312458841974 6.15653013443613
3.048405292658711 8.639892270262315 7.015311271048777
3.048405292658711 8.639892270262315 5.121315011927439
3.048405292658711 10.351343324681064 6.71060349281807
1.8944469731224918 8.639892270262315 3.7968853920256294
1.8944469731224918 6.090511511165047 3.8070276712830418
1.8944469731224918 6.662124042349696 4.00765384644828
6.593890279738336 8.81185242873738 5.4930734476960605
6.593890279738336 8.81185242873738 4.212300672082516
6.593890279738336 4.389154607565345 2.7916524830382428
2.2438175911198432 6.593890279738336 3.5051195195008553
2.208154745824111 6.593890279738336 2.94303775377114
2.208154745824111 6.593890279738336 2.781782039732294
2.208154745824111 6.593890279738336 2.3445026368201036
2.208154745824111 3.311353820515571 2.5787254165654825
2.208154745824111 4.038178881259135 3.1365259145419615
2.2063654853814936 4.038178881259135 3.0898097457998195
2.2063654853814936 6.109846962518549 3.9119126547068204
2.2063654853814936 6.109846962518549 3.5536144440016124
3.067315261121838 4.461732551213689 2.6532946100737616
2.2063654853814936 6.10786591094033 4.372573203476051
2.2063654853814936 6.10786591094033 3.991009507887755
2.2063654853814936 7.483462172347087 4.812492041376018
2.2063654853814936 7.483462172347087 5.418472316009554
2.2063654853814936 7.654577668777998 4.14536977199806
2.2063654853814936 7.654577668777998 4.324139836746664
2.2063654853814936 6.857610520154665 4.61960272604825
2.2063654853814936 6.857610520154665 4.194310468595722
2.2063654853814936 6.857610520154665 4.064275177953018
2.2063654853814936 6.857610520154665 4.152743111753865
2.2063654853814936 6.166260840896015 4.150700282936638
2.2063654853814936 5.64428125320546 4.24045820321157
2.2063654853814936 5.678591469501171 4.234708199357939
2.2063654853814936 5.678591469501171 4.2374160441679996
2.2063654853814936 5.64428125320546 3.1731415482106566
2.2063654853814936 5.64428125320546 3.1797426963238586
2.04636317150996 6.585872297244393 3.8805472357045856
1.257213118023437 6.585872297244393 3.566127777578369
1.257213118023437 6.585872297244393 2.2250068312898894
1.257213118023437 6.010804951777917 2.5627853376061727
1.257213118023437 2.999332720951291 2.3355712606452905
5.314380335120575 2.999332720951291 2.019621275318652
1.257213118023437 5.314380335120575 2.227625723940493
