3.2113333130453765 7.369357762186079 5.29690726590264
3.2113333130453765 6.533993301726515 2.6805222880440773
4.740968973127867 3.2113333130453765 2.1435978169433425
3.1224886218294228 4.740968973127867 3.167161080220179
0.03739739363969763 5.33391661828103 2.8557486369782357
0.03739739363969763 3.1224886218294228 0.06824830592159468
0.03739739363969763 4.92554697623174 1.6016052600691533
0.03739739363969763 0.03739739363969763 0.03739739363969763
0.03739739363969763 3.165408675215169 1.171955959389916
0.03739739363969763 5.659931618089718 1.9442380296403265
2.7109195497789007 5.124200606704914 0.5969457470768725
1.2305130392384993 7.753689683660584 4.109111932858374
2.8796650931137013 3.6543877752749627 0.41957083467970313
0.03739739363969763 5.588118557434946 4.083762858269224
0.03739739363969763 6.616012308127782 3.3185646525139565
0.03739739363969763 2.8796650931137013 0.35004684058183777
0.03739739363969763 2.6231336265088427 1.1764122323994424
0.03739739363969763 2.4341608108829154 0.06136502781212956
2.9130457601471744 5.602931816369356 2.196151259593685
0.03739739363969763 2.9130457601471744 0.698796517936418
3.1995478694314845 0.03739739363969763 0.03739739363969763
5.329459889656064 3.1995478694314845 1.5930565243024304
0.03739739363969763 5.329459889656064 1.5500903943035
0.03739739363969763 7.591481026595359 1.2460507749126015
0.03739739363969763 0.03739739363969763 0.03739739363969763
4.962065127922205 5.581217920084072 1.9212152331409313
0.03739739363969763 4.962065127922205 1.4501927860468584
0.03739739363969763 5.602954554969063 2.0897489557293665
0.03739739363969763 2.675637241877269 0.9987218205979194
5.627657679178498 0.03739739363969763 0.03739739363969763
0.03739739363969763 5.627657679178498 0.7641312307597419
0.03739739363969763 5.592674091647659 1.8150859370022474
0.03739739363969763 1.9973396793091074 0.35027221974039774
0.03739739363969763 1.7774394846834665 0.6512864119475339
0.03739739363969763 3.681840142938445 1.614274336632318
0.03739739363969763 3.2043614346739457 0.6628925606521573
0.03739739363969763 0.03739739363969763 0.03739739363969763
0.03739739363969763 0.3225377955782709 0.11153389814372641
0.03739739363969763 6.540363230224003 2.748361725918055
0.03739739363969763 3.874162055269615 1.1116914988960744
3.669991188705272 4.67000605301595 1.1473099058942804
2.9193658615699865 4.1185586560376315 1.897229416213521
0.03739739363969763 2.9193658615699865 0.9810048526970745
5.555489038204371 5.667889680952257 2.2624814165498632
3.651258706468625 6.6382224898960125 3.4816799321475393
5.0131151072019655 3.651258706468625 2.0887281697306426
0.03739739363969763 5.0131151072019655 1.2813268220302632
0.03739739363969763 5.0131151072019655 1.104858971066046
0.9179752429422803 5.262601843090142 2.2210604754210905
0.03739739363969763 5.655163265441896 2.0027323647393938
0.03739739363969763 4.959476487819948 1.204868749651008
0.03739739363969763 3.1447760200929236 1.093906126633794
0.03739739363969763 3.1890065781901 1.4533563625601627
0.03739739363969763 3.1439887769087744 1.709506537521743
3.020341160707741 1.0269619095770328 0.36395368389901817
3.020341160707741 5.626937175453445 4.10807019941107
0.7829531186364744 5.155418535681061 2.5473798315460043
0.7829531186364744 3.020341160707741 1.2515637897288467
0.7829531186364744 3.020341160707741 0.872293538101501
5.848035327630313 5.814989456810125 2.4435251102337796
5.553572073164517 7.2850859970611594 4.118790886451708
0.7829531186364744 7.371012962772495 5.5696957598025305
3.191445612802941 7.371012962772495 1.4794064667202074
0.7829531186364744 7.371012962772495 1.4247243398272955
0.7829531186364744 5.296259520803368 2.9571023205705735
0.7829531186364744 5.849939619259487 3.6373863296567084
0.7829531186364744 5.849939619259487 2.9094742981446933
0.7829531186364744 5.414373250606221 1.1143162427427395
0.7829531186364744 5.635758525686885 2.653220327760672
0.7829531186364744 5.844166530059958 1.9899516521097909
0.7829531186364744 5.844166530059958 1.9558429484615467
5.4963277593493345 5.3998431287263 2.1299038999850164
5.4963277593493345 5.3998431287263 2.832028584503476
5.026159108250464 5.668770380325771 3.1745232231514477
3.795473852966446 5.668770380325771 2.0233019231275016
3.795473852966446 5.026159108250464 2.958042306962776
3.795473852966446 6.053834809279419 3.8099430665385148
3.795473852966446 7.528969589002855 5.205119735998587
3.795473852966446 7.528969589002855 5.166636173515036
2.9991984332498167 6.524321904670291 1.80754937098399
4.228186591954959 7.473821340531472 4.1403910485021225
3.795473852966446 7.473821340531472 3.4197819897494837
3.795473852966446 4.746708886018933 2.6295869468645505
3.795473852966446 6.283926942702777 2.8443897901569937
3.795473852966446 5.56398272284839 3.126425510178149
2.58806200466929 6.654567481878736 5.729627788253892
2.58806200466929 6.654567481878736 3.9415233932904146
2.58806200466929 6.6192810478098245 4.053748684464411
2.58806200466929 5.22481157089106 3.945993134809551
2.58806200466929 5.94005136519705 4.303704703872446
3.4039701381472196 5.94005136519705 3.1367853450398933
5.151014039208487 5.94005136519705 2.433186521191374
5.151014039208487 5.887962951165765 2.4279517660507395
0.17228861836744658 5.905085727500019 3.4542721676841643
2.096231593528753 3.0707936780303027 0.9958834261743676
0.17228861836744658 4.9275597291343125 2.385029143091148
0.17228861836744658 3.2651600347426037 0.7782494169328938
2.907629295083343 1.9651681494967446 0.2081462089900322
2.907629295083343 5.533356701306406 3.206105035360249
0.17228861836744658 5.533356701306406 2.341613431966353
