2.176183441163524 7.771736561152968 5.510969054244736
5.435662328883065 7.771736561152968 4.461410116903448
1.9871450063416174 7.748964214133013 2.997674103381848
5.435662328883065 6.52390483716928 4.176920225308587
5.435662328883065 6.52390483716928 4.157983456555
1.9871450063416174 6.52390483716928 4.472411475346294
5.435662328883065 10.097940750005058 7.233068812884238
1.9871450063416174 10.097940750005058 4.756355518684499
1.9871450063416174 10.097940750005058 5.194776897553031
5.435662328883065 10.097940750005058 5.238777267761382
1.8179185366280248 6.301111735525595 4.5948861461065995
1.8179185366280248 7.6207119203771825 5.139621700487919
6.1245577886110745 7.750084740053097 4.234544994558528
3.6855309762313166 7.750084740053097 4.377335905312233
5.46778385093954 6.1245577886110745 3.9350623172658037
2.0348324878855952 6.1245577886110745 3.7196877406779008
2.0348324878855952 7.458721463361844 6.51896109601814
2.0348324878855952 7.568903570543519 6.33917926293438
2.0348324878855952 8.650223005199924 6.830279327685584
2.0348324878855952 8.650223005199924 6.4489424214647375
2.0348324878855952 8.650223005199924 5.435788529416889
2.0348324878855952 6.822634398734456 4.500594788457514
2.0348324878855952 6.822634398734456 5.462168780613732
2.0348324878855952 6.562857368157129 5.606435266535266
2.0348324878855952 6.562857368157129 5.128021289178033
1.7048389323636397 6.562857368157129 3.0378615723326607
2.7030242468254007 6.562857368157129 3.9424340634363255
2.7030242468254007 6.120745391481044 4.081175085963227
2.7030242468254007 6.120745391481044 4.453560362744018
5.013106618286379 6.120745391481044 4.095810004429618
5.013106618286379 5.471753966450585 4.294063331095227
2.7030242468254007 5.471753966450585 3.8244454968840222
2.58245936168218 5.120030001041787 3.5834705925778785
6.078174936066215 4.988899144771803 2.9093392596483567
2.5807783236522828 5.057291243322403 4.153079013838431
6.078174936066215 5.057291243322403 4.751230403745879
6.078174936066215 9.559805411004099 5.779965841219751
6.078174936066215 9.559805411004099 4.384727835145898
6.078174936066215 7.3850162877748815 4.691983646807433
6.078174936066215 7.3850162877748815 5.354031407827808
6.078174936066215 7.3850162877748815 5.392969989083436
6.078174936066215 7.4061424727907585 5.709028007453273
6.078174936066215 7.526371443808802 5.6137020900354875
6.078174936066215 7.526371443808802 6.246470413821847
6.078174936066215 7.526371443808802 6.705304352694883
3.527556072545029 7.70022739504528 7.174569260781247
3.527556072545029 7.70022739504528 6.381406763880783
3.527556072545029 7.70022739504528 6.2212237721458985
3.527556072545029 8.432759081216338 7.371273457378599
3.527556072545029 8.611126889223405 7.782326561448905
3.527556072545029 8.611126889223405 6.311957524270208
3.527556072545029 8.611126889223405 6.6150371367646
3.527556072545029 8.611126889223405 6.6161481636442785
5.012882127479198 7.46232870751653 5.4575664447139545
3.241783314379305 7.46232870751653 4.666627630632197
3.241783314379305 7.46232870751653 4.608099663984308
5.310548708622353 6.568193047792992 3.6942242221547805
7.660934859170977 6.605521909283571 5.292114533873281
3.241783314379305 7.660934859170977 5.69856577722021
3.241783314379305 7.660934859170977 4.849322279591467
3.241783314379305 6.841570704141187 5.434885806193529
3.241783314379305 7.660934859170977 5.762924230507228
3.241783314379305 7.660934859170977 4.374921588313573
3.241783314379305 6.98282063189982 4.54042287541329
3.241783314379305 6.202438145953817 5.427790892164727
2.219116315278161 6.202438145953817 4.359720908468804
2.1246481151598187 6.3750783639023005 4.2169951377452835
2.1246481151598187 6.115375788522133 2.4575201365666395
2.1246481151598187 6.665130187791014 3.8669222179521348
2.1246481151598187 7.091840845416021 4.409332892833841
2.1246481151598187 7.091840845416021 3.9672674922131637
2.1246481151598187 7.091840845416021 4.968981809574944
2.1246481151598187 8.564347173743771 5.715665128514917
2.1246481151598187 10.39494924663377 6.01393077342354
2.1246481151598187 10.39494924663377 4.871350694101358
2.1246481151598187 6.081007403860269 4.2766436923541
2.1246481151598187 6.081007403860269 3.766940998098036
2.1246481151598187 4.581467082885677 3.4135415827413977
2.1246481151598187 6.3705538451588595 3.9984417069997455
2.1246481151598187 6.3705538451588595 4.068539635184716
2.1246481151598187 6.3705538451588595 3.879759313292443
2.1246481151598187 5.319916632933392 3.7714484651076754
2.1246481151598187 5.319916632933392 3.1526080736780004
2.1246481151598187 4.559711857812275 3.6401279873494543
2.1246481151598187 4.559711857812275 3.919751767409809
2.1246481151598187 6.511944351427584 4.348615686882922
3.5285885621769357 6.539169766294613 2.9790314084255787
1.5255313524542875 3.5285885621769357 2.1877278637086333
1.5255313524542875 5.18820098040711 2.527008116422482
5.817628202825418 5.540824750804109 3.1658194233448413
1.5255313524542875 5.817628202825418 4.343519317964942
1.5255313524542875 8.980168350209173 6.876544260403981
1.5255313524542875 11.225023555493848 8.012075724668994
1.5255313524542875 11.225023555493848 3.058842400270031
1.5255313524542875 11.225023555493848 2.235658817389397
3.9363646520241145 5.630865573082428 1.6907455296960574
1.5255313524542875 4.972583606383591 3.0419186767872652
3.160922006057341 4.972583606383591 1.7445358931736008
3.160922006057341 4.160264954760603 2.9067142965311645
1.5255313524542875 4.329819122350333 3.260214501489508
