2.1792460924220802 7.77477832176319 5.401526233540267
2.1792460924220802 7.544619491378699 6.3672343200611525
2.1792460924220802 10.612639204547053 7.416122574354242
2.1792460924220802 10.612639204547053 6.369322498409023
2.1792460924220802 10.612639204547053 5.65090712849565
4.969069207379203 8.320051478571026 4.729896690396321
4.969069207379203 7.723838451353048 1.0317327307570983
0.5224648095799336 4.969069207379203 3.2518365159709477
3.0840192759007583 4.629421300710639 1.769180332042471
3.0840192759007583 3.1695701247935735 1.5767558801424213
3.3638698901985085 3.1695701247935735 1.8173428933953875
3.3638698901985085 7.634547781945518 4.171711091031961
0.5224648095799336 7.634547781945518 2.3210310919885178
0.5224648095799336 3.3638698901985085 0.7536931172267098
0.5224648095799336 6.473562614851463 2.425409388635147
0.5224648095799336 3.294337467179162 1.4760517351096305
0.5301124313266965 3.294337467179162 0.7180071128326944
0.5301124313266965 4.914253019613618 1.7123153884585138
0.5224648095799336 5.733226793114351 2.1735291688409295
0.5224648095799336 5.733226793114351 0.574572429415279
3.1192153300015346 3.0016743070602243 1.2363334992833555
5.681288347902981 3.1192153300015346 1.345264584699527
5.551269594229662 6.758852206266928 5.016820356733533
5.40083147165884 6.758852206266928 3.397399357649409
5.280574810539026 6.758852206266928 2.8916752518460993
2.437114209224568 5.40083147165884 3.535739912891097
4.718216260783635 5.280574810539026 2.9966084151591748
2.502966827797025 4.972089613282918 3.9443269744509655
2.437114209224568 2.804071630170814 2.819076759278253
2.437114209224568 7.174227523654711 3.782997730156312
2.437114209224568 7.174227523654711 3.3236097156188613
0.6604811950279168 6.393560204903348 2.348828333204308
0.6604811950279168 5.532610484164106 3.1269798277959664
0.37745711737392584 5.532610484164106 0.9401709793368103
3.791467159918249 5.532610484164106 1.8120657737684505
4.933485782242425 7.612761777154349 4.992283586394214
4.933485782242425 7.612761777154349 4.150846870000155
0.6511173600271403 7.612761777154349 1.6765008189798096
3.561435209450402 4.933485782242425 2.2685484118178927
1.1261150404022477 4.933485782242425 1.518338410454161
0.6511173600271403 4.933485782242425 0.7233251377935503
0.6511173600271403 4.041036199724015 0.7189157368210793
6.504977673575333 5.696444225007973 3.8790391186253443
4.913585302287444 6.504977673575333 2.6913491670381884
4.913585302287444 5.696444225007973 3.655751339273446
7.3582623718533355 5.943791766937419 3.333170817633593
0.6511173600271403 7.3582623718533355 4.747397754277465
0.6511173600271403 7.3582623718533355 4.204285870460012
2.9518398676068327 5.634899595900709 2.082921387157259
0.6511173600271403 4.913585302287444 2.2011069004319874
0.6511173600271403 3.2148335113501187 1.1008381724078304
0.6511173600271403 5.177243120656879 2.1427779497450294
3.9399335701223603 5.177243120656879 1.611038141298921
0.6511173600271403 3.9399335701223603 2.373255921213738
0.6511173600271403 4.696728731682466 1.9999760523979824
5.584178926883922 5.127205009436512 2.4440553604344704
0.6511173600271403 5.127205009436512 2.698074326492838
5.584178926883922 4.1990605398955765 1.0678045408869006
0.6511173600271403 5.023433147607644 1.600108515658672
5.584178926883922 2.3796536484252404 0.9228144509769142
5.584178926883922 2.9116321586756304 1.420979925591159
5.584178926883922 4.536978890464155 1.6876000334734524
5.584178926883922 4.536978890464155 0.9053946776691418
5.584178926883922 5.725262800160717 3.6454849755537753
5.584178926883922 5.76421050444706 4.216180129627885
5.584178926883922 6.211766011240034 5.095083125940134
5.584178926883922 5.76421050444706 3.770830384319678
5.584178926883922 5.5060286499038185 2.2975218247768536
5.584178926883922 5.5060286499038185 1.9219894790497574
5.584178926883922 5.646780160764308 2.641169141998532
5.584178926883922 5.646780160764308 2.131001462923615
5.341168343125403 5.584178926883922 1.1754612814737437
0.6517104320376892 5.637475791301171 3.1728730928057383
2.9615724001235795 6.462346969761139 4.36490721857403
5.501914992442405 6.933776280729036 5.3139398167088014
5.501914992442405 6.933776280729036 4.391243604652662
5.501914992442405 6.933776280729036 2.560210722742903
3.3256337468200674 6.462346969761139 3.5972277195216686
3.1124022071247457 5.501914992442405 4.564270911397195
3.1124022071247457 6.553577424760821 4.872190186295103
2.3493338142036184 9.06799037513597 6.027674307821732
2.3493338142036184 9.06799037513597 5.44522582075371
2.3493338142036184 9.06799037513597 3.380757004689288
2.3493338142036184 6.266274936243079 3.8271714470432556
1.8602001010000575 6.266274936243079 2.9556532251759915
1.8602001010000575 3.2929984347901144 2.7352538152672587
1.8602001010000575 4.556769324867524 3.517001338206537
1.8602001010000575 4.983234790493153 3.9929645750187985
1.7764133437185774 4.983234790493153 3.0207171484506397
1.7764133437185774 7.000431767873916 4.8743476853588925
1.202578419921839 7.000431767873916 2.857538686127437
3.3411128844932745 5.288976419788337 2.466011925103569
3.3411128844932745 5.288976419788337 2.975836551212102
1.7764133437185774 4.510379505298765 3.5530921050825315
1.7764133437185774 5.377982672567015 3.937759649953327
1.7764133437185774 5.377982672567015 3.4235983640994494
1.7764133437185774 4.510379505298765 3.6436320950166334
1.7764133437185774 4.589509344247379 3.6496882799257766
1.7764133437185774 6.663078558951273 4.311956984453913
1.7764133437185774 8.598315045229155 4.537409573500367
