2.0987963341463893 7.692522751068456 5.559235972001301
2.0987963341463893 7.669425675654589 5.8745131568137605
2.0987963341463893 7.471700094260081 5.453818534680603
2.0987963341463893 7.471700094260081 4.3891161651228385
2.999111880484229 7.7477023973530805 4.936592369883979
2.999111880484229 7.7477023973530805 5.023270700210756
2.999111880484229 7.7477023973530805 5.229910723415994
4.033280792086927 6.1310355553832885 4.492754145063995
4.033280792086927 6.1310355553832885 3.5267675877877354
2.649407436852869 4.659304867826936 2.7173998975992064
2.649407436852869 6.213744514664896 4.179082838379294
4.033280792086927 6.5701555486499075 4.730873967660461
4.033280792086927 6.588202037166013 4.986861155392584
2.649407436852869 6.634879176119057 4.770716586087456
2.649407436852869 6.7645090432803325 4.90306657350028
1.5040940940637317 6.7645090432803325 4.782487829966688
5.698058209932622 6.7645090432803325 5.0957706103814004
5.698058209932622 6.465677042714486 4.777502240479978
0.2987979565324612 6.465677042714486 2.814748400262257
0.2987979565324612 6.674927680278007 5.1495507965053005
0.2987979565324612 10.340885680369686 5.727102111784771
0.2987979565324612 10.340885680369686 2.171869922378267
0.2987979565324612 5.495666755984992 1.353607217748086
0.2987979565324612 5.1915088552239155 2.156021533948929
0.2987979565324612 5.1915088552239155 2.293523214694483
3.2823453119375157 5.5975408707131855 2.1319223420482674
4.894364656756146 5.5975408707131855 3.3082576360125757
3.3004672054211643 5.475586082996344 3.87059944881921
4.894364656756146 5.145347944304106 2.8422329820710757
4.894364656756146 4.503091546928186 3.3124189082451907
4.894364656756146 5.455490078035634 2.95545434205365
4.894364656756146 7.0617568616658115 4.115673626749538
4.894364656756146 7.0617568616658115 3.4462057366161933
4.894364656756146 5.188458838898697 1.4351343602795652
5.652902607355845 5.657641715632959 3.6790175425581397
2.9273558259911963 5.652902607355845 1.4735439335384948
0.3175521999628974 4.894364656756146 2.645965200809055
0.2987979565324612 6.4195599924441815 3.157517229055239
5.337752120372368 6.4195599924441815 1.408845633986774
1.5534849156803614 2.9967670333073007 0.33475082315011534
2.7747510951774044 5.337752120372368 1.3903385549212879
0.2987979565324612 2.7747510951774044 1.458581099587388
0.2987979565324612 3.9375347096944933 1.764097274033161
0.2987979565324612 4.982990280596972 1.79774516512253
0.2987979565324612 3.3893681754198437 1.318691621991409
0.2987979565324612 3.3893681754198437 0.32971207022381294
0.2987979565324612 1.4453703602487704 0.6198443236207417
0.2987979565324612 1.4453703602487704 0.33320328265145455
0.2987979565324612 2.301144840447741 1.0596950081514043
0.2987979565324612 5.058521531785281 1.99720308320617
0.2987979565324612 5.058521531785281 0.39400075370833754
0.2987979565324612 3.2478955070808024 0.8703225586744687
0.2987979565324612 3.2478955070808024 0.36051820496938025
0.2987979565324612 3.823673472148784 1.3210178642772532
0.2987979565324612 5.242713167749102 2.024101718457842
0.2987979565324612 5.626842263473062 1.4652569774276714
0.2987979565324612 0.2988107413489094 0.2988070275314931
0.2987979565324612 2.7850178629749256 0.6468783638814698
0.2987979565324612 2.787455955111231 0.6223056991599915
0.2987979565324612 3.2971364464615083 1.2231910993597952
0.2987979565324612 3.2971364464615083 0.35877162775078175
0.2987979565324612 3.190780306978674 1.6864719808104771
0.2987979565324612 3.190780306978674 1.184176708543662
0.2987979565324612 7.61602953194226 2.3265527983110634
3.458239272475016 5.427782283785323 1.4610611460787726
0.2988048380477548 3.458239272475016 2.624128729619395
0.2988048380477548 3.458239272475016 0.619483514980567
0.2988048380477548 5.7132383549892225 2.4657574677578857
0.2988048380477548 5.7132383549892225 0.4318778574951157
0.2988048380477548 1.9132821621452192 0.7836452731895409
0.2988048380477548 5.679407901320765 2.8299018528765534
0.2988048380477548 5.679407901320765 1.8969034707594168
0.2988048380477548 0.29953607027208706 0.2995141333053567
0.2988048380477548 5.089010517321764 1.518061272408088
0.2988048380477548 5.089010517321764 1.2457804398425845
0.2988048380477548 6.200782133976215 2.1411793883614036
0.2988048380477548 6.200782133976215 2.2197074824006804
0.2988048380477548 5.4571342486893535 2.363046437449945
0.2988048380477548 5.4571342486893535 0.4719816166091696
4.223384266888747 5.4571342486893535 1.5446130240813025
0.2986395035530163 4.223384266888747 1.907260775938385
0.2986395035530163 6.935880388520699 2.745497202448625
2.5211917613463872 6.059487459455855 2.0540280240545483
0.29778447534025476 6.059487459455855 0.8868613219757809
4.99963838378012 0.7219629559763878 0.35928834281124045
5.665967596468526 4.99963838378012 1.4626039072100148
0.33100729347517843 6.185168985420226 4.442977548220956
0.33100729347517843 6.185168985420226 1.3789992873604555
0.33100729347517843 3.5906365169549734 1.2610345996337662
2.5723516211665154 3.5906365169549734 1.3756473087163876
0.33100729347517843 3.307606478788149 0.76421526431275
2.861650379643884 3.193622694341095 2.3034105466679167
0.33100729347517843 3.193622694341095 1.5456513984850857
0.33100729347517843 3.5725101319517987 1.6465052013602213
0.33100729347517843 3.5725101319517987 2.0993769060733136
0.33100729347517843 4.142513168005216 0.6063681986557072
0.33100729347517843 0.6492614861163877 0.34373746118082665
0.33100729347517843 0.6492614861163877 0.33418983540159025
0.33100729347517843 0.6492614861163877 0.3341898354015903
0.33100729347517843 4.945071130368387 1.8821911531621984
