7.5018397502332395 7.734613529183967 5.66936421216593
7.5018397502332395 8.92686362886665 5.6925619326187435
7.5018397502332395 8.92686362886665 4.352260487241159
7.5018397502332395 5.7887166677463 2.4950630107458966
7.5018397502332395 6.493628906765679 3.702837121275832
7.5018397502332395 6.493628906765679 3.2329733403721947
5.703838808484171 7.5018397502332395 2.8230193060247184
3.3297134578227454 7.5018397502332395 3.1774331021586675
2.1261376531148355 6.409363296397167 5.006774900142456
5.193572150511699 6.409363296397167 5.273983885989142
5.193572150511699 6.409363296397167 4.717112074844496
5.193572150511699 7.154088687434255 4.209032741589116
5.193572150511699 7.154088687434255 4.505327015212041
5.193572150511699 7.045157281096484 5.102375746778648
5.193572150511699 7.192073567266352 5.672416568078208
5.193572150511699 7.192073567266352 5.63320923405868
5.193572150511699 7.192073567266352 4.667145036498948
3.810345414818926 6.420735727957979 4.454964698057
3.810345414818926 6.420735727957979 3.9073745102742317
3.0169393138912004 6.420735727957979 4.102578525262897
3.0169393138912004 6.627756096735958 4.650365728930888
3.0169393138912004 6.627756096735958 4.889998839245642
3.0169393138912004 6.9275689305816055 5.263235491810551
3.0169393138912004 6.9275689305816055 4.7121230568195385
3.0169393138912004 5.755573244959365 4.490394340382154
3.0169393138912004 5.755573244959365 4.107174057226594
1.7158193295165032 6.416954431134965 4.057628800559352
2.4953760336229363 6.416954431134965 4.39856131893605
1.7158193295165032 6.416954431134965 3.8599268182670454
2.4953760336229363 6.416954431134965 3.6415945374551875
2.4953760336229363 7.315886892938421 5.46026756806087
2.4953760336229363 7.315886892938421 4.443406482252791
2.4953760336229363 6.919570786962852 4.710142933813552
2.4953760336229363 6.919570786962852 4.642444928158252
2.4953760336229363 6.919570786962852 3.774577236481906
2.4953760336229363 4.769675040547895 3.1846222080053566
2.4953760336229363 4.099986231519129 3.0582250642524254
2.4953760336229363 7.166177338289623 4.456834857909016
2.4953760336229363 7.166177338289623 4.674003222579516
2.4953760336229363 7.504763899709133 5.4105208868042824
2.4953760336229363 7.504763899709133 5.415958867385879
2.4953760336229363 7.504763899709133 4.397584083031116
2.4953760336229363 7.106344751716119 4.085871769306644
1.4159648719405067 5.987549013772998 3.41708811707683
2.4953760336229363 7.729746622608152 4.6799342784240165
1.3514536604806833 5.987549013772998 3.6582415458645636
0.6060420739745074 5.984658726417106 2.125656377928229
0.6060420739745074 6.5854202786948655 2.6301900000921337
0.6060420739745074 5.635470938918427 2.8804764499510638
0.6060420739745074 6.378093629442535 2.5883407643482794
0.6060420739745074 3.2640765665749822 2.2418865666592014
0.6060420739745074 3.2640765665749822 0.7910249000246827
0.6060420739745074 5.2797150385386935 2.420820005573298
0.6060420739745074 5.084389130585528 3.420679364069075
3.0764670509228655 5.299348213740178 2.5518856452549765
0.6060420739745074 5.679434949952611 3.721809738762966
2.6234606830697946 5.688753816300128 4.518595732020273
0.6060420739745074 6.634680478199556 3.718000143000466
0.6060420739745074 5.688753816300128 2.270991621940627
2.6234606830697946 5.688753816300128 2.5219649021465154
0.6060420739745074 5.502221519326735 1.1272680768474186
2.6234606830697946 7.740180540095862 2.384257952039209
2.6234606830697946 7.740180540095862 2.1984699191673345
5.661605925076458 5.240349073424721 2.1758942901197904
5.661605925076458 5.126747671264074 2.120043309488929
5.5087991056412875 5.661605925076458 3.256312555399505
5.7290629047324515 5.5087991056412875 2.548837289808549
5.7290629047324515 4.206618410896329 2.768131556791935
2.7611085884298174 5.7290629047324515 3.818394773773609
2.7611085884298174 6.326991147584533 3.9643197331000564
2.7611085884298174 6.326991147584533 3.841714102296808
2.7611085884298174 6.326991147584533 3.327339429149161
2.7611085884298174 5.98378074671788 1.9438417622913031
2.7611085884298174 5.98378074671788 2.317780022039935
0.6060420739745074 5.024912293352564 1.8190644099880657
5.508487634555959 5.684574399858317 2.4190172755521915
4.334077925138281 5.508487634555959 2.8549815496308066
4.334077925138281 6.494464484134301 3.6622404766943704
2.7410355666210404 6.565199278789173 4.864390266869247
1.2532764088948238 6.565199278789173 3.8493768494319864
1.2532764088948238 6.565199278789173 2.7520685044890043
2.7410355666210404 5.569440120835225 4.409158302835936
1.2532764088948238 5.569440120835225 3.5107875651851885
2.7410355666210404 5.840761307520893 2.7973798780269914
2.7410355666210404 5.840761307520893 4.1024291488490086
1.2532764088948238 6.816276283178562 4.655437796942704
2.7410355666210404 6.816276283178562 3.1270108456426744
2.7410355666210404 6.816276283178562 3.212064140678895
2.7410355666210404 6.407362204197447 4.61164751410894
2.7410355666210404 8.288170339535515 4.826712962787724
5.778963207149225 8.288170339535515 2.512567270502256
2.7410355666210404 8.288170339535515 4.015216133248596
2.7410355666210404 8.288170339535515 4.5065110390152725
2.7410355666210404 6.0114608772074085 4.159102407059297
2.7410355666210404 6.0114608772074085 5.2244242326742985
0.7776972625523482 6.0114608772074085 2.838661702343515
0.7776972625523482 5.325902945297791 2.529634175909606
0.7776972625523482 5.325902945297791 0.8392573649293792
0.7776972625523482 0.9922142355536043 0.8018286341107376
0.7776972625523482 3.9803725719960004 1.1001099632267277
