0.8870893768431647 7.763750854650139 5.4821277854458925
0.8870893768431647 7.763750854650139 4.741948540387632
0.8870893768431647 6.917914475223045 4.425983100019024
0.8870893768431647 5.7788923070066005 2.838853364718876
0.8870893768431647 4.9767444401423795 2.861744705984033
0.8870893768431647 5.064740338388244 3.439558213574953
5.291716655534199 5.064740338388244 2.025840546632293
0.8006459353790061 5.291716655534199 1.9667615900504802
0.3867832913385638 5.291716655534199 1.0578013139097013
5.865416070977748 5.533411295460745 2.182029899949923
0.8006459353790061 5.865416070977748 1.9596856645530312
5.698303268849802 5.865416070977748 0.894648269281308
5.698303268849802 5.865416070977748 0.8016301194501416
0.8006459353790061 5.698303268849802 1.3393882420607954
0.8006459353790061 5.698303268849802 2.436808044889344
0.8006459353790061 4.940496694775252 1.1312048261454097
0.8006459353790061 3.450778293886842 1.012656524059635
5.221840175149541 5.6504140799513145 2.4760684281186696
7.746776229959995 5.6504140799513145 2.9774640538293333
7.746776229959995 5.452045711620247 3.7735226969559714
0.8006459353790061 7.746776229959995 3.364223543572397
0.8006459353790061 7.746776229959995 4.312981633203026
3.3033146745956903 5.84389370521091 2.7147294489660085
0.8006459353790061 6.61222600379277 2.4803028106878546
3.3033146745956903 6.61222600379277 0.9391073374832081
0.8242946595661604 3.3033146745956903 0.9730358604679344
3.131466737503026 4.52377340208454 2.0821174320224123
3.028786130018521 4.52377340208454 1.6272666373222322
5.40446746105243 6.790472104875967 4.790179487434338
5.40446746105243 6.790472104875967 4.959898502610008
5.40446746105243 7.713371858518906 5.383949291538837
5.40446746105243 6.59494062945533 3.9872780287186096
5.40446746105243 6.363735885896119 2.6672786826993296
2.5400232465392 6.363735885896119 4.163043065897047
2.5400232465392 8.346966509935472 4.948662401017658
2.5400232465392 11.685525724594967 7.096210977571651
5.452763151732835 11.685525724594967 3.596204271504025
5.452763151732835 11.685525724594967 4.248175484887496
5.452763151732835 7.254148533312533 4.669686444136249
5.452763151732835 7.254148533312533 3.755485787418985
5.452763151732835 5.86105385063108 2.9010789552947314
0.3799053949450806 6.620877334636724 3.0869947600523266
0.3799053949450806 6.620877334636724 2.302661339718978
0.3671364151830372 5.482800883520998 1.191916185067026
0.3671364151830372 3.2514757192431216 1.602580710987229
0.3671364151830372 5.445900305433369 1.4363766233710171
0.1050125713449046 5.445900305433369 0.3793615749295832
0.9735615232861048 5.266953241755282 2.6297058783831075
0.9735615232861048 5.306605369958984 2.940201043200345
0.9735615232861048 5.593118301230199 2.1489648290112315
0.9735615232861048 5.593118301230199 1.4404635225446996
0.9735615232861048 5.369774630802862 1.774667301662089
2.529738082901837 4.492853008017825 1.6485361011486537
2.529738082901837 4.492853008017825 1.533135535524357
2.529738082901837 5.627543665141825 2.0328981068974095
2.529738082901837 5.627543665141825 0.7749729138064558
2.529738082901837 3.0022837575222465 2.43999551195119
0.2098077038646129 3.0022837575222465 0.6996748425866399
5.615572189855168 3.2235832325545855 1.2628840256958844
5.615572189855168 4.688222362322151 2.717378120893622
5.602426220944043 5.615572189855168 2.6354038371128854
3.644363536582628 5.602426220944043 1.4807201185935184
0.2098077038646129 3.644363536582628 1.1743666886579551
0.2098077038646129 4.925930304481515 0.6342587379201337
0.2098077038646129 5.685079945991177 1.852389376502581
4.358422245756582 5.685079945991177 0.42094669314538247
5.330216130056542 5.026600672961365 2.3195035396515755
0.2098077038646129 5.330216130056542 2.4492345553333292
0.9571568508610011 5.330216130056542 1.2202402964071604
2.6389005608352076 3.2177673276841827 0.3972018816887302
2.9107614433567446 5.336953263293438 1.821643301697439
1.4880143327158106 5.542908380276938 1.5443074600253432
2.9107614433567446 4.926399435310728 2.273569060143372
2.6389005608352076 5.61899522759127 2.6127597325344447
2.9107614433567446 6.346052597687407 3.9193957375726494
2.9107614433567446 6.346052597687407 2.1800803119101086
0.2098077038646129 6.279770960727163 2.007167158389461
2.9505405054702476 6.705947584784209 2.1666622447059165
0.2098077038646129 5.6351777352683285 3.2937775905136197
2.9505405054702476 1.548403024227174 0.4759508604097761
2.9107614433567446 2.9505405054702476 1.9343311957645637
2.9107614433567446 4.5733923971959705 1.819630215964254
2.9107614433567446 4.243572599070074 1.734968466539232
2.9107614433567446 5.053955966115694 2.226994167153185
5.680049041307591 4.243572599070074 1.276576349691495
0.27230630125548716 2.9107614433567446 0.2986908526764993
5.131736746192743 6.8532041110866935 2.3781936004014743
0.27230630125548716 6.8532041110866935 2.910237477285901
2.4030155102377297 5.680049041307591 1.3254655038188576
0.27230630125548716 2.4030155102377297 0.42140403959860395
0.27230630125548716 4.652400471686068 1.816167337833283
0.27230630125548716 4.956095723892226 1.0005721712165008
0.27230630125548716 4.6094203208791455 1.61838874800832
0.27230630125548716 3.7375607724249247 2.009516518392557
0.27230630125548716 3.7375607724249247 2.0989793646689514
0.27230630125548716 3.211203561306928 1.6328204928703647
0.27230630125548716 5.18195867071255 2.7586720448705093
0.27230630125548716 5.5120124349069926 2.9344183713424696
0.27230630125548716 5.564681670128714 3.4419441323604287
0.27230630125548716 5.564681670128714 0.41889254251357905
