5.020587898207083 7.728542986493618 5.264199831077446
5.020587898207083 7.609611517064263 4.072472488157041
1.8437052039407011 7.0504509450763635 5.293475303489198
1.8437052039407011 7.187902221066576 6.051847738855682
1.8437052039407011 7.421103791590108 6.191287253385258
1.8437052039407011 7.421103791590108 5.452850241288352
3.1631251450412354 7.421103791590108 4.950502407566916
1.8437052039407011 6.189597621948547 5.026544092744159
1.8437052039407011 8.055955721797506 5.454434011760238
1.8437052039407011 8.055955721797506 5.1538694752235354
1.4019282842701952 8.055955721797506 3.552495381330445
1.0976003990335106 7.305539976180977 3.302911813870354
5.598431115832643 7.305539976180977 4.293973808164967
3.16445399165011 6.820271428481524 2.4433909747657125
3.3812490400809776 5.766789730243495 3.3548535649073012
5.754886410715997 5.766789730243495 3.0959902102158683
5.754886410715997 4.467025121250121 4.002591912402182
5.754886410715997 4.467025121250121 3.5986613195303248
5.754886410715997 4.6206412587112276 4.948122805469798
5.754886410715997 6.108811290098998 4.852571454252826
5.754886410715997 6.108811290098998 4.887052027593408
5.754886410715997 6.710953156851431 4.515256639803664
5.754886410715997 6.710953156851431 4.680794931025827
5.754886410715997 6.288886026548052 3.999255252272588
3.1221507389039656 6.288886026548052 2.403679026911973
3.1221507389039656 3.5537612157081466 2.149477638387773
5.754886410715997 5.920729605802116 3.1354056082433965
5.754886410715997 5.920729605802116 3.1486918632539314
5.754886410715997 7.532982917712573 3.530162698192831
5.754886410715997 7.532982917712573 3.5129319385330473
5.754886410715997 6.166608080687787 4.098762996039998
5.754886410715997 6.166608080687787 4.221845973695483
1.9767594840511404 6.373144846683807 4.684393248640462
1.9767594840511404 6.373144846683807 5.361998660340397
1.7402628254057189 6.373144846683807 4.313485799240941
1.7402628254057189 6.9385558573439035 5.152888116382651
2.1195690147478925 6.9385558573439035 4.0815873062984425
2.1195690147478925 5.494728368231474 4.130211889040947
2.1195690147478925 6.42035725502738 4.559532655724977
2.1195690147478925 6.42035725502738 3.4703000880736
2.1195690147478925 6.42035725502738 2.7722806882006896
2.1195690147478925 4.894303924371268 2.899845880326268
2.1195690147478925 6.52500047670074 4.214392059470186
2.1195690147478925 6.52500047670074 3.890601549292698
2.1195690147478925 6.52500047670074 3.529357161942903
2.1195690147478925 4.357154163558963 3.4617236487268017
2.1195690147478925 5.796132493989447 3.9653481884887536
3.260010238979103 5.796132493989447 3.083813539947861
0.1769097721286852 5.207942645162383 1.5652313039200567
4.905579654273641 3.260010238979103 1.878817584367336
0.1769097721286852 5.17567273777675 2.7347960940453953
0.1769097721286852 5.17567273777675 0.8943130469555226
0.1769097721286852 2.3159918085334366 0.7330711015939216
0.1769097721286852 2.6183454905656487 0.9979273059362856
4.063448679760249 5.3214481791806385 1.5268346438332216
0.1769097721286852 5.16274696016044 3.3888940751327294
3.108675479743916 6.281530770587651 3.669045423272311
2.787350265199358 6.281530770587651 2.0667789050250702
0.1769097721286852 2.787350265199358 1.2474837124909524
0.1769097721286852 3.2501905885532882 1.1085266869168964
3.108675479743916 3.2501905885532882 1.8506479237492182
0.1769097721286852 3.108675479743916 0.4946721295063314
0.1769097721286852 0.1769097721286852 0.17690977212868486
2.657362064525128 0.1769097721286852 0.14932348640820625
0.1769097721286852 5.67416779230302 2.361059613800574
0.1769097721286852 2.942075120304445 1.1695221669141658
3.2154241275192743 0.6969400745480567 0.3329188628544964
3.6723808740580357 5.549868207599406 2.5510301569716134
0.1769097721286852 7.378598095473231 3.3345684059320093
0.1769097721286852 4.95699979029002 1.371932276669017
0.1769097721286852 0.1769097721286852 0.17690977212868486
0.1769097721286852 2.360950987883499 0.7850029625209589
0.1769097721286852 3.13376667140107 1.8610590101940305
3.238117689322714 5.650775160794712 2.7110539269990857
6.36904572770483 5.650775160794712 1.3249045983882626
0.1769097721286852 6.36904572770483 2.615113025907506
0.1769097721286852 4.699793610098926 1.915464677080769
0.1769097721286852 4.699793610098926 0.22213861050838726
0.1769097721286852 5.989657072696527 1.3394592322422534
2.6418075981348577 5.989657072696527 2.1987701498046444
0.1769097721286852 3.681125870128533 1.8093288450933762
5.256261032188551 4.4267677431589405 2.1527227430057727
2.6418075981348577 6.3619155077198855 2.778302644127663
0.1769097721286852 3.8065030767685255 1.0367380346039843
0.1769097721286852 5.256261032188551 0.983623749416362
0.1769097721286852 0.1769097721286852 0.17690977212868486
0.1769097721286852 4.375891201607459 1.9803655703987777
1.8052295841061405 5.674017972682581 2.052622737097918
0.1769097721286852 5.674017972682581 3.705729826103627
0.1769097721286852 5.218403417931736 0.9668859912438994
0.1769097721286852 4.931359254729003 3.7850191641406847
0.1769097721286852 4.931359254729003 1.4409779223678816
3.877305776605873 2.106313009895136 0.7364367110809564
0.1769097721286852 3.877305776605873 1.6525621173255252
0.1769097721286852 3.154669804923213 0.32010876600103944
3.1064265866534737 7.693483411225282 2.230473247245339
5.5460318393529064 5.391105806598208 2.4389566571915062
0.1769097721286852 5.5460318393529064 1.7936313352181497
0.1769097721286852 5.5460318393529064 2.33108380917885
0.1769097721286852 6.794705801350798 2.7257239975981764
