5.7973250258258595 7.695071694023197 5.373615038607853
5.7973250258258595 6.27251936833931 6.220876330986285
5.7973250258258595 6.27251936833931 5.933459150792474
5.7973250258258595 8.652976338321254 7.236918294637338
5.7973250258258595 9.024172303154709 4.925012664987277
5.7973250258258595 8.652976338321254 4.810054602246322
5.7973250258258595 6.564868664406696 4.265374832475166
5.7973250258258595 6.564868664406696 3.6155119064554744
5.7973250258258595 6.564868664406696 4.407867194914707
5.7973250258258595 6.564868664406696 4.227595936767214
5.7973250258258595 6.564868664406696 4.964308236897084
5.7973250258258595 6.863047857521542 5.2956378888999485
5.7973250258258595 6.863047857521542 5.419047653514886
5.7973250258258595 6.863047857521542 4.796657531921365
5.7973250258258595 6.863047857521542 3.9733644091144864
1.0925413323705802 5.7973250258258595 2.675761290642876
1.0925413323705802 5.7973250258258595 2.283590165648069
7.679011583877209 3.6576251112336924 1.754660211005468
1.0925413323705802 7.679011583877209 3.744415370252271
2.9778693958233586 7.679011583877209 3.657718467878808
2.9778693958233586 7.679011583877209 4.553426870821934
1.0925413323705802 6.6149409664896766 3.9068263259333604
1.0925413323705802 8.79763605054244 4.15028937068277
1.0925413323705802 8.79763605054244 2.5274047206138084
1.0925413323705802 8.79763605054244 3.611756263455892
1.0925413323705802 5.035815109039991 3.5996152965329755
1.0925413323705802 5.035815109039991 3.1831575764125013
1.0925413323705802 5.035815109039991 1.8388386606020202
1.0925413323705802 5.035815109039991 1.2316088119314534
0.5910214464860108 1.0925413323705802 0.9969879568142946
1.3651683782636366 1.3328049728689462 1.101835817532358
1.0925413323705802 4.430889384868038 2.207782094423328
1.0925413323705802 4.430889384868038 1.3631608657751184
1.0925413323705802 4.1591866382782 2.1777689301379253
1.0925413323705802 5.790108900799101 2.76360347169388
0.9335134717878906 4.1591866382782 2.01938164364192
0.9335134717878906 5.3650160991860965 2.7054329307848337
0.779319002464899 5.666618454861702 2.6541213171084745
5.257323994647269 5.666618454861702 3.078515302866128
0.9335134717878906 5.380574405716043 2.385988901777347
2.7133918007109554 5.041996252095288 1.8567442495679476
6.215225872086307 5.257323994647269 3.990877272288557
4.429485288888419 6.215225872086307 2.6774680915218094
4.900491650309949 6.215225872086307 1.044876287027886
0.9331651008030524 4.900491650309949 2.486087287848523
0.9331651008030524 4.900491650309949 0.972838366298121
0.9331651008030524 0.9331651008030524 0.933165100803052
5.61059367778083 0.9331651008030524 0.933165100803052
0.9331651008030524 5.61059367778083 1.4944565300403851
0.8343999133920836 5.61059367778083 1.0896625474485362
0.8343999133920836 5.698272206511998 3.1571413938832
0.8343999133920836 5.068797847361807 2.4635519918622593
0.8343999133920836 5.068797847361807 1.911975075686278
0.8343999133920836 5.67710159128708 2.021640838857332
0.8343999133920836 5.734172905310757 3.9862494701879223
0.8343999133920836 8.6747442749842 4.89166181834593
0.8343999133920836 9.354755889763945 5.494782320322129
0.8343999133920836 9.354755889763945 2.322687116078987
0.8343999133920836 6.2998358358647515 3.7568642966078802
0.8343999133920836 6.2998358358647515 1.2361965006823035
0.8343999133920836 5.612574241704699 1.8788221169556354
0.8343999133920836 5.612574241704699 2.580334452030815
0.8343999133920836 7.579787772704885 3.992350791755306
0.8343999133920836 7.579787772704885 3.1280173116117878
0.8343999133920836 6.055876467214286 3.8484801827579838
0.8343999133920836 5.615959838851225 4.325091801896547
0.8343999133920836 5.615959838851225 2.791958221951515
0.797908677699152 5.615959838851225 2.362341939379436
0.797908677699152 5.555453651621281 1.583261454267942
7.547921215051749 5.555453651621281 0.9737040625748817
0.797908677699152 3.398617335753596 2.286372633735118
0.797908677699152 7.547921215051749 3.2245519703763295
0.797908677699152 5.77171860495249 3.36509891962741
0.797908677699152 6.197559768222103 4.481082915947685
0.797908677699152 6.197559768222103 2.6800907584885216
0.797908677699152 5.55394016079989 3.1863515766045847
0.797908677699152 5.892580652625465 3.8322897914360015
0.797908677699152 9.447591820700387 5.930729957683887
0.797908677699152 9.447591820700387 5.847898540476774
0.797908677699152 7.812860627288938 3.9275631386383263
3.7848152435723006 7.5670948761838535 2.2085746926220797
2.795474700125251 4.511656645263649 1.7106579810875844
2.795474700125251 4.511656645263649 0.921267384420826
0.29979418025791604 3.7848152435723006 1.0896747401075357
0.29979418025791604 3.7848152435723006 1.5442950975628218
0.29979418025791604 2.5823439862961988 0.3226196783182985
0.29979418025791604 5.716600976534753 3.796352213215201
0.29979418025791604 6.001803451824188 2.233245475941029
0.028231471076971548 6.329737266422082 1.988178244383885
5.6695602595248324 6.329737266422082 1.2349654439378097
5.6695602595248324 5.161666483621353 1.7575266331375605
7.4484690794347 5.6695602595248324 3.187461895700991
3.1515724720957263 7.4484690794347 4.591114932463563
3.1515724720957263 0.2263176573742638 0.03021233293994447
5.175146065345579 3.1515724720957263 0.7465999013112861
4.901107272279862 2.9029667462344233 0.8044099953694842
0.028231471076971548 5.175146065345579 0.9705202008894652
0.028231471076971548 3.5083639292811033 1.2445236988019754
0.028231471076971548 0.028231471076971548 0.028231471076971548
0.028231471076971548 2.9325007346400374 1.8403664551415837
