6.538945226652473 6.533770077662307 5.220082694143432
6.538945226652473 7.589699789962918 4.335720137643046
6.538945226652473 7.746599677891446 5.718234069080917
6.538945226652473 5.900530139437532 4.721338359994319
6.538945226652473 6.460145913940089 4.903434627227281
6.427085183111224 6.777788760391811 6.168037009416992
3.5857813912461585 6.18722461576716 4.819857886447844
5.579357068272909 7.516289376815713 5.2151309955562795
5.579357068272909 7.516289376815713 4.656938231040931
6.371339218391874 6.466569040161083 4.688211950075763
2.671922793986948 6.559715160674617 5.09903542128081
5.983157199131654 6.479135499197408 3.604405059828961
2.671922793986948 7.6425029550067425 6.1355103929054415
2.671922793986948 7.121018833843859 6.025859977752724
2.671922793986948 7.6425029550067425 5.990871014934402
2.671922793986948 6.648968836253239 4.946808892107855
2.671922793986948 6.648968836253239 5.59045613351361
2.671922793986948 6.6581689811367255 5.393891448348809
2.671922793986948 7.274760481942499 5.845532994028835
4.420295061375722 7.661265367445123 5.234479497291605
4.420295061375722 7.661265367445123 4.44397261011406
0.6659458325916501 7.684389174488906 5.814024221752329
0.6659458325916501 7.684389174488906 6.107619017205921
0.6659458325916501 6.760397722681576 4.616072366153246
0.6659458325916501 6.760397722681576 3.8644703493728905
