4.921776509130538 7.663441764537891 5.384663561396651
4.921776509130538 7.038792338587486 5.076092000616592
5.70062523182396 6.875695365746399 5.96830328364344
5.70062523182396 7.566536630309793 6.213403586019038
2.8651683622535775 7.566536630309793 5.2893794921407835
5.3538704991388535 7.566536630309793 4.401785543028474
6.273597590684222 7.411548201633655 5.185777980269296
6.657484995697782 6.464571683244618 4.9101198584063095
4.566935091815463 6.298425635481543 5.643143901902512
6.657484995697782 6.416045314549603 5.263746959916732
5.92911756023069 6.657484995697782 5.1970492401855095
4.6484384324310675 7.188378343471676 5.999507008302678
3.3657340012188297 7.698308094782973 5.545479009436147
3.3657340012188297 7.698308094782973 5.1552005444225415
3.317060710420954 7.557866877461429 5.20766921039066
3.591460352291904 6.097710880787705 4.688656685683797
2.8738851373962544 6.70745176624747 4.479973408252064
3.591460352291904 6.70745176624747 5.251298828912232
2.8738851373962544 6.70745176624747 5.013656590323629
4.615161287652523 7.444311589948258 5.087408618117506
2.8738851373962544 7.444311589948258 5.434504335299913
5.716762996361727 8.198864557410461 5.550217330274214
2.8738851373962544 6.120906119809547 4.7750306561136915
2.8738851373962544 7.5152366154367485 6.234834609546832
2.8738851373962544 6.457110284058867 5.275268662370862
