4.780539534067213 7.74609644134617 5.59850383266664
4.780539534067213 7.74609644134617 4.537915814906273
4.780539534067213 7.7135215857225745 3.4142521872236404
6.551139582590903 6.484782197082662 5.2757533899423175
6.551139582590903 6.581835853415754 4.916420191807242
5.226061455949356 6.581835853415754 5.082674056455178
5.226061455949356 6.551139582590903 5.770919433138596
5.659849840819408 6.869674779662109 5.72000550442304
6.949125702330349 6.869674779662109 5.192155610148436
6.949125702330349 6.647287785014758 5.545800481445858
3.368049642855706 9.024015589478454 6.669614491739527
3.368049642855706 7.495526715607358 5.4456596734914235
3.359712101669246 6.556854705099646 5.705481485338078
6.531950142252612 6.963965644829161 5.0256784548363065
6.531950142252612 7.615473726129734 5.148498330400416
4.956805875057576 7.615473726129734 4.518534362759195
6.405039252079931 6.668734755866229 5.414556276043742
6.174376372836825 6.310809795177281 4.727002118310237
4.122179949586428 6.310809795177281 4.713100278109402
6.174376372836825 7.538354817050877 5.612749029361968
6.174376372836825 9.445229118080032 6.332514559442087
6.174376372836825 9.445229118080032 5.330329327340063
5.161172168555556 9.445229118080032 5.154662750887671
4.367265792162172 6.400154580745507 5.607319205161516
4.367265792162172 6.400154580745507 5.87172172456857
