3.380822214531126 7.719720591538529 5.32942505021712
3.380822214531126 7.736150892100257 5.322281853558363
3.380822214531126 7.719720591538529 3.977037676434636
6.875089098943819 7.719720591538529 4.036347550450914
3.380822214531126 7.719720591538529 5.4328391001533545
3.380822214531126 7.719720591538529 5.541707603005574
5.676276614244895 6.786872210638952 5.468499196546807
5.676276614244895 6.74352266932442 5.26576850649971
5.676276614244895 6.74352266932442 4.5589404153261075
5.676276614244895 5.938294864327229 4.431419377848446
5.676276614244895 6.665250053665691 4.879594726105941
5.676276614244895 7.648900056474249 6.019502410073354
5.676276614244895 7.648900056474249 6.087054831703675
5.676276614244895 7.292858783291013 5.752571091934673
5.676276614244895 7.390643034456877 4.380475981280467
5.676276614244895 7.390643034456877 4.964301380278337
5.676276614244895 7.390643034456877 4.22561578251
5.676276614244895 7.390643034456877 4.785934753765752
5.676276614244895 7.764315015955766 5.626456669814282
5.676276614244895 7.594120497349007 5.875718237302283
2.815964166332901 6.59262075950393 4.497423507974778
2.815964166332901 7.773016740328185 6.163916758749921
2.815964166332901 7.481929007640602 5.068369781818351
2.815964166332901 6.519993093702954 4.704779489693969
2.815964166332901 6.579366608806257 5.596226683309161
