3.9548158042685775 7.754213569358162 5.565820706579589
5.951058197530724 7.754213569358162 3.8939949037233896
3.9548158042685775 6.148069757781084 4.830332726432866
3.9548158042685775 7.078050504913895 5.621700660522396
3.9548158042685775 7.078050504913895 5.331444410255887
5.967867738581866 6.60423201956694 4.5391531291875795
3.0881654047610856 7.550573855623549 5.296224786926846
3.0881654047610856 6.962017248493819 4.780240276476455
2.986168185085248 6.962017248493819 5.2636579987883545
3.0881654047610856 6.710367309773073 5.49171218097249
3.3515792099694264 7.558921200365072 6.109542645806918
3.3515792099694264 7.671504663126068 6.456160612441494
3.0881654047610856 7.671504663126068 6.451731499622817
3.0881654047610856 7.671504663126068 4.958890327584076
3.3515792099694264 7.728391770855515 5.899948960081978
3.3515792099694264 7.728391770855515 6.9432854702733735
3.3515792099694264 7.728391770855515 6.184080937121698
3.3515792099694264 7.728391770855515 4.877858849327136
2.8955139849788094 5.336794092783659 5.29802571026512
2.8955139849788094 6.56089970896052 5.88654158493219
2.8955139849788094 6.659419089904354 4.9778808209635805
2.8955139849788094 6.659419089904354 5.791289230032366
2.8955139849788094 7.649230943533288 6.192213720525774
2.8955139849788094 7.179574621920381 5.9697398631533565
2.8955139849788094 7.665218308394664 6.163332492836438
