5.390590307547484 7.7659323886482685 5.457619308799183
5.390590307547484 7.278292372183799 4.397361187346625
5.390590307547484 6.656428950251694 5.395687191401058
5.390590307547484 5.922028740572117 6.409465654483157
5.390590307547484 7.603906688847699 6.260819105401842
3.8637738737265725 7.465464265783703 5.875011259164621
6.026189637996119 7.465464265783703 4.905816730481871
2.6962172459918716 6.745351977937467 4.693806998401127
5.479458200636909 7.427308954871037 5.876850426601525
2.6962172459918716 6.871949940943345 5.642640601647299
5.479458200636909 7.457647054296162 5.301437362552261
5.479458200636909 7.457647054296162 5.712645159328958
5.547826055917678 7.457647054296162 5.566692573045954
6.4928755572775785 7.453560482363338 5.090573526642799
5.116051455098642 7.453239883067393 6.375047336755268
4.39376976616748 7.361932640000948 4.316114812045881
3.4831026868925687 7.732041080754945 5.8848625566375805
3.4831026868925687 7.763549379745543 4.942562475219245
3.4831026868925687 7.763549379745543 5.778652049780382
3.4831026868925687 7.763549379745543 5.724974093674389
6.200937878408286 7.763549379745543 4.440550918358512
4.533047001981554 6.3981793153338415 3.688861181864783
4.096354415531376 7.57529959705729 5.969453534645096
4.096354415531376 7.57529959705729 6.300476118213302
4.096354415531376 7.57529959705729 5.850981538081621
