3.2247102291498995 7.764680128469381 5.4693362668845955
5.204910395998823 7.363034405717562 5.977990161438319
3.2247102291498995 7.363034405717562 5.236941955565238
3.2247102291498995 7.363034405717562 5.963865101797817
3.2247102291498995 7.727537588020658 5.477759268063075
3.2247102291498995 6.661081881230782 5.707927401214953
3.996084349036377 6.661081881230782 5.735456543176517
3.996084349036377 6.661081881230782 5.39586627494851
3.996084349036377 6.958449699574084 5.954024688403137
3.189386251862676 6.958449699574084 4.684368907146111
3.429962059391379 6.958449699574084 4.355244974085088
3.189386251862676 7.168637136475059 5.543111613787679
5.924327841299142 6.687082692339182 5.777543998371285
5.924327841299142 7.050564297235848 5.797273206111802
5.924327841299142 7.214519132263376 6.18507871627445
5.924327841299142 7.214519132263376 4.700076654605113
5.924327841299142 7.214519132263376 6.216930177494836
7.223654097221409 6.818859714463111 4.6934757245488985
5.924327841299142 7.223654097221409 5.759290736020208
5.924327841299142 7.223654097221409 5.500172018723367
5.924327841299142 7.705930655732086 6.324461288072082
5.924327841299142 7.705930655732086 6.354832088247243
5.924327841299142 9.663368173008829 6.8864681132322225
3.0984082573671263 9.663368173008829 5.368624257204983
3.0984082573671263 7.1026641448625565 4.913873570147036
