3.2324237944435557 7.670065458115122 5.57778083186901
3.2324237944435557 7.756356794974687 5.659695738727908
3.2324237944435557 7.756356794974687 5.937328250771843
3.2324237944435557 7.589878612922767 6.239818485279759
3.2324237944435557 7.594457910265696 6.23923763617659
6.089119568190306 7.594457910265696 4.047799248470003
4.254261995732779 6.152834039133129 5.380064493769357
4.254261995732779 6.354109315552364 5.27762623111695
4.254261995732779 7.667918272273415 6.215141161612104
4.254261995732779 7.155937975680892 5.8152229931933
3.9465668023102123 6.354109315552364 5.573707309219851
3.9465668023102123 4.142401734780606 6.030558686541538
3.9465668023102123 7.582591802615072 6.388216461742755
2.939831745819195 7.582591802615072 4.285713404140305
2.939831745819195 7.758585051789003 5.647937904555926
2.8025185467599667 7.758585051789003 5.3867073331751545
4.990176168351212 7.758585051789003 4.955136630405218
3.59436272308 7.746963993401382 5.303404583287508
3.59436272308 7.746963993401382 5.512787907543372
3.59436272308 4.499509235870558 5.806453101185127
3.59436272308 4.499509235870558 4.97784222283885
7.382283831972121 6.421919073655168 4.253666403281344
3.8505759745710013 7.382283831972121 5.588641023556801
3.8505759745710013 8.758741101764521 6.9869216815205855
3.8505759745710013 8.758741101764521 5.348721664467467
