5.520284093339363 7.7734362666844135 5.628596208385236
2.9465128205169404 8.77329747648778 6.482456132562848
2.9465128205169404 8.77329747648778 6.026055015049285
2.9465128205169404 7.4041067744712485 5.494074633839449
2.9465128205169404 7.4041067744712485 5.181331687055198
3.2695098479959595 6.211158890344336 5.193924200596964
5.063041710065068 6.263232666366228 5.163469939344119
2.9465128205169404 7.521256788504633 5.062460594669563
2.9465128205169404 6.6133197043565914 4.4044663841025615
2.9465128205169404 6.393903269715345 4.295594587300222
2.9465128205169404 5.486382701287912 4.55637099557471
2.9465128205169404 7.416474077361626 4.644690157945737
3.064050207181158 6.826033871280499 5.022548557713272
2.9465128205169404 7.305920996527586 5.822503332479851
2.9465128205169404 7.59148388936395 6.183289372808795
2.9465128205169404 7.59148388936395 5.819909821219576
2.9465128205169404 7.682888375217907 5.810002300382689
3.280555812730612 6.089574065140702 6.106509776839898
3.280555812730612 6.089574065140702 5.486156370657618
3.063734728458656 6.089574065140702 4.485660595317312
3.063734728458656 7.124890444568084 5.501222197396085
3.063734728458656 6.509468292111226 4.808438639585651
4.391335876614953 6.828715859779372 5.491099360994757
3.063734728458656 6.1879910803548945 4.021823360564155
2.97786972307857 6.655009136258485 5.1349630368398085
