6.047862151858016 7.622055461979899 5.579065292297262
6.047862151858016 7.622055461979899 4.15992778539595
6.047862151858016 6.278452979276157 3.9443962375580552
2.982014480376773 6.772629536596579 6.107927773803282
2.982014480376773 7.085195148220938 5.515093532538776
5.582610712764534 7.085195148220938 4.914341950277118
4.6605986663522465 6.031301680964713 4.59705682571748
4.428227364741701 6.885928034371721 5.276044463378159
3.3245143361516836 6.885928034371721 4.409144465931922
3.3245143361516836 6.885928034371721 5.172647272967989
6.581905415930176 7.569262432588326 5.61527006877507
6.581905415930176 7.663725499400762 6.303546617882525
5.535467875536774 7.569262432588326 5.592397854426449
5.535467875536774 7.569262432588326 5.9388518674155515
5.945131733260631 6.658787008735828 5.203236068629931
5.626680654943701 7.226414553236003 4.684068522838441
3.4624571187176625 7.226414553236003 5.2762875325711285
3.4624571187176625 6.762555246374799 4.987513647715357
3.4624571187176625 6.762555246374799 5.15402041938506
2.643982907637302 5.793516640613522 4.1344139278357614
2.643982907637302 7.768517514602927 4.187898700627934
6.17454688789126 7.768517514602927 3.664001573775563
2.643982907637302 7.768517514602927 5.163534376803292
2.3959068265155996 6.172083540630943 4.260780537300215
2.3959068265155996 6.36766377278725 5.049788367645016
