7.699061143574802 7.753139863861588 5.6811095986987485
7.699061143574802 7.753139863861588 5.75749722932563
2.816589750020434 6.387376314612538 5.347443982716985
2.816589750020434 7.699061143574802 5.30516622478083
2.816589750020434 7.466744925774506 4.801513486865927
5.840843013816315 7.466744925774506 3.386263940366921
5.840843013816315 6.391741358035684 4.5012153596207405
5.840843013816315 6.556962832983313 4.212329240259525
5.8826307864438085 7.2836544618538195 5.306198305425136
5.8826307864438085 7.2836544618538195 4.615053884297101
3.7246438499483117 6.556962832983313 4.825803711616052
4.142328623633539 7.348548265578835 5.2877772574019675
3.838322956970352 7.348548265578835 3.1126687309287524
4.767119170563397 7.348548265578835 4.011323569677327
3.643382707581367 5.667000735300746 4.640040392955678
3.488733899137174 6.596149272627287 4.910273302646718
3.488733899137174 6.026068738942882 4.928019933348197
7.692135216342367 6.616101665649193 5.054872948366089
4.376280754276166 7.690171621199479 5.732233807312158
6.318949612556711 7.654033505312627 5.292994549604932
4.51098525939458 7.692135216342367 6.366940678473714
5.6407167047886695 7.692135216342367 5.456666915023406
4.657429631838262 8.215463403484012 6.65124277614117
4.0178632763397815 8.215463403484012 5.314987578989129
4.0178632763397815 7.741017783855208 5.523058926245288
