4.129419205358307 7.739234002204711 5.568187376283664
4.129419205358307 7.739234002204711 4.96379076268582
2.7800526298790307 5.845588701454393 4.831163980817892
6.464428817815424 7.693333513634972 5.497468851098261
4.167034646908938 6.464428817815424 5.929323032057814
6.710999936916501 6.464428817815424 4.826797162173073
4.167034646908938 6.710999936916501 5.899022360521328
6.4973592839331324 6.370747438123566 5.084961552553195
2.981659362140747 9.133450719096304 6.230846699566301
4.167034646908938 9.133450719096304 5.997629464305695
6.443923757892506 9.133450719096304 5.9920564124971065
6.443923757892506 7.670591141790558 5.613260521713586
4.369031581416799 7.540336310297896 5.826075434343016
6.419249261122136 7.990152932430336 5.6618823187039355
4.3672132568446855 12.474926496052975 8.086609694984631
4.3672132568446855 13.512892111949212 8.77642224361435
3.2054528677645533 7.2607981269667885 5.137321662209202
6.118825380879404 7.2607981269667885 5.071849669509267
6.118825380879404 6.785510194896062 5.078626493380765
6.118825380879404 6.785510194896062 4.872869224731857
6.118825380879404 7.489298545484285 5.181805509221366
3.206623074555424 7.0230825439920554 5.68147528465641
2.977158670283615 7.149890868726301 6.348467348547458
2.977158670283615 7.7615467152908355 6.398523191069646
2.977158670283615 7.7615467152908355 6.319011189260364
