1.0621965652582301 7.764080821144326 5.156563240726461
1.0621965652582301 7.72278975093319 6.948048595812008
1.0621965652582301 1.0621965652582301 1.062196565258231
1.0621965652582301 5.462073984481126 3.780794311398617
1.0621965652582301 6.040505070800272 4.669815000965063
1.0621965652582301 3.3923302797078425 3.3457276054188507
1.0621965652582301 3.3923302797078425 3.3457276054188507
1.0621965652582301 4.648812406092137 3.948839026083311
1.0621965652582301 4.648812406092137 4.577080089275456
1.0621965652582301 6.113065262198372 5.309206517328575
1.0621965652582301 6.646771814460585 5.187384529574531
1.0621965652582301 6.646771814460585 6.033124603373012
1.0621965652582301 7.182893120506181 6.321263484639953
1.0621965652582301 7.300871500690649 6.64430121740786
1.0621965652582301 6.746993114642917 5.4196309805502025
1.0621965652582301 4.319660708432874 4.254511425569384
1.0621965652582301 3.8805083142746537 3.7785656313591853
1.0621965652582301 3.8805083142746537 3.8241420792943277
1.0621965652582301 6.6494247126159 5.208600278464952
1.0621965652582301 3.8805083142746537 3.8241420792943277
1.0279350300739876 2.5017843329035334 1.7655449121924471
0.5381057330453385 2.6893145088340877 1.6235067068802869
0.35730328390964816 4.5294461665472205 2.446990774211147
0.35730328390964816 5.619967065086168 2.9886351744979094
0.35730328390964816 1.9079512571583312 1.1016143110690166
0.35730328390964816 0.35730328390964816 0.3573032839096479
0.35730328390964816 4.9353615787624925 2.6463324313360705
0.35730328390964816 5.711822636053164 5.5219042052189184
0.35730328390964816 5.712223925263938 5.59041729887981
0.35730328390964816 5.712223925263938 5.605125512436853
0.35730328390964816 3.228062280505157 3.1475429858609316
0.35730328390964816 2.697514303639267 2.143573369383074
0.35730328390964816 3.2480432746871206 2.1604866217500582
0.35730328390964816 3.2114680762356866 2.1833886966492027
0.35730328390964816 3.774321358584182 3.435811421563417
0.35730328390964816 3.2114680762356866 3.1543847803891687
0.35730328390964816 3.2114680762356866 2.9515105771919226
0.35730328390964816 5.670245361818839 4.783045229526538
0.35730328390964816 5.701771681394163 5.464687098559776
0.35730328390964816 5.671408122206508 5.311141004216913
0.35730328390964816 5.603744034573182 5.398846869277548
0.35730328390964816 6.975399292173945 6.084674498077919
0.35730328390964816 5.395476638151578 4.517179769207062
0.35730328390964816 3.8404098344322297 3.7707477034217782
0.35730328390964816 5.304116420744691 4.2708576082766525
0.35730328390964816 5.71004308871176 5.011653613329738
0.35730328390964816 4.527373730139807 3.178312447318031
0.35730328390964816 3.7250564210627783 2.740464310882006
0.18840345383367962 3.209713394177616 1.6420102218002892
0.18840345383367962 3.2531832225070443 1.7207933381703637
