1.6193551024244468 7.653016083811432 5.320113627068638
1.6193551024244468 6.246919854109358 5.4022148511798
1.6193551024244468 6.314792747220572 5.1896929488706345
1.6193551024244468 6.314792747220572 6.220883994324645
1.6193551024244468 6.1593928555566535 6.000800962811894
1.6193551024244468 7.319679899860862 6.6255298817600305
1.6193551024244468 10.307881928301791 8.74531653634835
1.6193551024244468 8.627912248847021 7.547069489789126
1.6193551024244468 3.531005414403023 3.4204455475516484
1.6193551024244468 3.383571526411416 2.6784174365178703
1.6193551024244468 1.9880095234659838 1.980636435045155
1.6193551024244468 1.9880095234659838 1.980636435045155
1.6193551024244468 5.7778735428300685 3.8755684447271967
1.6193551024244468 1.9880095234659838 1.980636435045155
1.6193551024244468 5.81617994358329 3.8181582367014606
1.6193551024244468 5.81617994358329 4.399538828587612
1.6193551024244468 5.702517696273443 4.472183474158831
0.6969726434899752 3.1934636724736305 1.9636658071604918
0.6969726434899752 0.6969726434899752 0.6969726434899752
0.6969726434899752 0.6969726434899752 0.6969726434899752
0.6969726434899752 0.6969726434899752 0.6969726434899752
0.6969726434899752 0.6969726434899752 0.6969726434899752
0.6969726434899752 0.6969726434899752 0.6969726434899752
0.6969726434899752 0.6969726434899752 0.6969726434899752
0.6969726434899752 5.657526761179014 5.19538117434306
0.6969726434899752 8.14985888946365 5.757759926864911
0.6969726434899752 5.3642618937756765 4.748711607730607
0.6969726434899752 5.3642618937756765 5.2709161087699625
0.6969726434899752 6.099951383631716 5.6240470639008615
0.6969726434899752 6.613336872674072 6.414022388703225
0.6969726434899752 6.4701889985687515 5.151449848987059
0.6969726434899752 7.285897533802906 4.564027190192872
0.6969726434899752 3.3011462400656915 2.5716515433242635
0.6969726434899752 2.6367422997058267 1.743648820004657
0.6969726434899752 2.17832643055138 1.5878168509248325
0.6969726434899752 3.4793631492745445 2.9644285235387984
0.6969726434899752 6.071928680261593 4.1372130540197976
0.6969726434899752 3.98180448901098 3.05706615764603
0.6969726434899752 3.795475350190394 3.5912130406588507
0.6969726434899752 6.374516893620719 5.007874359285898
0.6969726434899752 6.721383237934058 4.257641769868493
0.6969726434899752 3.6369696426224825 2.6794876917782435
0.6969726434899752 3.6369696426224825 3.5781697026398365
0.6969726434899752 5.387550051687839 3.892124062669205
0.6969726434899752 4.598012498339358 3.5534198636291507
0.6969726434899752 3.931536051695279 3.7798794656802004
0.6969726434899752 5.775457329033376 5.105641154714664
0.6969726434899752 5.035338979222086 4.679482161500343
0.6969726434899752 6.552723010054915 4.895229639064288
0.6969726434899752 9.947619988853514 7.3966717967491045
