0.9822499688782362 7.639435134308503 5.483743823451071
0.9822499688782362 6.730626608707842 6.331608532401271
0.9822499688782362 7.723995616254042 6.710368230700068
0.9822499688782362 7.51270367397459 7.371568588454107
0.9822499688782362 6.229734158069167 6.09694150371649
0.9822499688782362 6.582150810462245 6.330357069426514
0.9822499688782362 6.302559362054144 6.196153174190626
0.6229092101622133 7.416739516995239 4.0270111787530505
0.6229092101622133 0.6229092101622133 0.622909210162213
0.6229092101622133 4.347714938933727 2.485312074547973
0.6229092101622133 5.055480414349798 2.7505433881722565
0.6229092101622133 3.044845969481895 1.833877589822056
0.5998106282504776 3.2960903592168447 1.948412465371898
0.5998106282504776 0.5998106282504776 0.5998106282504773
0.5998106282504776 3.5573779670090535 2.019442950854596
0.5998106282504776 2.800833775377449 1.700322201813965
0.5998106282504776 2.800833775377449 2.2576340237911494
0.5998106282504776 1.8024751980899265 1.7784219066931377
0.5998106282504776 3.8128031093378785 3.6594571286643007
0.5998106282504776 3.7851306599404713 3.647375595587781
0.5998106282504776 3.7851306599404713 3.7214242593066755
0.5998106282504776 4.5016041975662695 4.079661028119575
0.5998106282504776 3.7851306599404713 3.7214242593066755
0.5998106282504776 6.234228301124748 4.945973079898811
0.5998106282504776 7.235585038189928 6.121663488305894
0.5998106282504776 7.235585038189928 5.178496400961044
0.5998106282504776 9.497571804634537 7.56918418885089
0.5998106282504776 5.3361915266545665 2.873273459484443
0.5998106282504776 0.5998106282504776 0.5998106282504773
0.5998106282504776 4.669465159137033 2.6346378936937564
0.5998106282504776 5.6410461250094315 4.1417209874947245
0.5998106282504776 8.656627494271774 5.859681480810736
0.5998106282504776 12.659648945148499 11.949669951513231
0.5998106282504776 12.354492905739829 7.141570122297082
0.5998106282504776 2.3988346299539107 2.362854149919842
0.5998106282504776 3.52482116629491 2.9033276873635225
0.5998106282504776 3.479246301184759 3.1630668942275912
0.5998106282504776 2.9620649141877924 2.9148198284690476
0.5998106282504776 2.9620649141877924 2.9148198284690476
0.5998106282504776 6.096853612561677 5.0700075011571775
0.5998106282504776 5.354688973832193 5.192331601786637
0.5998106282504776 4.890190430478114 3.3237793475222883
0.5998106282504776 1.928983456655566 1.9024000000874661
0.5998106282504776 1.9546522437055 1.9152343936124319
0.5998106282504776 6.212130501912821 4.056294540500059
0.5998106282504776 1.9546522437055 1.927555411396399
0.5998106282504776 1.9546522437055 1.927555411396399
0.5998106282504776 4.94123343736177 3.6167433677053005
0.5998106282504776 6.624554445295374 4.699712116327915
0.5998106282504776 2.8654972523233657 2.2458323455476643
