1.8653012103917033 7.648633692627387 5.493714474027962
1.8653012103917033 3.385995151634113 3.3555812728092684
1.8653012103917033 3.385995151634113 3.3555812728092684
1.8653012103917033 5.563398575719177 4.017211691581338
1.8653012103917033 2.618948702056603 2.603875752223304
1.8653012103917033 4.072726161595213 3.3016889328018384
1.8653012103917033 6.295727444350376 5.804039689514887
1.8653012103917033 5.470108483893426 5.391230209286412
1.8653012103917033 5.462096686783958 5.385513419285936
1.2454400724494126 5.453122373604803 3.277524799762844
1.2454400724494126 1.2454400724494126 1.2454400724494123
1.2454400724494126 1.2454400724494126 1.2454400724494123
1.2454400724494126 5.155415256172571 4.1371740397425825
1.2454400724494126 3.196995021265224 3.105178312982619
1.2454400724494126 3.624990477043092 3.4827602628050585
1.2454400724494126 6.153980137299033 5.651963953298782
1.2454400724494126 3.703026936389606 3.5336898267057255
1.2454400724494126 3.761636493013406 3.6622021815324324
1.2454400724494126 5.875011097530045 4.7631163025491645
1.2454400724494126 5.239867047400484 3.162765020425925
1.2454400724494126 5.111841698724373 3.101312853061393
1.2454400724494126 7.744591937815798 6.36341052475929
1.2454400724494126 7.98591028451111 7.501890304992369
1.2454400724494126 7.258388252682964 7.138129289078294
1.2454400724494126 7.258388252682964 7.138129289078294
1.2454400724494126 7.258388252682964 5.823973820043595
1.2454400724494126 3.841729204143466 3.767521053372457
1.2454400724494126 3.795307603857783 3.7443102532296177
1.2454400724494126 3.82952439753095 3.760734314192736
1.2454400724494126 6.162241742233821 4.969087906509762
1.2454400724494126 6.583277840923095 6.084128707995644
1.2454400724494126 5.602929958593357 4.9380727460601
1.2454400724494126 4.399372844405061 3.7164525779321975
1.2454400724494126 4.399372844405061 4.336294188965951
1.2454400724494126 4.399372844405061 4.336294188965951
1.2454400724494126 4.399372844405061 4.336294188965951
1.2454400724494126 6.211710366551703 5.242462950039269
1.2454400724494126 8.097621092737116 5.156109279742532
1.2454400724494126 2.201520131238049 2.1402867016125082
1.2454400724494126 4.495301122170666 3.934234416014648
1.2454400724494126 7.1275285117095795 6.447628586991661
1.2454400724494126 6.33144482123036 6.169468421246242
1.2454400724494126 7.136700383746923 5.254411729632087
1.2454400724494126 7.136700383746923 7.018875177520975
1.2454400724494126 7.136700383746923 7.018875177520975
1.2454400724494126 7.136700383746923 4.947328288452001
1.1480490606257345 5.992870377636702 3.4755111130274754
1.1480490606257345 1.1480490606257345 1.1480490606257359
1.1480490606257345 1.1480490606257345 1.1480490606257359
1.1480490606257345 5.476329999637649 3.312189530131691
