1.6308602687437923 7.760231348764158 5.352263940451768
1.6308602687437923 7.6802825883200025 6.540341196147293
1.6308602687437923 5.6431408773029155 4.096538495816304
1.6308602687437923 5.0254567988030345 4.308406241921992
1.6308602687437923 3.7523457714746447 3.697312948804364
1.6308602687437923 5.562208585749449 4.7017662863824805
1.6308602687437923 5.562208585749449 5.269055837446213
1.6308602687437923 7.183032464729958 6.495260865579909
1.6308602687437923 7.67195896020746 6.651817264208455
1.6308602687437923 4.834908795307879 4.30623359207569
1.6308602687437923 3.867004143847652 3.822281266345575
1.6308602687437923 6.171169495536276 4.928280635156114
1.6308602687437923 3.867004143847652 3.0384866688356515
1.6308602687437923 3.867004143847652 3.822281266345575
1.6308602687437923 3.867004143847652 3.8047861522873903
1.6308602687437923 3.890374112664191 3.8216075501190856
1.6308602687437923 5.962157339595272 4.881075449251328
1.6308602687437923 3.890374112664191 3.8451838357857873
1.6308602687437923 3.890374112664191 3.8451838357857873
1.6308602687437923 6.241099264536498 4.973531908684495
1.6308602687437923 6.3099300515659955 4.035409259977259
1.6308602687437923 2.8880755668891998 2.324482017638858
1.2579978435740071 3.4034784013251174 2.295285759797935
1.2579978435740071 1.2579978435740071 1.2579978435740085
1.2579978435740071 1.2579978435740071 1.2579978435740085
1.2579978435740071 1.2579978435740071 1.2579978435740085
1.2579978435740071 1.2579978435740071 1.2579978435740085
0.8684227362204422 1.2579978435740071 1.071001792044297
0.8386533214681617 3.341247915565653 2.040494114930004
0.8386533214681617 3.0217388500523445 2.92869376722129
0.8386533214681617 5.034752426748064 4.073500708140651
0.8386533214681617 5.421617010972234 5.14426273675455
0.8386533214681617 5.421617010972234 5.329957737182148
0.8386533214681617 6.367407102587173 5.783936981157321
0.8386533214681617 6.235577469258629 5.007160945332323
0.8386533214681617 3.9946213873176366 3.9315020260006475
0.8386533214681617 6.296043362897272 5.082213013790468
0.8386533214681617 6.222676231847995 5.248082471136111
0.8386533214681617 6.476395984033349 5.851532653176033
0.8386533214681617 5.452179028821327 4.376797840342289
0.8386533214681617 4.234773874908637 3.7514804217003666
0.8386533214681617 3.40403179062972 3.3527242212464876
0.8386533214681617 4.234270956467341 3.767843804165297
0.8386533214681617 4.177478973435406 4.000694796109888
0.8386533214681617 3.7757543761868786 3.4696972909908497
0.8386533214681617 4.554954206420813 4.109377673631511
0.8386533214681617 7.794522539783891 7.378215287396447
0.8386533214681617 7.217043648073204 7.089475841541108
0.8386533214681617 6.388022676984193 6.151586625381576
0.8386533214681617 6.166202818802013 5.318786824705915
