2.8197759268479143 7.7474854329590865 5.392293703735194
2.8197759268479143 9.014056460614094 8.39463279684445
2.8197759268479143 8.673105864530108 6.519444034411368
2.8197759268479143 8.673105864530108 8.556039265776457
2.8197759268479143 8.673105864530108 6.906133652914837
2.8197759268479143 7.025266606935281 6.1482102486318935
2.8197759268479143 9.87552899927703 7.530684821600148
2.8197759268479143 9.87552899927703 7.428447484923829
2.8197759268479143 4.840187174898549 4.593646245928391
2.8197759268479143 5.6469773201035345 5.2031740225400265
2.8197759268479143 4.04633666668585 3.5590072636181573
0.7121170508075392 3.0821737744547417 1.8918974556790047
0.7121170508075392 4.918442564664485 3.8244615953556407
0.7121170508075392 2.8145791083484366 2.6880626840656476
0.41451577512770443 2.983943175098798 1.7051815006268496
0.41451577512770443 3.251975911948613 3.0775463650641286
0.41451577512770443 3.251975911948613 3.1952267092121986
0.41451577512770443 3.251975911948613 3.1952267092121986
0.41451577512770443 6.18198164476798 4.660229575621878
0.41451577512770443 6.152320272482921 5.191650302605061
0.41451577512770443 4.060782559675911 3.705228555777499
0.41451577512770443 6.440311151469057 5.5606786117633495
0.41451577512770443 6.660655988335542 5.756250234470587
0.41451577512770443 7.776963749426201 5.248834931199217
0.41451577512770443 3.0152040319441658 2.9631902668078367
0.41451577512770443 6.116159994345995 3.373563035354229
0.41451577512770443 3.398236607828214 2.555902773275097
0.41451577512770443 6.143704685976296 3.7880239098480954
0.41451577512770443 6.141021268699323 3.786735869555148
0.2007584970544447 3.2731540801004724 1.7412314341389246
0.2007584970544447 7.074721242314887 3.500260614779456
0.2007584970544447 6.638974452702332 5.0247645111442365
0.2007584970544447 3.6680832078120464 3.598736713596898
0.2007584970544447 5.130812173205346 4.374799991401713
0.2007584970544447 3.845788115125942 3.6945505787915724
0.2007584970544447 4.294554483405545 2.4550585085701635
0.2007584970544447 3.034553110473315 2.7813326631583912
0.2007584970544447 6.667690919036037 3.465587281669751
0.2007584970544447 5.656823818042351 2.927046762924829
0.2007584970544447 0.4155123206468194 0.41121724417497163
0.15776443367120097 5.259160548793272 2.6072944501974615
0.15776443367120097 0.15776443367120097 0.15776443367120077
0.15776443367120097 0.15776443367120097 0.15776443367120077
0.15776443367120097 0.15776443367120097 0.15776443367120077
0.15776443367120097 3.1796215970596333 1.60825587209765
0.15776443367120097 2.801952899830273 1.426974897427557
0.15776443367120097 0.15776443367120097 0.15776443367120077
0.15776443367120097 7.717380770998757 3.7863802755884253
0.15776443367120097 0.15776443367120097 0.15776443367120077
0.15776443367120097 5.383247935144297 2.665996514378288
