2.725462070114468 7.733590869575872 5.750962914088562
2.711296548950067 6.3795847899368034 4.545723979866724
2.711296548950067 5.429563319092711 4.5034919049319875
2.711296548950067 8.12034543086736 7.096888671378889
2.711296548950067 9.146745665523435 7.257877595518145
2.711296548950067 5.479747566202974 5.424378545857916
2.711296548950067 5.479747566202974 5.424378545857916
2.711296548950067 6.265200678510034 5.801396039765308
2.711296548950067 5.406131333351766 5.10714305030489
2.711296548950067 7.77065272581782 7.518380726938407
2.711296548950067 8.45289981698665 7.1259335022322015
2.711296548950067 6.152335719538723 5.932134552270278
2.711296548950067 6.4815787179830835 6.328683883421802
2.711296548950067 6.13272547460512 5.6446093380149795
2.711296548950067 6.13272547460512 4.627148372720014
2.711296548950067 3.258428427861116 3.247485790282895
2.711296548950067 6.140227167193139 4.630749185162264
2.711296548950067 3.258428427861116 3.247485790282895
2.711296548950067 3.258428427861116 3.247485790282895
2.711296548950067 5.171588867046935 4.16580280109209
2.711296548950067 3.258428427861116 3.247485790282895
2.711296548950067 3.258428427861116 3.247485790282895
2.711296548950067 5.917986517437608 4.524073673279611
2.688012313747994 4.034839705529446 3.3349551465071317
2.688012313747994 6.573715404569096 5.862060264951054
2.688012313747994 5.305833248965854 5.253476830261498
2.688012313747994 5.305833248965854 5.253476830261498
2.688012313747994 6.372411476316248 4.796440605223807
2.533269168760278 3.2512586977845186 2.8809990055916703
2.533269168760278 3.7738695872725683 3.1287573696461806
2.533269168760278 4.1265289169164525 3.870313652524699
2.533269168760278 5.748037201958457 4.690041797822847
2.533269168760278 5.748037201958457 5.683741841294493
2.533269168760278 5.748037201958457 5.683741841294493
2.533269168760278 6.05576476712902 5.837605623879776
2.533269168760278 6.554347268599692 5.144150591140946
2.533269168760278 6.559822790446265 5.469792207364029
2.533269168760278 9.642356906216158 7.716978064832062
2.533269168760278 4.550042592285504 4.420459805361586
2.533269168760278 5.894227541897589 5.1549158996288
2.533269168760278 6.831155514764049 4.702053066112632
2.533269168760278 4.512497834542597 3.624450014871158
2.533269168760278 4.622975583314833 3.720561514609382
2.533269168760278 4.395028249721399 3.5792812091918176
2.533269168760278 2.838004531900673 2.8319098246378682
2.533269168760278 7.648511817302538 6.485947243422179
2.533269168760278 6.271535688721563 5.362756571790834
2.533269168760278 7.244406559030491 6.148516170020696
2.533269168760278 8.610537624218258 6.4651136199264245
2.533269168760278 8.486991897837328 6.835286960320969
