1.8511615736263711 7.548642051292006 5.0621490419163155
1.8511615736263711 6.64647876992715 5.7519060950468095
1.8511615736263711 7.333025214082683 5.923301814268747
1.8511615736263711 4.461848028095169 3.7214421201634864
1.8511615736263711 4.2826297772722235 3.9139583686154693
1.8511615736263711 4.383396932982819 4.012149872499173
1.8511615736263711 6.551892357317847 5.799282398227148
1.8511615736263711 6.615826594041568 4.6083309130875225
1.8511615736263711 6.1152958199294005 4.358114933074378
1.8511615736263711 2.6321745659107276 2.6165543060650425
1.8511615736263711 2.6321745659107276 2.6165543060650425
1.8511615736263711 4.143273055876218 4.0806863505224165
0.4424087794660463 6.015875553159258 3.257317222195858
0.4424087794660463 5.612578431885353 3.0274936056757
0.4424087794660463 0.4424087794660463 0.442408779466046
0.4424087794660463 5.075480864983916 2.666283380514624
0.4424087794660463 5.346994717424586 2.8947017484453155
0.4424087794660463 0.4424087794660463 0.442408779466046
0.4424087794660463 5.146056521513348 2.7001596956487504
0.4424087794660463 2.2425538111774803 1.3064783946875353
0.4424087794660463 5.6712234505751695 2.9522398215984267
0.4424087794660463 0.4424087794660463 0.442408779466046
0.4424087794660463 0.4424087794660463 0.442408779466046
0.2698418018862019 0.4424087794660463 0.3561252906761238
0.2698418018862019 3.25204799126043 1.7013007727858311
0.2698418018862019 3.1518666962280517 1.7108542490571275
0.2698418018862019 3.2506301235931017 2.346308846207435
0.2698418018862019 3.2506301235931017 3.1910143571589646
0.2698418018862019 3.2506301235931017 3.1910143571589646
0.2698418018862019 6.069905030811917 4.544266312623997
0.2698418018862019 1.459101100184054 0.8406862650691709
0.2698418018862019 0.2698418018862019 0.2698418018862016
0.2698418018862019 0.2698418018862019 0.2698418018862016
0.2698418018862019 3.062593478176581 1.6662176400313913
0.2698418018862019 7.066618189747777 3.6682299958169877
0.2698418018862019 4.165316765524992 2.2175792837055965
0.2698418018862019 5.587537404669536 2.8223356912222015
0.2698418018862019 0.8209491588888196 0.5453954803875104
0.2698418018862019 6.598491205778604 5.985591550819936
0.2698418018862019 4.979328521915043 3.867687939533019
0.2698418018862019 2.8596392552870253 2.8078433062190076
0.2698418018862019 4.614540409939146 3.779139687724358
0.2698418018862019 5.2418637215397474 3.8545511151417444
0.2698418018862019 3.113806583930821 2.794335037567097
0.2698418018862019 2.5886220824851525 2.5422464768731765
0.2698418018862019 2.5886220824851525 2.5422464768731765
0.2698418018862019 3.7647087261360253 3.1067680658255945
0.2698418018862019 4.481626264274393 4.330721095428031
0.2698418018862019 6.70048962901625 5.506822257397557
0.2698418018862019 3.9269341651935012 3.531402859231393
