2.7760520984408505 7.67735061691865 5.3223571676124175
2.7760520984408505 9.61542917732775 8.75656271226481
2.7760520984408505 5.482883280761786 5.251717253635102
2.7760520984408505 5.330842504628688 4.443036509689554
2.7760520984408505 7.2657837552397595 6.392195246139235
2.7760520984408505 6.570203008129894 5.505148914152703
2.7760520984408505 4.591860856563059 4.5555446814006215
2.7760520984408505 4.591860856563059 4.506084238018207
2.7760520984408505 4.488818266183031 4.348458741232271
2.7760520984408505 4.488818266183031 4.386746254041634
2.7760520984408505 4.557901809936606 3.7241885255660128
2.7760520984408505 4.42506436761925 4.014070680518446
2.7760520984408505 3.898436513245191 3.7612893104189
2.7760520984408505 6.511490196055075 5.475656741056058
2.7760520984408505 6.615433424294313 6.351037463269987
2.7760520984408505 6.615433424294313 6.538645797777247
2.7760520984408505 4.765303278084595 3.860614227377777
2.7760520984408505 6.346704010351296 5.926138029175281
2.7760520984408505 7.792592037895714 6.70993434796493
2.7760520984408505 5.827938255612345 5.766900532468913
2.7760520984408505 5.827938255612345 5.766900532468913
2.7760520984408505 5.827938255612345 5.766900532468913
2.7760520984408505 5.827938255612345 5.241776723213894
2.7760520984408505 6.3359592227925745 5.463746628741448
2.7760520984408505 4.733930319664392 4.694772755239918
2.7760520984408505 4.733930319664392 4.278062174676475
2.7760520984408505 3.8657832768238767 3.8439886532562206
2.7760520984408505 3.8657832768238767 3.8439886532562206
2.7760520984408505 3.8657832768238767 3.8439886532562206
2.7760520984408505 3.8657832768238767 3.8439886532562206
2.7760520984408505 4.368096153257891 4.085098833944545
2.7760520984408505 4.533306500849456 4.495251462020206
2.7760520984408505 4.306026163818885 4.213618888160632
2.7760520984408505 7.373484993003595 6.873234909735402
2.7760520984408505 7.373484993003595 7.281536335112344
2.7760520984408505 7.373484993003595 7.281536335112344
2.7760520984408505 7.373484993003595 6.511870601205981
2.7760520984408505 7.702901726078419 6.782921094195447
2.7760520984408505 5.991560810807119 4.931302995141407
2.7760520984408505 3.916669891185475 3.7343049723136756
2.7760520984408505 3.916669891185475 3.893857535330585
2.7760520984408505 6.2844401585669125 5.8141050128954666
2.7760520984408505 6.0354846553445896 5.123352189309716
2.7760520984408505 4.271018374309595 4.241119048792217
2.7760520984408505 4.271018374309595 3.9179603445764917
2.7760520984408505 4.585770968233366 3.6951449975146016
2.7760520984408505 4.585770968233366 4.0718859987764855
2.7760520984408505 4.581416098976735 4.391582770360915
2.7760520984408505 6.496219221276309 5.304283017039495
2.7760520984408505 9.675283492878606 8.93462292578005
