2.330210700223159 7.715853725026053 5.505949076443286
2.330210700223159 6.413517890654237 5.800610619791399
2.330210700223159 6.518974555214406 6.215617225124479
2.330210700223159 8.537826694010962 6.000753442586424
2.330210700223159 11.679371787619097 6.8295930030545176
2.330210700223159 14.220308282816791 9.778262591398798
2.330210700223159 13.699028834607438 13.20572616758401
2.330210700223159 5.3326054445381 4.127014192938018
2.330210700223159 3.4057513864948388 3.181066345088256
2.330210700223159 4.386245524862037 4.253519535033928
2.330210700223159 4.386245524862037 4.345124828369256
2.330210700223159 4.3978030300312945 4.350903580953888
2.330210700223159 4.917863389517269 4.5028465044386135
2.330210700223159 6.26553790903662 5.134594280837374
2.330210700223159 4.50372705178388 4.164505313146588
2.330210700223159 4.515592251570496 4.204504446864988
2.330210700223159 4.435234544837627 3.97478312153973
2.330210700223159 3.7105262467165763 3.4956108710083815
2.330210700223159 3.775849959385735 3.1772764398688533
2.330210700223159 3.9062143925266466 3.812119390772939
2.330210700223159 3.775849959385735 3.5264652028763606
2.330210700223159 5.139589636324345 4.439030436639305
2.330210700223159 3.8439623862418846 3.7912168115980722
2.330210700223159 3.7558670085168733 3.2993790218015278
1.6946472968466542 2.8642527157054727 2.2687691659664178
1.6946472968466542 3.661007610068293 2.6778274534574744
1.6946472968466542 4.993744055062226 3.3441956759544387
1.6946472968466542 5.391040266283227 3.4689159221762087
1.6946472968466542 3.012397815363063 2.3271675457345298
1.6946472968466542 6.661759336174153 4.810723565398282
1.6946472968466542 6.661759336174153 6.067757525276578
1.6946472968466542 5.825652860141357 4.943488537043836
1.6946472968466542 8.125058730394043 7.551485919671962
1.6946472968466542 7.971233305136867 7.492371790325426
1.6946472968466542 8.162578388683947 7.144915416321343
1.6946472968466542 8.362646165564216 5.621916624194399
1.6946472968466542 7.147241934894081 5.812388423357626
1.6946472968466542 6.846367291022187 6.20829165216726
1.6946472968466542 6.857671573487092 6.107049022071168
1.6946472968466542 6.670161814007965 6.305032789409805
1.6946472968466542 6.11678945097686 6.028346607894251
1.6946472968466542 6.9357930255415035 6.437848395176574
1.6946472968466542 6.184420155822288 5.704090579176531
1.6946472968466542 6.084699422645276 5.243772067384225
1.6946472968466542 5.886531778989134 4.7556499430052925
1.6946472968466542 5.886531778989134 5.802694089346287
1.6946472968466542 5.886531778989134 5.802694089346287
1.6946472968466542 5.886531778989134 5.514839432268869
1.6946472968466542 6.271040564219373 5.596087395825862
1.6946472968466542 6.172851154210285 6.079278736795668
