1.1315208302554507 7.781425569053791 5.518335349477976
1.1315208302554507 8.632272694335672 8.049635062197456
1.1315208302554507 7.730975621717736 5.734462145876272
1.1315208302554507 6.402082007012112 5.144596313723954
1.1315208302554507 5.251032964534964 4.544089670428547
1.1315208302554507 4.001926861693303 3.9445187410645484
1.1315208302554507 6.351727701572866 5.224512536861485
1.1315208302554507 4.452584039459808 4.3158531468963615
1.1315208302554507 4.604332466075736 3.787334631657586
1.1315208302554507 5.432219466395395 4.53391512020832
1.1315208302554507 8.421832801139379 6.936510209728343
1.1315208302554507 5.631173734486556 4.141265114908543
1.1315208302554507 2.8313426114997715 2.797346175874887
1.1315208302554507 7.600487663889124 5.475733211531135
1.1315208302554507 7.600487663889124 6.220416736428947
1.1315208302554507 8.140816887871477 6.6864828567866095
1.1315208302554507 8.254999925392529 5.58552072215459
1.1315208302554507 6.649540842384983 5.483748813656482
1.1315208302554507 6.402924610307906 6.1135424745467954
1.1315208302554507 10.161723596769715 7.3165744353152675
1.1315208302554507 10.161723596769715 8.2196384228368
1.1315208302554507 10.161723596769715 9.981119541439432
1.1315208302554507 10.161723596769715 9.981119541439432
1.1315208302554507 10.161723596769715 9.981119541439432
1.1315208302554507 10.161723596769715 8.189388710864069
1.1315208302554507 4.573495922465707 4.258171556091373
1.1315208302554507 4.450890741469369 3.819745929940368
1.1315208302554507 4.450890741469369 4.384503343245093
1.1315208302554507 6.019807204690746 5.156677403935377
1.1315208302554507 6.501818816331415 6.373802414802409
1.1315208302554507 7.511292498928773 6.93070527778821
1.1315208302554507 8.32671130058489 7.828462468003174
1.1315208302554507 8.563952560356373 7.102803144857729
1.1315208302554507 8.563952560356373 8.415303925754353
1.1315208302554507 8.563952560356373 7.785957330707762
1.1315208302554507 10.710834390696595 9.669265672308093
1.1315208302554507 8.940037625738931 6.277157135636319
1.1315208302554507 6.4283750993284485 4.544276744042975
1.1315208302554507 4.281871992112745 3.97345237428622
1.1315208302554507 6.603854225562031 4.57973700332846
1.1315208302554507 2.7745131169071517 2.741653271174121
1.1315208302554507 6.282357390822938 4.49557540813201
1.1315208302554507 5.249520725227388 4.469118413638485
1.1315208302554507 4.873180883662545 3.7365480838738567
1.1315208302554507 2.749581686221451 2.71722046910213
1.1315208302554507 3.267737521911951 2.9659352702335724
1.1315208302554507 6.377733470807872 4.717811243548863
1.1315208302554507 6.377733470807872 4.435286372203743
1.1315208302554507 4.597413126211279 4.288874958114697
1.1315208302554507 4.56094961238518 4.373850239186249
