2.622077104863902 7.7762977022919895 5.319494459494986
2.1899009816463253 4.515154071161998 3.3611710488685147
2.1899009816463253 2.1899009816463253 2.189900981646328
2.1899009816463253 2.1899009816463253 2.189900981646328
2.1899009816463253 3.064378649143191 2.962455853615657
2.1899009816463253 5.623746104035387 4.1377792560045386
2.1899009816463253 2.6710587174039984 2.6614355626888444
2.1899009816463253 6.501601811442672 5.9148125182014315
2.1899009816463253 5.702261945865242 3.9460814637557866
2.1899009816463253 5.024710914563098 4.717461316398719
2.1899009816463253 5.473617567240851 4.260874136063553
2.1899009816463253 7.420222799275773 6.438911398118659
2.1899009816463253 8.315512001992682 5.760914505344899
2.1899009816463253 9.475512007685545 8.596840092472677
2.1899009816463253 9.228355693751947 8.473261935505878
2.1899009816463253 7.948512643743712 7.833340410501754
2.1899009816463253 7.948512643743712 7.833340410501754
2.1899009816463253 7.948512643743712 5.087417674067629
2.1899009816463253 6.508378925797828 4.815739928682368
2.1899009816463253 4.388769208692345 3.7559350701296266
2.1899009816463253 3.1619842628136046 3.142542597190259
2.1899009816463253 3.1619842628136046 3.142542597190259
2.1899009816463253 5.894517607953524 4.508809269760222
1.301786839809552 3.1619842628136046 2.2124438856882325
1.301786839809552 6.650845551231779 6.091124121263567
1.301786839809552 6.531223922968099 6.424680767898099
1.301786839809552 6.40960884928392 4.7002472037846585
1.301786839809552 3.061264671555215 3.0260751149203053
1.301786839809552 3.061264671555215 3.0260751149203053
1.301786839809552 6.657825584175992 4.752424352978275
1.301786839809552 6.67844854766178 5.708519016261991
1.301786839809552 7.963560517458896 6.750482152564036
1.301786839809552 6.563104713186924 6.395795589135073
1.301786839809552 6.563104713186924 6.457878355719381
1.301786839809552 7.079718094004571 6.1190422657216
1.301786839809552 5.319057254006502 5.238711845722568
1.301786839809552 5.319057254006502 5.238711845722568
1.301786839809552 5.319057254006502 5.238711845722568
1.301786839809552 7.639803802290576 7.353350305966733
1.301786839809552 7.320417488142125 7.200044875175474
1.301786839809552 7.320417488142125 7.200044875175474
1.301786839809552 7.320417488142125 4.886157321113827
1.301786839809552 2.692642380018832 2.2771893298446653
1.301786839809552 2.5441849606087072 2.3204755474354726
1.301786839809552 4.164083768759582 3.435841855193528
1.301786839809552 6.576995034321097 5.977481960069179
1.301786839809552 6.467293612587778 5.137922850242994
1.301786839809552 6.215627470754569 5.06113220440196
1.301786839809552 3.9272309867013395 3.2036017869904283
1.301786839809552 7.499506143096321 6.47630931253924
