1.0254570284738986 7.655779462452617 5.3428161703679935
1.0254570284738986 5.678191887457292 4.4402930057088765
1.0254570284738986 3.2930998362723938 3.2477469801164256
1.0254570284738986 6.193455827167124 4.697924975563792
1.0254570284738986 3.6506147432113853 3.488254115357819
1.0254570284738986 3.4217450066305166 3.027904060519698
0.5278879103976064 3.755016169192793 2.086860856980824
0.5278879103976064 5.674717404203477 3.101302657300542
0.5278879103976064 6.003407758847096 4.663872525364905
0.5278879103976064 6.34056346140537 5.163492470182404
0.5278879103976064 5.92024019089941 4.9925971432257175
0.5278879103976064 4.2976966320896395 4.1813253638208305
0.5278879103976064 4.253607419527103 4.114795649429295
0.5278879103976064 6.120094554486176 5.11546115266293
0.5278879103976064 5.387070093859453 4.757993051161168
0.5278879103976064 9.275329125479313 7.961303438502983
0.5278879103976064 8.035364448226499 7.470812307188512
0.5278879103976064 8.806402795693648 8.244882756738647
0.5278879103976064 6.205254398893146 4.9824101318859775
0.5278879103976064 6.396395256359117 4.836486272165485
0.5278879103976064 2.90860126409951 2.639156242191588
0.5278879103976064 3.688409420568729 3.4269755522724994
0.5278879103976064 3.291962544383115 3.236681051703406
0.5278879103976064 5.65436543861362 4.417882498818657
0.5278879103976064 3.5794818237612707 2.1793487340435984
0.5278879103976064 1.8543223603233696 1.3703330507826643
0.5278879103976064 0.9012794008604712 0.8938115710512146
0.5278879103976064 0.9012794008604712 0.8938115710512146
0.5278879103976064 3.473603136927157 2.128526964363224
0.5278879103976064 4.582212506733612 4.294186002864256
0.5278879103976064 4.588811921223272 4.297485710109087
0.5278879103976064 6.091812493080841 5.259093726935547
0.5278879103976064 8.30128084470643 7.227347689459402
0.5278879103976064 8.561935710234012 7.490115485585262
0.5278879103976064 8.510728333518527 5.517717123321287
0.5278879103976064 4.829126939141837 3.7902506022023363
0.5278879103976064 2.844019530048883 2.7976968976558574
0.5278879103976064 6.53127708703915 4.567580525011183
0.5278879103976064 8.534945529744391 6.805281779263868
0.5278879103976064 5.265106783716092 5.1703624062497155
0.5278879103976064 5.265106783716092 5.1703624062497155
0.5278879103976064 5.819646332821222 5.436541389820178
0.5278879103976064 7.310633120310287 6.253951172766184
0.5278879103976064 3.191174707837615 2.9572095936851888
0.5278879103976064 3.654608237484297 3.3407852131476408
0.5278879103976064 3.6039370978896454 3.3261169453995763
0.5278879103976064 4.4100671158892055 4.082440030742127
0.17979819605539804 5.341360780366195 2.664310030811424
0.17979819605539804 3.284560236447714 2.242013180046289
0.17979819605539804 3.284560236447714 2.835211753557861
