2.0037217536325227 7.701720318334864 5.269050219042466
2.0037217536325227 7.356093836028924 6.8975048876532075
2.0037217536325227 6.821252715637943 6.703306837535687
2.0037217536325227 7.703883960094236 7.1269698348747035
2.0037217536325227 4.069541018902335 3.8657066214459777
2.0037217536325227 3.7309618269211637 3.696417025455393
2.0037217536325227 5.964083490441617 5.853401300409414
2.0037217536325227 6.007122393549675 5.874828179109428
2.0037217536325227 5.9026699902658635 5.824691025533189
2.0037217536325227 5.9026699902658635 5.824691025533189
2.0037217536325227 5.9026699902658635 5.824691025533189
2.0037217536325227 6.2826571473779005 6.122236695110513
2.0037217536325227 7.544512060665282 6.748623503164905
2.0037217536325227 6.174366557945834 6.09095366185957
2.0037217536325227 5.582020842197295 4.85787963067338
2.0037217536325227 5.582020842197295 5.510454860425999
2.0037217536325227 6.236973050531731 6.0452327069171865
2.0037217536325227 6.236973050531731 6.152308024593747
2.0037217536325227 7.631237757629663 6.760289064513079
2.0037217536325227 6.114441011556384 5.253875144330486
2.0037217536325227 3.9392924001837035 3.557499994935699
2.0037217536325227 4.747709367058722 3.896614369384571
2.0037217536325227 3.8760591580702273 3.403469825058516
2.0037217536325227 4.572117175980534 4.479823856357553
2.0037217536325227 4.5672642585307415 4.503074509020003
2.0037217536325227 4.453134585814642 4.255687591842077
2.0037217536325227 6.18215124372788 4.615551180269046
2.0037217536325227 4.117136764494969 3.105011486287123
2.0037217536325227 3.9230487645649075 2.9793624082984964
2.0037217536325227 3.9284115690579466 2.981936554455154
2.0037217536325227 3.9284115690579466 3.889917772749436
2.0037217536325227 3.9284115690579466 3.889917772749436
2.0037217536325227 5.6620410723509025 4.722059934330053
2.0037217536325227 3.706984960088058 2.875089126402799
2.0037217536325227 2.1113238209757594 2.1091717796288942
2.0037217536325227 5.23214062630386 3.6071638461863857
2.0037217536325227 3.5056064089768353 2.806313073629432
2.0037217536325227 5.948675614124021 4.530861197103473
2.0037217536325227 6.301999549200204 5.075478273911475
2.0037217536325227 3.998382130685862 3.950956316974197
2.0037217536325227 6.545531933717882 5.402310364628555
2.0037217536325227 8.363883560125856 7.39435426782003
2.0037217536325227 9.218709466047603 9.055801343525617
2.0037217536325227 9.218709466047603 7.994119707833758
2.0037217536325227 5.514620988552483 5.306617419030663
2.0037217536325227 5.600053711542756 5.52004663564293
2.0037217536325227 4.654440508478363 4.567788179966585
2.0037217536325227 4.560380614444213 4.458117390226073
2.0037217536325227 4.560380614444213 3.838834320727259
2.0037217536325227 5.18877729466783 3.7536930654071488
