2.54962255494106 7.653978732850703 5.5485062191960415
2.54962255494106 5.193148200557854 4.905887709818138
2.54962255494106 4.704835746750813 4.6617314829146155
2.54962255494106 4.704835746750813 4.150576968631249
2.54962255494106 5.455091208616441 4.78302917680062
2.54962255494106 4.375128501472194 4.243047823228499
2.54962255494106 4.375128501472194 4.338618382541574
2.54962255494106 5.565279531599764 4.909890877002808
2.54962255494106 5.565279531599764 5.504966392066592
2.54962255494106 5.565279531599764 5.381962203120926
2.54962255494106 5.633068295229005 5.5523251637776445
2.54962255494106 5.956583532645599 5.2356143728151165
2.54962255494106 6.659953290234689 5.53105484321058
2.54962255494106 6.190885680194555 4.581905941238329
2.54962255494106 5.063628676258613 4.079723618328407
2.54962255494106 5.063628676258613 5.013348553832265
2.54962255494106 5.063628676258613 4.994248030731638
2.54962255494106 5.023835919798973 4.974351652501818
2.54962255494106 6.6988895227025544 4.99451046982087
2.54962255494106 4.92529076494181 4.498030805165866
2.54962255494106 4.222594158474507 4.033413279463797
2.54962255494106 4.470036436748 3.994626904611655
2.54962255494106 6.564045920732056 6.042028457081013
1.6547615032615366 3.5668369293881104 2.6286964373584167
1.6547615032615366 3.795551310306053 3.330932578994511
1.6547615032615366 6.529611985010305 4.64328170285255
1.6547615032615366 4.360441982450528 3.501259471419861
1.6547615032615366 4.3221154566332665 3.9687073906280275
1.6547615032615366 4.514697643152093 4.452862969687484
1.6547615032615366 4.512165281209757 4.452121164679537
1.6547615032615366 7.043818521401056 5.667194051597558
1.6547615032615366 5.052461963930661 4.503084452015217
1.6547615032615366 4.901634807575373 4.43068741696468
1.6547615032615366 4.089614958526546 4.040917889421241
1.6547615032615366 4.089614958526546 4.040917889421241
1.6547615032615366 4.148275802606232 4.069075094579494
1.6547615032615366 4.148275802606232 4.098405516619341
1.6547615032615366 4.148275802606232 4.098405516619341
1.6547615032615366 4.5588434636153785 4.30437050548094
1.6547615032615366 6.441443173798117 6.032825241111486
1.6547615032615366 9.02172186997213 7.759324373291568
1.6547615032615366 6.302890011828893 4.329018503966541
0.6791253735097844 4.847044389005941 2.7825976038528997
0.6791253735097844 5.165875899103 3.3839808854952538
0.6791253735097844 5.165894247453323 3.3839900596704187
0.6791253735097844 5.545134737428167 4.396383401648032
0.6791253735097844 5.197283818598898 4.115102920777849
0.6791253735097844 4.49852370864814 3.805395574959241
0.6791253735097844 4.49852370864814 4.422135741945375
0.6791253735097844 4.49852370864814 4.422135741945375
