0.8505480350789196 7.715738221695178 5.6749623370335085
0.8505480350789196 7.637762193000476 6.114513782137462
0.8505480350789196 7.595949155076454 5.357593945972884
0.7443500456225682 3.2137675161105794 1.9317943912459403
0.7443500456225682 0.7443500456225682 0.7443500456225679
0.7443500456225682 1.058034835740497 0.8949187448791741
0.7443500456225682 2.921220490932019 2.03208487837367
0.7443500456225682 5.655693209746438 3.57307678809429
0.7443500456225682 2.6761846138893373 2.08332249016574
0.7443500456225682 6.465544150927407 4.456440500302277
0.7443500456225682 6.4952955574912075 5.303668757278363
0.7443500456225682 6.477023932047732 6.15511465364734
0.7443500456225682 6.477023932047732 6.362370454319232
0.7443500456225682 6.332626013400642 4.611723521367008
0.7443500456225682 6.625829298533674 4.75246109823086
0.7443500456225682 4.827822674545391 3.889417918716486
0.7443500456225682 4.849113051596344 3.8975627620449522
0.7443500456225682 5.82424962444756 5.397616555774209
0.7443500456225682 3.6971280668075797 3.277076144426684
0.7443500456225682 6.590259621878243 4.784028062309805
0.7443500456225682 3.083944665157816 3.0308705839495933
0.7443500456225682 5.37702656625747 4.176063109496197
0.7443500456225682 6.649994355475027 5.356140669514409
0.7443500456225682 6.503459615631602 4.844460531038279
0.7443500456225682 6.665736748529692 4.915263395028733
0.7443500456225682 6.306370973711346 4.430003047913237
0.7443500456225682 2.629022000302314 2.59132856120872
0.7443500456225682 7.437095458678142 4.9776416027140495
0.7443500456225682 9.294019999223929 9.047065537370207
0.7443500456225682 8.901056254404237 7.334912688588441
0.7443500456225682 7.589808412816613 6.467047171320628
0.7443500456225682 8.9655262329383 8.329592930520832
0.7443500456225682 9.045877489391703 6.405788203700688
0.7443500456225682 6.4610460608562015 3.9239236312467587
0.7443500456225682 6.4610460608562015 5.311096135661811
0.7443500456225682 8.049859652819002 5.881196118461682
0.7443500456225682 3.371799483033485 3.2716914666271166
0.7443500456225682 5.519245815843856 4.305483488103357
0.7443500456225682 5.534380192629701 4.269674416907153
0.7443500456225682 4.727317627181613 3.9375865354320263
0.7443500456225682 5.724415888797086 4.1496581229858
0.7443500456225682 5.9457277540769695 4.087493732892669
0.7443500456225682 8.108185958032925 5.846926642978181
0.7443500456225682 6.665137648813957 5.066180846352802
0.7443500456225682 6.665137648813957 5.436398746699406
0.7443500456225682 6.665137648813957 6.546721896750132
0.7443500456225682 6.665137648813957 6.2052183549028825
0.7443500456225682 8.046749075479852 5.658808644714311
0.7443500456225682 5.506376319714622 4.263924180323936
0.7443500456225682 3.116352124071185 3.068912082502215
