3.033958524946812 7.557092251081906 5.472598552486991
3.033958524946812 3.033958524946812 3.0339585249468137
3.033958524946812 6.154169209483715 4.531659653524527
3.033958524946812 3.033958524946812 3.0339585249468137
3.033958524946812 6.216299382204724 6.098597321747183
3.033958524946812 6.261799689465192 6.145689247785832
3.033958524946812 6.860700872283271 6.433161815538508
3.033958524946812 6.158692452687212 6.096197774132399
3.033958524946812 6.158692452687212 5.6774061235624345
3.033958524946812 6.158692452687212 6.096197774132399
3.033958524946812 6.053330369228675 4.805659113487316
3.033958524946812 6.274766558458293 4.705661787773631
3.033958524946812 4.8981276222669905 4.022634357084847
3.033958524946812 4.43934343728775 4.300684646005241
3.033958524946812 4.986482352632347 4.673862418406341
3.033958524946812 4.43934343728775 4.359106005797643
3.033958524946812 4.334985126899596 4.285588707470349
3.033958524946812 4.286285361503367 4.2612388247722315
3.033958524946812 4.286285361503367 3.983428420806714
3.033958524946812 5.4339981289615515 4.770259163407627
3.033958524946812 5.4339981289615515 5.385997336881254
3.033958524946812 7.026878479450492 6.3577033112107335
3.033958524946812 5.799135210388652 4.799685730653056
3.033958524946812 3.832164489499569 3.8162003702085183
3.033958524946812 3.832164489499569 3.8162003702085183
3.033958524946812 3.900150009948057 3.8757571251604634
3.033958524946812 3.8860118997729214 3.868970832276397
3.033958524946812 3.8860118997729214 3.868970832276397
3.033958524946812 3.8860118997729214 3.868970832276397
3.033958524946812 3.8860118997729214 3.868970832276397
3.033958524946812 3.8860118997729214 3.868970832276397
3.033958524946812 6.289501911989458 5.070715838384663
3.033958524946812 8.25924207202235 5.986636717725073
3.033958524946812 3.923042705310824 3.905261021703542
3.033958524946812 4.276598201814039 4.08203876995515
3.033958524946812 4.478266692521938 4.3485462838164874
3.033958524946812 6.053120228212393 5.165604754780311
3.033958524946812 4.398855749478862 4.371557804988217
3.033958524946812 4.404698869963486 4.37447936523053
3.033958524946812 6.093236771181203 5.221553013672012
3.033958524946812 4.404698869963486 4.37728406306315
3.033958524946812 5.437847113928861 4.873195220166529
3.033958524946812 5.437847113928861 4.964462846003096
3.033958524946812 4.551791913624438 4.521435245850888
3.033958524946812 4.654379092392514 4.572728835234924
3.033958524946812 6.368886326313454 5.44493415332565
3.033958524946812 6.144503743635866 5.33723051364041
3.033958524946812 5.622110726552222 5.061376319310873
3.033958524946812 5.783056777651279 4.9843943952211704
3.033958524946812 6.564396597533232 4.8102855067564265
