3.6658650736284604 7.734370825544854 5.516392987158796
2.7687442774019364 5.7112546606182555 4.1990916772703
2.7687442774019364 5.532860803898473 4.6311757272833285
2.7687442774019364 6.6484697702813556 6.0353829565599835
2.7687442774019364 5.900578911970868 5.661437527404736
2.7687442774019364 9.220760570489288 6.646234625619719
2.7687442774019364 4.125998864222989 3.844668552723604
2.7687442774019364 4.486981951198665 4.279345315974405
2.7687442774019364 4.615475302892875 4.383975151283973
2.7687442774019364 4.558224828443716 4.024745690609085
2.7687442774019364 4.873464355203176 4.182365453988813
2.7687442774019364 6.53077521365406 4.874540590094973
2.7687442774019364 3.2370377035831344 3.2276718350595117
2.7687442774019364 5.551040840960312 4.338393341000557
2.7687442774019364 4.560249244252972 3.9471916918056458
2.7687442774019364 5.8095549951361924 4.571844567247251
2.7687442774019364 7.20311343195808 5.851020025866634
2.7687442774019364 7.630881271227755 6.063394615631625
2.7687442774019364 6.6865935527806 6.352688528306627
2.7687442774019364 9.736351560643431 7.88162883401551
2.7687442774019364 9.453129227024917 8.44438028976829
2.7687442774019364 7.703006750496579 7.500839799685403
2.7687442774019364 7.639896569297671 5.626341532682518
2.7687442774019364 4.885599593344182 4.216677051090096
2.7687442774019364 3.966482265530552 3.7821818046206914
2.7687442774019364 3.6774794761192386 3.3815373877372266
1.402390817367618 5.622120041058803 3.5395824984138984
1.402390817367618 1.402390817367618 1.4023908173676178
1.402390817367618 1.402390817367618 1.4023908173676178
1.402390817367618 1.402390817367618 1.4023908173676178
1.402390817367618 1.402390817367618 1.4023908173676178
1.402390817367618 6.317289665982248 3.7615422647026433
1.402390817367618 6.023927672171055 3.713159244769339
1.402390817367618 3.6536288926785763 3.5878358450746193
1.402390817367618 5.840454560793354 4.65828045186745
1.402390817367618 3.938960653176356 3.730488672213789
1.402390817367618 4.02574888467587 3.773513297944942
1.402390817367618 4.02574888467587 3.973281723329701
1.402390817367618 4.843600867199122 4.382207714591327
1.402390817367618 4.641496549495923 4.043957425629827
1.402390817367618 4.060418644998343 3.7534184733810405
1.402390817367618 5.326135957640197 4.640116744766655
1.402390817367618 6.66067395491482 5.607722793300858
1.402390817367618 4.76510295718878 4.697848714392362
1.402390817367618 6.832664463296121 5.731629467446027
1.402390817367618 5.819380691332615 4.860470053383327
1.402390817367618 5.875669704741515 5.742133226474161
1.402390817367618 7.276623441630855 7.117880140170139
1.402390817367618 7.6509382062086875 6.8060816434065705
1.402390817367618 7.845093091645641 6.644669131652134
