0.10961976380958705 7.70485260321934 5.459232810279148
0.10961976380958705 0.10961976380958705 0.10961976380958692
0.10961976380958705 0.10961976380958705 0.10961976380958692
0.10961976380958705 0.3633480230335384 0.23648389342156242
0.10961976380958705 0.10961976380958705 0.10961976380958692
0.10961976380958705 0.10961976380958705 0.10961976380958692
0.10961976380958705 0.10961976380958705 0.10961976380958692
0.10961976380958705 2.8656108368265767 1.4876153003180825
0.10961976380958705 4.887659240199049 2.4986395020043206
0.10961976380958705 0.10961976380958705 0.10961976380958692
0.10961976380958705 3.016994811327106 1.5633072875683482
0.10961976380958705 7.585584209877421 5.474743927126719
0.10961976380958705 6.184456175576464 4.373764372933213
0.10961976380958705 3.244174279091571 1.6768970214505798
0.10961976380958705 0.10961976380958705 0.10961976380958692
0.10961976380958705 0.10961976380958705 0.10961976380958692
0.10961976380958705 5.229177247581305 2.567007356020012
0.10961976380958705 0.10961976380958705 0.10961976380958692
0.10961976380958705 0.10961976380958705 0.10961976380958692
0.10961976380958705 0.10961976380958705 0.10961976380958692
0.10961976380958705 0.10961976380958705 0.10961976380958692
0.10961976380958705 3.0197265800828004 1.5064710356207311
0.10961976380958705 0.10961976380958705 0.10961976380958692
0.10961976380958705 3.2398709318029444 1.6121403244463997
0.10961976380958705 2.3962413437844643 1.2071981221975294
0.10961976380958705 0.10961976380958705 0.10961976380958692
0.10961976380958705 0.10961976380958705 0.10961976380958692
0.10961976380958705 0.10961976380958705 0.10961976380958692
0.10961976380958705 2.768143324637816 1.3857110730071382
0.10961976380958705 3.1030205384633978 2.6875693010727315
0.10961976380958705 0.4395280206180989 0.3643270898020779
0.10961976380958705 0.5187436747640359 0.4960715749419253
0.10961976380958705 5.668744363099524 4.199288913755504
0.10961976380958705 0.10961976380958705 0.10961976380958692
0.10961976380958705 4.898894848530286 2.504257306169939
0.10961976380958705 0.10961976380958705 0.10961976380958692
0.10961976380958705 2.885570618056381 1.4420761738480496
0.10961976380958705 2.646459205471342 1.6099929282931003
0.10961976380958705 3.1288668125139982 2.511984835308872
0.10961976380958705 4.796983101699912 3.483058731619841
0.10961976380958705 7.2160588596823025 3.7098260313443863
0.10961976380958705 0.31789349417542967 0.2926331852714093
0.10961976380958705 0.2739459227239647 0.2706593995456768
0.10961976380958705 5.631785107925381 3.881990845321062
0.10961976380958705 4.963569016044779 3.563282058656385
0.10961976380958705 7.4843277319796435 5.257398979587321
0.10961976380958705 5.277304939419416 4.11138493111554
0.10961976380958705 0.7375739093412936 0.535473147133786
0.10961976380958705 4.98041357370133 2.7511509598720068
0.10961976380958705 0.539066203635731 0.5304772748392077
