3.6797947793540335 7.2693439015026815 5.804900410724948
3.6797947793540335 7.2693439015026815 5.380527507830283
6.368837491511471 7.2693439015026815 4.4256323848127295
5.485046416540648 5.434365109378078 4.053163871974083
5.782250082172169 6.368837491511471 4.558699466209831
1.5755655171182252 6.014024402251614 4.381418625656301
1.5755655171182252 6.014024402251614 4.103384833365948
1.5755655171182252 5.782250082172169 3.5625454597837036
1.5755655171182252 5.262321522768644 3.9961324091089545
1.5755655171182252 6.5077416226783455 4.324379530253266
1.5755655171182252 6.5077416226783455 3.143499050160086
1.5755655171182252 2.9114432473401455 1.6754342325607523
1.5755655171182252 5.753373539044318 3.0038568018336305
1.5755655171182252 6.186354963929247 3.943902410159315
1.5755655171182252 7.9072701857922265 5.811629169408854
1.5755655171182252 7.9072701857922265 5.364860849832812
1.5755655171182252 7.9072701857922265 5.004579194182142
0.642222237466783 6.631367007323252 4.0471175336816945
0.642222237466783 5.761006010778946 1.6143943286301126
0.642222237466783 2.8819656371261613 1.1372897006362714
0.642222237466783 4.4821096791799135 1.4828930016688013
0.642222237466783 5.494073709257368 2.508318957386238
3.150791638057257 5.494073709257368 2.0338134176850406
0.642222237466783 6.501529884063018 3.156670946584936
0.642222237466783 5.614495531319957 3.7883935055588784
