4.785462236391645 7.67624615472843 5.630121275184273
4.785462236391645 8.504641840053004 6.128650155322452
4.785462236391645 8.538129267546847 5.739679472925665
4.785462236391645 8.538129267546847 4.407734248501709
4.785462236391645 7.769843044553252 4.783710954328999
4.785462236391645 7.769843044553252 4.018502171311683
4.785462236391645 7.769843044553252 4.795337354090509
4.785462236391645 6.379183042754015 4.977584732943873
4.785462236391645 6.434997132579184 4.182640373096499
4.785462236391645 4.235488625753845 3.9964074203175075
4.785462236391645 7.7003994782806835 4.73074246572693
1.0261320360038764 10.063342080647189 5.1794332619782555
3.31786062834604 6.895779354280753 5.081222728413271
3.31786062834604 6.574870238537255 2.838542780435289
3.31786062834604 5.666825371200094 3.734883305565596
3.31786062834604 6.373311747085015 2.8889445401345673
3.31786062834604 6.373311747085015 4.584861112619413
3.31786062834604 7.64992471634932 3.7389396351965947
3.31786062834604 7.64992471634932 2.5352225358184715
3.31786062834604 4.337302464650495 3.1693896896699125
3.9420997988268316 6.480480345267431 3.9990784935264676
2.9545102549373046 4.367174181586485 3.8149879432321594
2.9545102549373046 5.15404214315285 3.893580837422637
2.9545102549373046 6.564189450293419 5.362609971840408
2.824381283347272 6.564189450293419 4.630544388501798
