3.258100749877333 7.5230501224863975 5.792531324966833
3.258100749877333 7.5230501224863975 5.647508256119011
3.258100749877333 7.507543977319035 6.409824893480476
3.258100749877333 8.777098997925398 6.9782229780721625
3.258100749877333 10.295844307415779 6.948202652326206
3.258100749877333 10.876191647644891 7.96386885504521
3.258100749877333 10.876191647644891 5.954371458699293
4.218300232166175 5.300837450789377 4.065992087255087
4.218300232166175 5.300837450789377 3.222267951224491
4.218300232166175 4.043189480977873 2.77127872292938
2.713731753635049 5.442097465839495 3.6385420474305668
2.713731753635049 5.628870044475846 4.996780164790895
2.713731753635049 6.369633081449425 4.82793745585542
2.713731753635049 6.369633081449425 4.684574404291657
2.713731753635049 5.142091807009145 3.956496790004756
2.713731753635049 4.544847033480277 4.278629308982038
2.713731753635049 4.544847033480277 3.4551472046091067
2.713731753635049 6.2185835367938616 4.098992856839233
2.713731753635049 6.2185835367938616 4.24182775656953
2.713731753635049 6.343440473777456 4.904836586812959
2.713731753635049 6.343440473777456 4.710265297762272
2.713731753635049 6.343440473777456 4.02349411540826
2.713731753635049 4.44035263975093 3.3474049909991317
2.713731753635049 4.60770572191937 3.5579848984926743
2.713731753635049 3.9702603755659465 3.2408076659996117
