2.438833366646581 7.766397832494727 5.675177840882575
2.0835082433854244 6.640897299115672 4.084524482702128
2.0835082433854244 4.538231788793773 3.3760007274593846
2.0835082433854244 5.155192116682343 4.133436562146044
2.0835082433854244 6.449952086734694 4.028207953989147
2.0835082433854244 6.449952086734694 3.8353261968218706
0.9162194059478002 5.6075610152748006 2.9485957186971015
0.9162194059478002 3.598003301482692 2.007733359281109
0.9162194059478002 4.453449665877294 2.580931648268734
0.9162194059478002 4.453449665877294 2.163120900945687
0.9162194059478002 3.2078884659613114 2.1131172109054845
0.9162194059478002 6.254450553633724 2.687448397457402
0.9162194059478002 2.6512604414335326 1.3269570062498772
0.9162194059478002 1.2888917631298118 1.2745582109305036
0.9162194059478002 2.7149844149290456 1.493957080438078
0.19929965735756427 2.7149844149290456 1.0203314318172905
0.19929965735756427 1.2888917631298118 0.28311443472466
0.19929965735756427 4.926085198767829 1.6536952085607224
0.19929965735756427 0.19929965735756427 0.19929965735756416
0.19929965735756427 5.410911681717089 2.1184352652584364
0.19929965735756427 5.410911681717089 0.5831267789377386
0.19929965735756427 0.19929965735756427 0.19929965735756416
0.19929965735756427 0.19929965735756427 0.19929965735756416
0.19929965735756427 2.4892484153904886 0.6396744185177418
0.19929965735756427 0.19929965735756427 0.19929965735756416
