0.9021733698170107 7.731441938734845 5.246739663268249
0.9021733698170107 6.720642372072254 3.754049461971223
3.1915407516443506 4.51763233613147 1.041229483906028
0.9021733698170107 3.1915407516443506 0.9021733698170104
0.9021733698170107 6.379285774053034 3.0180699363512633
0.9021733698170107 7.215294193072236 4.956515581142698
0.9021733698170107 7.215294193072236 4.894319207072103
0.9002250051826342 7.215294193072236 2.19371257539213
0.9002250051826342 5.275902612546783 3.0505277321440096
3.299714839019384 0.9021733698170107 0.9005247535879225
3.998640089026957 3.299714839019384 1.3617402949448696
0.9002250051826342 3.998640089026957 1.6807251379337684
0.8142347981224991 0.9002250051826342 0.8671518486210434
0.8142347981224991 0.9002250051826342 0.827464060747135
0.8142347981224991 3.1898553187307894 1.5485022739658243
3.269948652564793 3.2395722794113166 1.8134923283549613
0.33685934816793806 3.269948652564793 1.038310927026439
0.33685934816793806 3.262040042717747 1.3722913909712489
0.33685934816793806 1.0061593506953703 0.5875079658780119
0.1217759952756663 3.5026967958864437 1.0483207620976547
0.1217759952756663 5.758350536827923 1.1038806847139553
0.1217759952756663 0.33685934816793806 0.13004843192536905
0.1217759952756663 3.625075631639359 1.4691989323386256
0.1217759952756663 0.1217759952756663 0.1217759952756663
0.1217759952756663 0.1217759952756663 0.1217759952756663
