5.41024427042483 7.497888486885385 5.15454262218105
5.41024427042483 7.497888486885385 4.436962206060613
4.9493509979198365 7.153189559316207 5.076660288645446
4.9493509979198365 11.123264057087544 6.701565009706199
4.9493509979198365 11.123264057087544 6.806329362758395
4.9493509979198365 0.41550026581650146 6.763456804017219
0.41550026581650146 12.91974050743885 5.012182893104967
0.41550026581650146 3.0238556770930534 1.9723775477006644
0.41550026581650146 2.014973067619025 0.5073375648307782
0.41550026581650146 0.41550026581650146 0.41550026581650124
0.41550026581650146 5.534950209787464 2.1876175541141434
0.41550026581650146 2.878827190300385 1.3629336983103026
0.41550026581650146 0.41550026581650146 0.41550026581650124
5.186123223334615 0.41550026581650146 0.41550026581650124
0.41550026581650146 5.186123223334615 1.435379489758853
0.41550026581650146 0.41550026581650146 0.41550026581650124
0.41550026581650146 0.41550026581650146 0.41550026581650124
2.612289296578901 4.980567206040238 1.7235859052452018
0.41550026581650146 3.3216545815157663 1.3968355247514368
0.41550026581650146 4.444750544204943 1.8947326325956704
0.41550026581650146 2.60203511210942 0.9200852303456362
0.41550026581650146 6.257115351997015 1.3650210967973893
0.41550026581650146 0.41550026581650146 0.41550026581650124
0.41550026581650146 0.7775218685096488 0.5408154359795136
0.41550026581650146 5.259100902347939 2.1281958694235446
