5.606872613479634 7.609566530489872 5.213420337614979
5.606872613479634 7.609566530489872 4.043413181095061
5.606872613479634 7.609566530489872 3.76417213467795
5.606872613479634 4.5624492722766625 3.9432237177087077
4.2208464393990965 2.7904313518254082 5.018539197408737
2.7904313518254082 8.0597340381707 4.738099410482059
3.851138658827264 5.606872613479634 4.262805902409009
2.7904313518254082 5.606872613479634 3.9738075384679967
3.851138658827264 4.4334223240225334 3.7720633017171563
3.851138658827264 6.047294607924563 3.943569287871119
3.851138658827264 6.047294607924563 4.294954937282796
3.851138658827264 6.047294607924563 4.178646378105688
3.619499176394616 3.918648532963243 4.568590053128786
3.619499176394616 6.644937245533686 5.1672879083428995
3.619499176394616 6.484723451782447 5.340043452947355
3.619499176394616 6.484723451782447 4.204064139692558
3.3971224837488774 5.904745598160272 3.9717660005746405
3.3971224837488774 4.518873734577877 4.195859792989038
3.3971224837488774 4.510275808168451 4.207364368038442
3.3971224837488774 4.510275808168451 4.204365835622311
3.3971224837488774 4.565429166822263 4.387454793945815
3.3971224837488774 4.565429166822263 4.391515128154521
3.3971224837488774 6.427616393185467 5.16133714597852
2.318077963410698 6.427616393185467 4.364157798101427
2.318077963410698 4.507049797342777 3.43000984159218
