1.1951370814937836 7.67737397576121 5.092121540790725
0.6519319414838987 7.636397644471453 3.199158269304917
0.6519319414838987 6.040454346291757 1.5833047449228284
0.6519319414838987 6.040454346291757 2.2011412761998113
0.6471466599553222 2.923662834667376 1.4462884190761258
0.6471466599553222 2.923662834667376 0.7847648260992224
2.3493758042541733 3.5599111103351793 1.9510747942658955
2.3493758042541733 3.8426929502377907 1.7294554332219718
2.3493758042541733 0.8188571788001977 0.7858359251761828
0.8188571788001977 3.588962076081622 1.9271307354465146
3.1435260173267676 3.3992733092230805 1.3726046976445343
0.8188571788001977 3.1435260173267676 1.0565439596658557
3.122177998179055 5.661099238662956 2.4829557811035676
3.122177998179055 5.385735718726764 3.626305443054765
0.8188571788001977 5.385735718726764 4.369025530435185
0.8188571788001977 4.836928536642137 2.6686643614295726
0.8188571788001977 3.7128092352575774 1.8139320377720098
0.8188571788001977 3.267249635937827 1.5304422087185041
0.8187511200416435 4.964502314440885 2.4367149260435967
0.8187511200416435 5.6621858257346 3.6194532000786874
0.8187511200416435 6.662800436125135 1.4546401632157153
0.8187511200416435 2.6576932263295032 1.4553336715153335
0.8187511200416435 5.643667188713362 4.302648142056386
0.24821911416661324 5.643667188713362 2.177825680903435
0.24821911416661324 5.643667188713362 2.434896102315049
