1.004421244817387 7.719707766021546 5.017096669476297
1.004421244817387 5.986660090994356 2.997821287036534
1.004421244817387 7.507173531026195 4.348203282527629
1.004421244817387 8.726952199829642 4.204645707271103
5.2714673655867905 7.507173531026195 1.7695949413091527
2.92713030847499 5.240221073277407 2.8046028114700143
3.2899398846981183 5.240221073277407 2.889855297470919
3.2899398846981183 5.240221073277407 2.6702963932641497
5.2714673655867905 3.36088291228953 2.799206100651438
2.8340163062870656 5.754672570198753 4.6082094939072755
2.8340163062870656 5.754672570198753 4.314045720439067
2.8340163062870656 5.7092578787784305 3.5227457631991017
2.8340163062870656 5.7092578787784305 3.537006270385315
2.8340163062870656 4.374749863551653 3.6545677628879223
2.7063620419960057 5.600297566213829 3.3755137825902946
2.7063620419960057 4.9217550352672035 3.97638521982028
2.136798991483556 4.9217550352672035 2.905597860142048
2.136798991483556 6.384342447784913 4.076755962193351
2.136798991483556 6.384342447784913 4.56264324618287
2.136798991483556 6.156184649099604 4.996488419185568
2.136798991483556 6.156184649099604 4.7005716340126815
2.136798991483556 6.228368303382922 4.395530588126977
2.136798991483556 6.2936681898557545 4.493391683535314
2.136798991483556 6.228368303382922 3.747457811809473
2.136798991483556 5.760858146244157 3.3885118686000806
