3.7138530589312926 7.372726987681293 5.382208227879377
3.7138530589312926 6.939887073737152 4.762865367869582
3.7138530589312926 7.389756566530901 6.03943737394659
3.7138530589312926 7.647941625492567 5.636889024258829
3.7138530589312926 10.385726548268813 7.702651567316201
3.7138530589312926 9.169037798405864 6.7237817224437455
3.7138530589312926 7.957176945172311 6.724470351450622
3.7138530589312926 7.957176945172311 6.647109027973609
5.714411459287966 7.957176945172311 5.224098850787498
5.714411459287966 8.69239814603722 6.224065963030691
2.6782652116422097 8.69239814603722 5.124474642901286
2.6782652116422097 8.285780606971963 5.181225713438016
2.6782652116422097 4.91246870642027 3.953324818441181
2.6782652116422097 5.340441011450061 3.6003345361874346
2.6782652116422097 7.065378383016302 4.453596622527494
5.6584291491494625 5.570585219722833 3.634041125763027
2.6782652116422097 5.6584291491494625 3.9303115750596924
2.6782652116422097 5.6584291491494625 3.7657544250325987
0.8388521917900644 6.285268035569054 4.054572269757736
1.502429973714293 6.285268035569054 3.0823013275989237
1.502429973714293 5.6905732034194685 2.439136560867252
0.8388521917900644 5.6905732034194685 2.6045278001176895
0.8388521917900644 3.200837641283077 2.5179642311476096
0.8388521917900644 3.781104773846956 2.574540558156012
0.8388521917900644 5.328176746368243 3.712920484128232
