5.361550699600318 7.452548106893008 5.239741785748345
3.834810782919839 6.875081030457684 4.940703209715725
2.9937175978005155 5.455287886776521 4.085318055214684
5.58411170772586 4.593509636007461 3.843438023158675
5.58411170772586 6.759901920664575 4.448837043334104
5.58411170772586 6.759901920664575 4.0484747565004415
1.8587606516242805 7.697045984146628 4.0043199635130655
1.974378517626676 6.4654647760030635 4.135337510351527
1.8587606516242805 6.4654647760030635 4.1852335416945206
5.01824320916953 5.668960476121626 2.3674344600287913
1.974378517626676 5.893915414097563 4.804441654343105
1.974378517626676 7.697253705547636 5.662971917916759
1.974378517626676 7.697253705547636 3.8438058625698783
5.227637901846062 5.860188662986236 3.3020836333020083
5.227637901846062 5.824765135599197 2.1912142124734184
5.227637901846062 3.5642973992492455 2.142171090313899
1.5101149530093 5.227637901846062 1.5101149530092999
1.5101149530093 5.227637901846062 3.258915126373595
1.5101149530093 6.400937288884396 4.719339979727241
1.5101149530093 7.301467912732971 4.503246022601312
1.5101149530093 7.301467912732971 4.8961727948925295
1.370304834636006 6.450015328556937 3.9130382189612267
1.337437742411414 5.085520608665579 2.0873305138847518
0.6348710917825682 5.674840431316568 2.6013624122290437
0.6348710917825682 5.674840431316568 0.8287160663800294
