3.2164789250682877 7.707972274362456 5.560337497935742
3.483427929405576 6.999692252258022 4.330074518112853
3.483427929405576 6.838920778596618 4.355862732278909
3.483427929405576 4.643953432093284 4.325183993170231
3.483427929405576 4.7412268582890285 4.163916537248969
3.483427929405576 5.216340965340006 4.693188437073119
2.543794392710318 5.654727291430998 4.631994730852028
2.543794392710318 5.654727291430998 4.333100066565465
2.543794392710318 6.447638050044546 5.769334663400865
2.543794392710318 6.447638050044546 4.614427337668183
2.543794392710318 6.311844959185045 5.291266330861507
6.053049986038875 6.311844959185045 2.644204684100523
0.5067998481688218 6.053049986038875 3.3640094761174884
0.5067998481688218 6.053049986038875 1.0397790396001925
3.2552154698536637 5.687045980644708 2.0474706244065715
3.0741503676553177 5.687045980644708 1.2345815497419024
0.5067998481688218 5.597644985411314 3.2256352994426956
0.5067998481688218 3.0252014448641416 2.3274079981157816
0.3785775727257463 4.291538679068275 1.8223523596355906
0.3785775727257463 4.894661119238897 1.5860440808700023
0.3785775727257463 4.291538679068275 1.186884623845689
0.3785775727257463 5.690015853450454 3.2337433250742724
0.3785775727257463 5.0945548599661095 3.097243672115082
0.3785775727257463 7.542065226201139 3.2908026098669314
0.3785775727257463 7.542065226201139 1.0159317937924288
