2.4661007866812175 7.297265575703122 5.717898160357942
2.4661007866812175 6.821929334503482 4.3247658222744985
2.4661007866812175 8.44300174517046 4.877383122071568
2.4661007866812175 6.529606797059355 3.945215149682746
1.2983664801454293 6.529606797059355 2.9025656918747123
1.2983664801454293 3.313644664975865 2.1383224471696467
1.2983664801454293 3.313644664975865 1.5308985783950957
3.5418880254663603 3.1495219136382713 1.9300658481945505
3.5418880254663603 5.363072406491856 1.7534327385946047
1.2983664801454293 3.5418880254663603 1.8910345661148542
3.5093619098583813 5.682199398780941 2.717253065011249
4.864250726971516 5.682199398780941 1.8858243411791427
5.315465289399651 5.725503260950685 3.1581859464654873
0.3661540158881782 5.725503260950685 4.3182961084551925
5.417650211810166 6.4754928428349565 5.112606380578475
5.285657033916525 6.14931875144773 0.5885834287943145
1.8569318607329994 5.417650211810166 2.796828485230741
2.9927779301330912 5.285657033916525 1.1136970557949621
0.3661540158881782 0.4526201365770075 0.39275897610012545
0.3661540158881782 5.691294140819661 1.417945448144424
0.3661540158881782 5.622632825037012 0.806871547777097
0.3661540158881782 4.692817532087428 1.5443274426631803
0.3661540158881782 0.4526201365770075 0.36947963591467137
0.3661540158881782 5.153224867025397 2.888702653540624
0.3661540158881782 3.473729074195646 2.692456096548237
