2.9260421241816457 7.775523508075061 5.59955222677231
2.9260421241816457 8.149591110760827 5.922920876285873
2.9260421241816457 8.149591110760827 5.000219940013721
2.9260421241816457 8.149591110760827 5.704999011681504
2.9260421241816457 7.437212478854814 5.554405034119989
2.9260421241816457 8.567301409683148 5.468254946927848
2.9260421241816457 8.567301409683148 3.7871230663994746
2.1858293664250863 2.9260421241816457 2.6413449096598933
2.1858293664250863 5.676572360641163 3.149912571933267
2.1858293664250863 3.1030626030592647 2.828299582049287
2.1858293664250863 3.384390285592492 3.0156808953750485
2.1858293664250863 5.078271910877323 3.4185761941576236
2.1858293664250863 5.078271910877323 2.9931530864332743
1.2935726872838171 6.446163619460034 3.1891200751615583
1.2935726872838171 6.446163619460034 1.5412599491518582
1.2935726872838171 5.656270180014367 2.6359411465855254
3.8103272323080124 8.058937966891367 4.557567406165165
1.2935726872838171 8.058937966891367 2.1300909718414145
1.2935726872838171 2.7158108946713964 1.7311844434030732
0.7874116720312441 3.8103272323080124 2.0355995964113403
0.7874116720312441 3.220319466262716 1.4638072674553322
5.585332168474295 2.3380933215971393 1.3241860891886694
0.7874116720312441 5.585332168474295 3.2606727193292353
0.7874116720312441 5.585332168474295 3.5906249807621737
0.7874116720312441 5.585332168474295 2.417777140244144
