1.4871735926834657 7.620882373782816 5.207831439227359
1.4871735926834657 5.295007442817134 2.9294854484887765
1.4871735926834657 3.972618418178705 2.6971347634348186
1.4871735926834657 5.411511500686579 2.9739714063725953
1.4871735926834657 5.411511500686579 3.26727426877254
1.4871735926834657 5.131065499336508 2.536082863854018
1.4871735926834657 5.365763293583427 2.944132263024577
1.4871735926834657 6.261548057335926 2.515519268233837
1.4871735926834657 6.158683925364912 4.673628031258054
1.4871735926834657 6.664830720020408 4.84579553121895
1.4871735926834657 6.664830720020408 4.281508669380097
1.4871735926834657 6.664830720020408 3.676771683246571
1.4871735926834657 4.954703098701302 3.982766919699164
1.4871735926834657 4.954703098701302 3.6940544106043416
1.4871735926834657 6.465224719994875 3.8464245851196353
1.4871735926834657 6.465224719994875 2.253731474089731
5.317881990731816 3.1145236298000545 2.0264639700137304
1.021883050504805 5.385343036024253 3.1303240650097846
5.317881990731816 5.385343036024253 2.804985857569657
5.317881990731816 6.097387157673168 3.2610174615000846
5.317881990731816 8.091456913645693 4.18523960490271
5.317881990731816 8.102658302278321 4.948755901656761
3.697360625473799 8.531441976096396 5.966200619134788
3.59389743785852 8.531441976096396 5.270809716386157
3.59389743785852 6.860098424990893 5.512123091023538
