3.56543980984781 7.689227336935998 5.344930749178429
3.56543980984781 7.274266644579061 5.020635086102407
3.56543980984781 7.104979645421043 5.186582982595879
3.56543980984781 6.772439367584077 3.9505964871065946
3.56543980984781 7.575558222744098 5.58277143563763
3.56543980984781 6.667381766383794 5.178090489737234
5.458386671979277 6.667381766383794 3.718541822658348
2.793352727482685 6.041951570203263 2.8911898281150026
2.8398231362713457 6.087734584438124 3.2227462972926677
2.793352727482685 5.63732114093148 4.5401808932671965
2.793352727482685 6.1064328340616285 5.351236242952068
2.793352727482685 5.296250584810686 5.845208093948738
2.793352727482685 8.809988687257098 6.22232448498539
2.793352727482685 8.809988687257098 5.635890689520802
2.793352727482685 8.809988687257098 4.558983438446973
2.793352727482685 7.364266753283021 4.607769256053088
4.536455908662031 6.404401951466799 4.517792158723164
3.3375949268132215 5.840635537548032 4.984491957055914
2.925704768784126 5.840635537548032 3.8828369530816356
2.925704768784126 7.332380843679868 4.937883372389951
2.925704768784126 7.332380843679868 5.407690827174872
2.925704768784126 7.332380843679868 5.899822961533984
2.925704768784126 7.332380843679868 5.531264219431092
3.7861825854827527 5.993050879790783 3.5248902608324353
5.68871450153576 6.658259404447442 3.445408211293727
5.68871450153576 4.376041425066511 3.068822088052037
5.68871450153576 6.568702232705579 3.5408767121567286
5.68871450153576 6.568702232705579 3.3722361766341002
1.167110389749919 7.541535778541551 4.66271845848449
0.3083797976603688 7.541535778541551 2.1884495308200274
3.1492823763861364 5.4003091762649404 2.4274085093131395
2.600466749288078 5.615938536458781 3.0451076021622225
6.145261470875436 3.2975170504964884 2.8042871453621085
2.365713823054023 5.050541537940273 3.782687979146209
5.008493027527994 7.683244403240515 5.592319069419065
2.365713823054023 7.649603241783037 5.576444960465575
5.008493027527994 7.649603241783037 5.096999837236393
5.008493027527994 7.747533888997705 5.109874853129315
5.008493027527994 7.747533888997705 6.416444241435352
5.008493027527994 8.742561180199498 6.81500925524857
5.008493027527994 8.742561180199498 5.926305929765898
5.008493027527994 6.281426518020417 4.26657731867345
2.9447551347047853 5.456008670452782 3.6001864012089464
2.9447551347047853 6.2888837259421315 5.106294251144314
6.351553018586767 6.351446678930468 4.457696558722157
2.9447551347047853 7.400282369909595 5.396937524890359
2.9447551347047853 7.400282369909595 3.959266472433368
3.39542756981399 6.175320924920182 4.07218993015911
0.4727393704651601 6.351553018586767 2.18487414397079
0.4727393704651601 4.335681472310014 2.918760186644338
