5.233487037822481 7.6214452461998174 5.486902647501431
5.233487037822481 7.6214452461998174 3.6176000422323
5.233487037822481 6.191759757101863 2.9655927889161857
5.233487037822481 5.630672501923044 3.2164690229692936
3.165451537372775 5.630672501923044 4.020312271104624
3.165451537372775 5.362402679585546 3.0279909611931894
3.165451537372775 7.0977630684397806 5.656446869688519
3.165451537372775 9.16427521396385 6.104758567387169
3.165451537372775 7.724917522966221 4.128354008866879
3.165451537372775 7.73793011770376 5.487917475534484
3.165451537372775 7.728813009598042 4.45372123852285
2.098875797934206 7.728813009598042 4.482905677397718
1.4224920243137729 6.508282485482834 4.088780041669091
1.4224920243137729 6.508282485482834 4.339116436096038
3.2730660370460822 7.716423809388791 3.4551867907030442
2.8292071666021426 7.716423809388791 3.9760287673816532
2.8292071666021426 7.26859412320492 5.1477250328910475
2.8292071666021426 6.566150391477212 5.5352619704855215
2.8292071666021426 6.566150391477212 5.946330611404984
2.8292071666021426 6.566150391477212 5.423488327660549
5.6920311659037175 6.566150391477212 3.5642225538992216
2.8292071666021426 6.566150391477212 5.322626361915599
4.416667752991803 6.45586296755398 4.937400356732852
2.830603863041539 7.599819458001761 5.202020095892975
2.754035662679844 6.803218138770806 5.584572139768245
2.830603863041539 6.803218138770806 5.6027373223305945
2.830603863041539 6.2528804205535025 5.655977727083557
2.830603863041539 9.262893413060935 6.431718125547991
2.830603863041539 12.603824552260555 7.735597269873053
2.830603863041539 12.603824552260555 5.396515244669005
2.830603863041539 6.415615780257557 4.804636227297849
5.520233466095284 6.738406325390601 4.096104486166943
5.2515628325115244 6.738406325390601 3.9091184146721063
5.231693024809264 6.350217866304295 5.672250117831116
2.7656906490994797 6.350217866304295 5.005688913740626
2.7656906490994797 8.621235933413189 5.367481906041824
2.7656906490994797 10.752985001394888 6.437335165497079
2.7656906490994797 10.752985001394888 5.288426861079878
2.7656906490994797 10.752985001394888 4.721357134751375
2.7656906490994797 10.752985001394888 4.167821249111339
2.7656906490994797 6.479974747684047 4.156177708251516
2.2611442893512117 5.570006079857169 3.47902982620116
0.8429764560832358 5.858570142737804 3.7828176405788274
5.624740925429723 5.858570142737804 3.4152150907442365
5.624740925429723 5.942864582305589 4.042860453935875
5.624740925429723 6.145306254746998 3.917957360442161
5.624740925429723 5.942864582305589 2.6429215375507034
5.624740925429723 6.340288322625309 3.853618295582931
2.4660076692410446 6.340288322625309 4.451653111529866
2.4660076692410446 5.624740925429723 4.2257169957298375
