3.2079702596777904 7.640965712937733 5.642917484220085
3.2079702596777904 6.587338476123563 5.336331197926212
3.2079702596777904 5.808655588346344 5.330234044483945
3.2079702596777904 7.7416595843934655 5.316599836966642
3.2079702596777904 8.032364503190312 5.680881699666661
3.2079702596777904 10.692854635602446 7.985332120654106
3.2079702596777904 10.692854635602446 6.469142008875901
3.2079702596777904 10.692854635602446 5.530196362953689
3.2079702596777904 6.61970442636385 5.268412676544743
3.2079702596777904 6.447507940814557 5.359367047561094
3.2587536191697137 6.447507940814557 4.251720598759883
4.372463945098701 6.447507940814557 4.5131740699880565
4.372463945098701 6.447507940814557 4.790548152048913
4.113409471013792 6.069431158252204 5.177828174013719
3.640269942152902 6.069431158252204 4.511726589212759
1.455599620618028 5.8866275171245555 3.521476429564819
6.511829081780945 6.534288989585942 4.432643406486537
3.640269942152902 6.534288989585942 5.764761587907274
3.640269942152902 7.337675966736882 6.28501384233752
3.2400759766965845 7.337675966736882 5.356634270959022
6.586287710501605 7.337675966736882 4.330437180104232
3.2400759766965845 5.755660590471031 4.0085658587355395
6.586287710501605 6.472332410737465 5.062197299750735
4.525820312469847 7.779517984621078 5.706071336731743
4.525820312469847 8.4065838355629 6.577453280228969
4.525820312469847 8.03398905967318 6.9916085319017975
4.361479194250695 8.03398905967318 7.068480859512861
2.64874898199885 8.372969651227727 5.66648039596993
2.64874898199885 8.03398905967318 4.240100807765398
2.64874898199885 2.8487327723329092 2.6655450504742
6.285843122062648 4.072334705786009 2.9908082383320815
2.64874898199885 6.285843122062648 4.096592292114938
2.64874898199885 6.285843122062648 4.331853206623292
2.64874898199885 6.167878774722283 4.0786812876097285
3.7112349270471623 7.19261314738589 4.371906141270327
3.2780356925619825 7.19261314738589 5.255353072551572
3.2780356925619825 8.95080229817588 5.71284695412254
5.565027026149682 8.95080229817588 4.19243517982872
3.491209282553758 8.95080229817588 4.658672139999686
3.491209282553758 5.762850535044585 4.516621918738132
2.6352429068335863 7.262902331796621 4.4903137115884215
2.6352429068335863 7.262902331796621 3.810562756115094
5.634810688544917 6.21020562913165 4.2185611369714735
5.634810688544917 6.2611052195414665 4.188998946978871
5.634810688544917 6.2611052195414665 3.955620253886659
5.634810688544917 6.183303397901206 4.677975016720195
3.435545193926217 7.71195801002489 5.905758421196278
3.435545193926217 5.952169708317463 4.15203794825996
3.435545193926217 5.634810688544917 3.84288429694073
3.315176256787723 4.53486699987921 3.9718688433954124
