5.408185444101193 7.780114301698717 5.406228378196414
2.420231427045263 7.688676734794845 3.692179006952267
4.166435333949863 6.220695314823576 4.2728743313141075
5.408185444101193 8.398778693046136 6.172565930405758
5.408185444101193 8.398778693046136 5.838501402653739
5.408185444101193 8.398778693046136 5.372001664504147
5.408185444101193 6.410367196323943 5.251673713773959
5.408185444101193 6.496297400360355 5.266715823025571
5.408185444101193 6.549603830606877 5.364071731258223
5.408185444101193 6.549603830606877 5.405589614319427
5.408185444101193 6.549603830606877 4.853276667205168
5.408185444101193 6.596577645188027 5.668691619266786
5.408185444101193 6.596577645188027 5.375769729546021
5.408185444101193 6.509404810613567 5.630538608366134
5.408185444101193 9.220722158709252 6.131085421689263
3.054845713702566 9.220722158709252 5.522498994774822
4.704182183563049 9.220722158709252 4.512907890761165
4.704182183563049 5.971044428829284 4.575319226296041
4.704182183563049 5.971044428829284 4.315593475465015
4.704182183563049 5.971044428829284 4.767833545141251
4.704182183563049 7.659586006651789 5.604485449633638
4.704182183563049 7.659586006651789 5.843240970270596
4.704182183563049 7.542531581922891 4.433249871909058
4.704182183563049 7.542531581922891 4.467979556714893
4.704182183563049 7.542531581922891 5.524143092382122
3.237417685245824 6.2186306434204575 5.606410466916799
3.237417685245824 6.2186306434204575 5.152730887951044
1.907364718170307 6.225548581712083 4.200115355163015
1.907364718170307 6.225548581712083 4.1263830521727884
2.4476161161827297 6.225548581712083 3.000833555033964
2.4476161161827297 4.470005595238533 2.6044610984938688
2.4476161161827297 6.019699962395997 3.9279598278663763
1.907364718170307 5.338758635770866 4.0298267942269534
1.907364718170307 6.376141587072588 4.16057704587885
1.907364718170307 6.376141587072588 4.0778144230698405
3.61241906504473 9.27791865278211 5.516037732047941
3.61241906504473 9.27791865278211 5.904280390037677
3.61241906504473 9.277232966688539 4.721118998813317
3.61241906504473 5.530948015371205 3.3287811536459952
2.6298219746330003 6.66735309538392 5.003392303217347
2.6298219746330003 7.050983872772946 5.139388847873323
2.6298219746330003 7.377375992082859 6.612951683718219
2.6298219746330003 7.664954097235503 6.138679914548225
2.40493022191118 7.664954097235503 5.623637061721552
2.40493022191118 7.664954097235503 5.844017768204385
2.40493022191118 6.602792365803186 5.700017131598153
2.40493022191118 6.602792365803186 5.642901114953043
2.40493022191118 7.765954077240933 5.607722494150909
2.40493022191118 7.765954077240933 5.247782992583479
2.40493022191118 7.765954077240933 3.797192822420469
