6.159284913824905 7.6811981078529605 5.867658422932704
6.159284913824905 7.0859982951125335 5.438666315830094
6.159284913824905 7.353585813911355 6.101138717829643
6.159284913824905 10.30887738124368 7.365245767819373
4.319888830995467 10.30887738124368 7.8359088403490045
6.281219397145669 10.30887738124368 6.191461326698283
3.166788800762394 9.093536244251139 5.528770457175575
3.166788800762394 9.629237724353237 7.420563270708601
3.166788800762394 9.767345395273301 7.0248522087323515
3.166788800762394 9.767345395273301 6.671219889679577
1.083851573443941 7.403501067235691 4.338565523274163
1.083851573443941 6.65794899813616 2.2612744223029084
1.083851573443941 6.65794899813616 1.362419465657353
1.6008631250337122 3.4067035545459388 1.1782344042619928
2.868118726452917 5.881969074545818 4.123886014976152
1.083851573443941 5.881969074545818 2.9896641637015735
5.1177402241921435 5.498166599442047 3.5278777924331415
5.1177402241921435 5.498166599442047 3.2002939378770896
3.2358738983641335 5.375721257981795 1.7425954550776803
3.2358738983641335 4.762930804847905 2.3281827546873286
5.864708160140115 7.0819405234508395 3.442426574517345
2.285918578071819 5.864708160140115 4.529510567206357
5.206071559692731 5.864708160140115 4.417984123652408
5.206071559692731 5.864708160140115 4.62450341085978
5.206071559692731 5.864708160140115 3.80225714296881
4.751541425955839 5.864708160140115 2.8582424017079586
5.206071559692731 6.108599949811236 4.2978926243389415
5.206071559692731 6.857636701974933 5.33914985078819
2.6971799917940946 7.571487813021509 6.250687740663909
2.6971799917940946 7.6730345937444895 5.86433103187176
5.206071559692731 6.643139987089793 4.27865311595393
5.206071559692731 5.880061870120851 3.26682349505748
6.196739597948447 5.206071559692731 3.852278115962093
3.983555380697933 6.196739597948447 3.9344067530772957
2.5847418469148598 4.587165349010412 3.810299769744909
5.105093740723731 5.628450476939868 3.9763069274905773
5.105093740723731 5.628450476939868 4.4094320400004365
5.105093740723731 6.444257549921918 4.137683241708848
2.8274322175965847 6.648456939766149 4.897067773142524
2.8274322175965847 6.648456939766149 3.772905971620949
2.11570714541103 6.648456939766149 3.705131307031719
2.11570714541103 5.258528535376396 4.243043020455716
4.307316971745067 6.791205840066224 4.727169496549232
2.11570714541103 6.512088238815657 3.6000068508291285
4.307316971745067 5.788891005393161 3.8931029035697238
2.11570714541103 6.248637263389938 4.5176820121639105
4.307316971745067 7.557175682592046 6.18855595255684
2.726086716881888 6.6676748304595606 6.239961812290741
2.726086716881888 7.557175682592046 5.226402556413371
2.726086716881888 6.5496468675984865 3.921485345022144
