5.496874429029408 7.676158798158317 5.536066122691713
5.496874429029408 8.127707810539485 5.8487755937938495
5.496874429029408 8.127707810539485 5.911420814813286
5.496874429029408 7.814392670410031 4.071344679201838
6.064846597096274 7.814392670410031 3.181034999468233
6.064846597096274 7.6464002173427765 4.295158732456935
6.064846597096274 4.683571438200474 3.1293116561968577
6.064846597096274 5.496874429029408 3.29776479145425
6.064846597096274 5.812793454802712 3.6302380924763726
6.064846597096274 6.083799090632784 3.3635166763848168
6.097833145254999 8.64392620728736 6.023800999882111
5.642933015062756 8.64392620728736 3.772745970423728
2.7145596924085393 6.083799090632784 3.9601632538744065
2.7145596924085393 6.097833145254999 3.680547612246717
2.7145596924085393 6.160033027155755 4.92888305671547
2.7145596924085393 6.160033027155755 3.637076471284944
2.7145596924085393 6.160033027155755 3.3988870462274563
2.7145596924085393 6.570078683865432 5.354046554057209
2.7145596924085393 6.570078683865432 4.852401004659865
2.7145596924085393 7.747162640838383 5.429323105319872
2.7145596924085393 7.747162640838383 5.595942176484697
1.797821327169118 7.28378737351029 4.658228345088373
6.029947927140597 7.28378737351029 2.8469316658086656
1.797821327169118 4.549884448499839 2.931343530893271
1.797821327169118 6.029947927140597 4.772610367453111
6.451794589174657 7.539568632712017 3.7612278063556177
1.797821327169118 6.451794589174657 5.65852927483599
1.797821327169118 7.299189802136878 5.164587344486797
1.797821327169118 9.024426408125553 7.318774213528844
1.797821327169118 9.024426408125553 5.724696847690662
1.797821327169118 7.694312953191952 5.521447857562842
0.6682537977718721 7.694312953191952 5.769763050816032
0.6682537977718721 6.895080417512538 3.543792629135327
0.6682537977718721 5.515955085058529 2.5191160932947922
0.6682537977718721 6.635234687835542 4.6674305628353485
0.6682537977718721 6.635234687835542 1.600008410525885
0.6682537977718721 6.569222838998602 3.0125292913235726
0.6682537977718721 5.532689759758636 2.434772511785702
0.6682537977718721 5.532689759758636 4.077527272114889
0.6682537977718721 5.5248008073723724 3.905862858011335
0.6682537977718721 5.704886188266787 4.534094647410919
5.057395681031899 5.704886188266787 1.6771742546191013
0.6682537977718721 6.647705047010049 3.392822088009852
0.6682537977718721 6.647705047010049 1.5644020647327628
0.6682537977718721 6.119902547488547 3.4860194822460677
4.666001037455818 6.24895349685956 2.443349587170968
6.711174647906649 6.119902547488547 4.453401607062513
2.517411069781162 8.16426142987167 5.183639561334696
2.517411069781162 8.16426142987167 3.97599799646537
2.517411069781162 5.678037266046424 3.3462977936934193
