2.6598657711352485 7.630959897503798 5.190335135861253
2.6598657711352485 7.630959897503798 5.732174770121634
2.6598657711352485 7.35518722315439 4.976468648818548
2.6598657711352485 7.35518722315439 4.471127538879591
2.6598657711352485 7.298231527309188 6.036453107093406
2.6598657711352485 7.830620511661765 5.771749078306508
2.6598657711352485 7.311290467244046 4.173656284464886
2.6598657711352485 7.311290467244046 3.3990689199367323
2.6598657711352485 5.440184615067359 3.7903499944246852
1.5771766016175133 6.065983605270123 3.270685071861449
4.842285071300868 6.065983605270123 3.1129459745150263
2.7373265299471368 4.842285071300868 3.8400352314049697
2.7373265299471368 5.912881243313095 4.529517013880912
2.7373265299471368 4.842285071300868 3.918762919657305
2.507990983867377 4.842285071300868 3.6101608142182107
4.773774603041193 5.055622227627062 3.6083097134957414
2.507990983867377 5.055622227627062 4.067215091429794
2.507990983867377 5.238342285866139 4.393183709106242
2.507990983867377 5.238342285866139 3.909855618742901
2.507990983867377 6.597345932778616 4.294020663822268
2.507990983867377 7.765599166834383 3.7195503603633875
2.507990983867377 5.8510827141944475 3.9180397023872633
4.324889506449971 5.8510827141944475 3.0073733672921823
2.507990983867377 5.096386610418467 3.8021803739915385
5.657608959335477 5.096386610418467 3.8790088035001067
2.7182057066549814 5.657608959335477 4.6636968525789095
2.3064416405879062 9.065369552987525 5.553025206455679
2.3064416405879062 6.687403948963226 5.20507908573044
3.418410140910695 6.458865391996628 4.344986902427745
2.3064416405879062 6.458865391996628 3.632553731070954
2.4234417607947276 6.458865391996628 3.9761324852821263
2.4234417607947276 4.883453640831576 3.9662257220533412
2.4234417607947276 7.1066581251811645 5.130882562443677
2.4234417607947276 7.1066581251811645 3.8289316496196983
5.5548741263570385 6.077438173735207 4.339255564744837
5.5548741263570385 5.297850687568893 2.6938605227637216
0.5346126708654144 5.694896927935513 3.0926156334811243
0.5346126708654144 5.694896927935513 3.0395740797437805
6.037407417471872 5.173981864615932 1.8112374338943937
0.5346126708654144 6.581408870473528 4.638182437755326
5.684593242643558 6.9887390080434635 3.0171533288421517
6.037407417471872 5.2773881151626405 3.0556837902744824
6.037407417471872 5.684593242643558 3.2966857365323854
6.037407417471872 6.64551648760537 3.35258890850645
5.864040036591074 6.64551648760537 4.185289520106034
5.864040036591074 7.779021835344345 4.249532090840496
0.943491955778168 7.779021835344345 4.823517199010578
0.943491955778168 7.403993408345682 1.3265805108433688
0.943491955778168 4.714734736180429 2.3396259019834034
0.943491955778168 6.803146696053176 4.719711504909322
