4.602440708206029 7.768352569567099 5.76867656099239
4.602440708206029 8.487054478470924 5.915324957632444
4.602440708206029 4.858266257949925 2.7291317776027277
5.6955204571952045 5.787592445568254 3.095280630394314
2.745141127577526 6.499699777892481 5.759498987546107
2.745141127577526 7.480823126936665 5.685833324378154
2.745141127577526 7.480823126936665 4.158853943055851
2.745141127577526 7.431441531840376 5.359651296686458
2.745141127577526 7.576347538354037 4.953319949250045
2.745141127577526 7.576347538354037 5.523683735036282
5.686318550893244 5.617744273362053 3.4436871328647993
5.686318550893244 7.7537027577869 6.834640014032151
5.686318550893244 6.643866346711228 3.996284574596229
4.543606310145332 6.643866346711228 2.2742484130417013
5.686318550893244 4.543606310145332 2.8020157517645004
5.686318550893244 6.51594194353666 4.098743002591417
5.686318550893244 5.787114964891845 2.42671239373314
5.686318550893244 5.679952592700989 2.116650739962834
0.586711114217366 5.679952592700989 0.8022972749413657
5.75309281027258 5.686318550893244 3.2413757048931053
5.75309281027258 5.543566411089323 3.6171016610235314
2.9245868118535943 7.188255886705196 3.0612042004928885
5.75309281027258 5.754177132729975 3.7548256200539747
0.586711114217366 5.754177132729975 3.8408605693382056
5.75309281027258 5.303141577582686 3.433663123310963
5.75309281027258 5.040091414125236 3.0178610489889706
5.75309281027258 5.040091414125236 3.3362405398092174
1.9862907100928138 4.478212384249446 1.4540413106059262
5.75309281027258 5.695536664262605 3.2616182192097063
0.6897651939434515 5.75309281027258 3.531902041216569
2.8339885262241364 5.75309281027258 2.0970482571560916
0.6897651939434515 6.981346794371733 4.207573336420704
5.496813349698712 6.981346794371733 1.4759748952631901
5.496813349698712 5.658966402889288 3.669411797397866
4.996585829296485 5.496813349698712 2.950002314543949
2.8339885262241364 6.072895413505844 4.576763267549136
3.6644724503033754 6.341461095750375 4.296114634104367
3.6644724503033754 6.341461095750375 5.47374953917871
3.6644724503033754 5.4461400952899695 4.948358017415942
3.6644724503033754 5.893849181368779 3.6216688441772864
3.6644724503033754 6.659910982079808 4.140801022219012
3.6644724503033754 6.659910982079808 2.452903081635159
0.9685537722241411 3.757323811920902 1.4403650522057716
2.9077860571921694 3.6644724503033754 1.7641704596781438
0.9685537722241411 7.754217513394062 3.9017637012711437
0.7786258380166982 7.754217513394062 2.580579166012346
5.000384371956184 5.650755060386103 0.9914634802054073
4.960725708684489 5.697868663417157 3.516811984747193
4.960725708684489 5.000384371956184 2.73827869893751
2.25081444534537 6.320814560914222 4.2655367103718165
