0.9542642216123665 7.768263716684334 5.400291236956383
3.5548945405478247 7.2323591973959545 4.029840614765104
2.853792380491829 7.2323591973959545 1.7494132983117283
2.853792380491829 5.016973266118292 1.8644754089088174
6.386892294012263 5.178399123893605 3.5039596868375527
6.386892294012263 6.638730932385894 4.028774290235334
6.386892294012263 6.075116316070144 4.039465062299751
3.2370848765009055 6.638730932385894 5.303286551187001
3.015434071975726 6.638730932385894 3.8000172610606557
3.417104549101943 6.638730932385894 3.5757179769112746
3.417104549101943 6.376890942232535 5.0332626570716075
3.417104549101943 6.463735104002463 4.980587133331309
4.132038901872509 6.463735104002463 4.122854159143718
4.132038901872509 7.5287284866529465 5.713188878096154
3.597099007318264 7.5287284866529465 5.079710808599923
3.597099007318264 6.540017120464441 5.042705040237464
3.597099007318264 6.08307015301747 5.459528899804532
5.621871403972779 7.51509420794962 4.501736867968856
5.621871403972779 8.006023659288509 5.0857326578982045
5.621871403972779 5.62563989331754 4.4429106501171045
6.489962583616212 11.52447493971949 6.213704359085508
4.951944190846213 11.52447493971949 5.19170170417411
4.951944190846213 6.644666031886448 5.74210095260705
5.086987120565393 9.206290867108002 7.337186963281084
4.951944190846213 9.206290867108002 6.105138520266756
2.946491082706278 9.206290867108002 4.7663977106409625
2.6844602277221665 9.206290867108002 4.680520675692849
2.0105367154737803 7.601196778068871 3.447946497254868
6.0597911786368215 6.440282852671725 4.355736720701227
6.0597911786368215 6.963405242146202 5.462887402573875
2.6597411563973954 6.3661167187694865 4.331399366239152
3.876574705487752 6.285006912655472 5.003300024606776
2.6597411563973954 7.127008200111861 5.255361391137065
3.876574705487752 10.236074540759855 5.95005621553687
3.876574705487752 6.318285089619426 5.18398396128748
3.876574705487752 7.703353054610092 5.364941881978251
3.876574705487752 9.061894975612276 6.5402488664860705
3.876574705487752 9.061894975612276 4.8195411870857585
3.876574705487752 9.061894975612276 4.430450082652073
3.876574705487752 9.061894975612276 4.942071886057344
3.876574705487752 7.628807975497601 5.156786627115705
3.876574705487752 6.161279490587489 4.4231291683934675
3.580960698784861 6.163594883791248 4.704049932940089
3.580960698784861 6.492916087220085 5.417525994418768
5.860520055572575 6.507777383915283 5.935327256327648
5.860520055572575 12.188998424398266 7.569398087862474
5.860520055572575 12.188998424398266 6.0611469822225414
3.4599094729910864 7.6355760428558135 6.100511027734469
1.8298034618983512 7.6355760428558135 5.4570434478990855
1.8298034618983512 7.320658634464193 4.821805458742952
