6.145589543575017 7.782486611224403 5.52454481905391
6.145589543575017 7.771382920258558 5.508557781301133
6.145589543575017 7.660595787694234 6.43649239939437
6.145589543575017 7.972556864768682 6.946007146894306
6.145589543575017 7.972556864768682 6.423032906228488
6.145589543575017 7.972556864768682 6.764793859948936
3.2581751112162007 8.685571088860277 7.198248881031726
3.8837674798819433 9.140072335136612 7.831987684525938
3.8837674798819433 9.140072335136612 7.84476616519511
3.2422882518854768 8.836438246307477 5.572196811157117
3.319698623577001 8.836438246307477 6.126619450962595
3.8837674798819433 8.836438246307477 5.151980790856478
3.8837674798819433 6.129631889460516 7.408221593426586
3.319698623577001 9.713928392478282 7.736311222965087
3.319698623577001 9.713928392478282 6.873530229750263
3.319698623577001 8.968671524142794 5.950336529880507
3.319698623577001 8.968671524142794 5.938262652320798
3.319698623577001 7.6337793706002905 6.049527737539824
3.319698623577001 6.895800757753234 6.072102195310459
3.319698623577001 7.5768627991951725 6.267819524272275
3.3698867909567025 7.5768627991951725 4.981505881103635
3.3698867909567025 6.852675843174886 2.827191105503486
3.3698867909567025 2.957091155399507 2.223258616310221
3.3698867909567025 5.301389751659272 3.262171803389998
3.3698867909567025 6.260385290721324 4.133779437334895
3.3698867909567025 5.365361238030147 4.088232067675789
3.3698867909567025 7.624572230072991 5.356833062619172
2.7536796528745495 7.624572230072991 4.521746553289546
2.7536796528745495 7.624572230072991 4.310570329802197
2.7536796528745495 7.624572230072991 5.737228151395592
2.7536796528745495 7.084286580041686 5.905682595297645
2.7536796528745495 6.381523535450089 5.9036795962515445
2.7536796528745495 7.094643704114414 6.0619823270877555
2.7536796528745495 7.094643704114414 6.156824225518778
2.7536796528745495 7.094643704114414 6.475138152475303
2.7536796528745495 7.6138538800028535 6.813423658206051
2.7536796528745495 7.6138538800028535 6.405798412953735
2.7536796528745495 4.471038947243837 6.164905619505666
2.7536796528745495 7.0724442656910576 5.5566402494334515
2.7536796528745495 7.0724442656910576 5.742703484426906
2.7536796528745495 6.630065605895343 5.257180991603204
2.7536796528745495 5.96386161393972 4.202313061471962
2.7536796528745495 5.96386161393972 4.472922319346248
2.7536796528745495 5.96386161393972 4.39420105078035
2.102990321187264 5.993258059434343 3.6812763852109236
2.102990321187264 5.993258059434343 2.81557302531546
2.102990321187264 6.2162166033313895 3.734291243465195
2.102990321187264 6.2162166033313895 3.8994645994585566
2.102990321187264 7.01728464292291 4.841235332188827
2.102990321187264 7.01728464292291 4.597481145377423
