5.285498699190377 7.784237932067137 5.592204199772071
5.285498699190377 6.762087891725624 4.930225027479988
5.285498699190377 6.762087891725624 4.250538503930567
3.2738339876324223 6.762087891725624 2.226830691530874
5.285498699190377 5.809461022027175 3.9947895958490642
5.285498699190377 6.1740639216286795 4.065473742445903
5.285498699190377 6.1740639216286795 4.344204824548523
5.285498699190377 6.566032979601012 4.600113660981246
5.285498699190377 6.91075164119172 5.036378573680266
5.645865102983041 6.91075164119172 5.584191868485415
5.645865102983041 8.010838245382963 5.870901023851012
5.645865102983041 8.010838245382963 5.495912690787155
5.645865102983041 8.010838245382963 5.324445237209675
5.645865102983041 6.667495063529369 5.825656708771121
5.645865102983041 6.667495063529369 4.455270236939286
5.645865102983041 6.667495063529369 5.609001711309925
5.645865102983041 6.667495063529369 5.04614380485705
5.645865102983041 6.667495063529369 5.02641551911581
5.645865102983041 6.6670310040270735 5.413323121816048
5.645865102983041 7.470217323753944 5.553322558435451
5.645865102983041 7.470217323753944 4.620819839129213
5.349471236583007 6.65162113025708 6.013283624772164
4.157747782201255 8.38453174711504 6.152748584800655
4.157747782201255 2.678507330914734 7.729660964636898
2.678507330914734 10.677660403388266 6.19023969415434
2.678507330914734 9.121574099588345 5.878603218238054
2.678507330914734 9.121574099588345 6.702186806736811
2.678507330914734 11.440438115209508 7.952467623190455
2.678507330914734 12.86114506880195 8.420686551543222
5.227226735622754 12.819947091870215 4.79753943184508
2.8999362212966315 12.819947091870215 3.8617840309246843
2.8999362212966315 5.227226735622754 3.5815195665183888
2.4386214197640013 5.227226735622754 2.989657419203587
2.4386214197640013 5.690239781010714 3.7947359168228223
2.4386214197640013 5.690239781010714 3.2658756108045917
2.4386214197640013 6.907444829236638 5.207247869258453
2.4386214197640013 7.0350567962725385 5.6586099502161495
2.4386214197640013 6.544964506471256 5.549110477574684
2.4386214197640013 5.951021920489744 5.240608995444776
2.4386214197640013 6.5209086558319385 5.7583307676988635
2.4386214197640013 7.243966770178448 5.633492727988337
2.4386214197640013 7.243966770178448 3.1299244389017566
4.175958867807392 7.243966770178448 3.794287521153726
1.7530044202918984 7.243966770178448 3.6579497612308383
5.564602541541383 6.5118939601671855 4.8812326560429105
4.175958867807392 6.568444663010801 6.024025383026063
4.175958867807392 6.568544904827284 5.686560012578223
5.494593832532452 6.568544904827284 5.109704743707022
5.494593832532452 7.733213422138579 6.229601936579363
3.9031363476677616 7.733213422138579 5.529319162690964
