2.5845927149052206 7.556060699660415 5.075152312196429
2.5845927149052206 6.988766237446441 3.962832482694217
2.5845927149052206 6.965505395047435 3.7738470393176384
2.5845927149052206 4.763139566593498 3.613271183975126
2.5845927149052206 5.428929611988281 3.9562447772312965
2.5845927149052206 5.428929611988281 3.527286334653985
2.5845927149052206 6.224943538341549 5.041556120864004
2.5845927149052206 9.29917089257111 5.946866545586499
2.5845927149052206 9.29917089257111 6.84461434124152
1.8179330625285677 9.29917089257111 4.732094336043609
1.8179330625285677 9.24637996256999 2.9763336230181068
3.7711263354225903 6.123140124657411 3.802337824460204
5.923346302401004 6.401370462739237 5.27928414461832
2.9344957094691257 6.617315746161093 5.237535364344122
2.9344957094691257 6.617315746161093 4.25892525774931
2.9344957094691257 6.617315746161093 4.457412311203057
2.918283820012505 6.560995026569511 3.685228850076478
0.6870095580681448 6.560995026569511 3.0821798466619623
3.274336737669405 6.560995026569511 2.62702178185806
0.30292529677243296 5.384206320163049 1.3365775757323706
0.30292529677243296 3.274336737669405 0.5406382120441904
4.984181398325184 5.386547508286455 2.1996641158495667
4.528172623857195 4.984181398325184 1.0519262730208738
5.653055950486031 5.541616881292224 4.656776490620982
2.4592880211133417 5.653055950486031 3.725619073996303
6.319491779344389 5.751521685371582 3.8621314384786256
4.089811811225804 6.542412683146782 4.3837566807249155
6.319491779344389 5.877972297191171 4.4744280572686135
2.4592880211133417 6.121715923415945 4.643252534591414
6.319491779344389 6.629016425584805 4.636114515589809
6.319491779344389 6.629016425584805 3.7377211849344345
2.458777604944683 6.629016425584805 4.050997213529948
1.9435171275127598 7.650094952808704 3.738051674241264
1.9435171275127598 7.650094952808704 3.1348358492419295
3.7416695751586926 4.880977003933896 3.7126551916441137
3.7416695751586926 6.494415623358119 5.031461176084637
3.7416695751586926 6.303550105864403 5.015071547880975
3.7416695751586926 6.303550105864403 4.078391660957785
3.7416695751586926 6.675768984484119 5.41516468693082
3.7416695751586926 6.675768984484119 4.979075594302047
3.687822410027373 5.3849075017800025 5.114292753422637
2.768052286436991 6.749130102395801 4.403228240559954
2.1718372943690416 7.554019053215537 5.699781308073557
2.768052286436991 6.8485839144212655 5.514497462794947
2.1718372943690416 6.8485839144212655 5.371650485541793
2.1718372943690416 6.604052725034403 5.330481238307991
2.1718372943690416 6.293866286872877 3.6534185097807246
2.03991359563376 6.293866286872877 3.0865118434607677
2.03991359563376 6.533415207080729 5.073452990166585
2.03991359563376 6.42551934867031 4.942398749200193
