3.6806543609700033 7.63296149836817 5.320268257181105
3.6806543609700033 6.2829678983613455 4.459925889521343
3.6806543609700033 5.8588212914427835 3.720275897292313
3.6806543609700033 7.189121302599238 4.4404204618003
3.6806543609700033 4.377337725795925 3.801108998202588
3.6806543609700033 6.100507698154317 4.08363067771333
3.6806543609700033 5.809131915383315 4.37816971930381
3.6806543609700033 5.809131915383315 3.3112716000988622
3.6806543609700033 5.809131915383315 3.0885065471670874
3.6806543609700033 5.439388992522037 3.6634835693154786
2.8819142808699394 5.439388992522037 3.8999553449971085
2.8819142808699394 6.589889298244781 3.44277346614294
4.951679974447849 6.589889298244781 3.0398703884491782
5.792591773561135 4.951679974447849 3.342067184782824
3.61059273257774 5.792591773561135 4.067013806387076
4.283560531212164 6.284437843064911 4.455346742896158
2.829087024374062 6.284437843064911 3.24799503414828
4.348121335005011 6.284437843064911 3.4912328120683167
6.325120468493349 7.673052751602233 5.7278355060643165
2.468185289967217 7.673052751602233 5.700005968813501
5.565920730028157 7.673052751602233 3.8684836069038546
4.446663214392814 7.673052751602233 4.7350661461044385
5.565920730028157 7.5359468968380785 5.119357772777509
4.446663214392814 7.5359468968380785 5.77922061302717
4.446663214392814 9.196102862688367 6.177992393895868
6.116535486756877 9.196102862688367 4.598137595987396
4.3177829081843555 6.116535486756877 5.374424906636079
2.9236432630903733 6.116535486756877 5.525575752483082
2.9236432630903733 5.7849170951494635 4.0659322591098785
2.9236432630903733 5.7849170951494635 4.221668420358729
2.9236432630903733 7.3626942718468396 4.948634888190204
2.9236432630903733 7.3626942718468396 5.523585450337086
2.9236432630903733 7.48916970334777 5.407966883249953
2.9236432630903733 7.48916970334777 5.079232674916478
2.8632940186514557 7.870446160705738 5.180676537870546
2.8632940186514557 7.870446160705738 3.5891006597948105
2.8632940186514557 5.355993739471099 3.1248473114932698
4.335039359046977 6.20419374897633 4.046244215500899
1.1378185591277448 6.20419374897633 4.591430129867481
1.1378185591277448 5.74905771184126 4.229798083004018
1.1378185591277448 3.860547552139654 5.234340554138723
1.1378185591277448 7.718519531483167 5.753471268691943
1.1378185591277448 7.64321309453927 6.599577461321026
1.1378185591277448 7.64321309453927 5.566911665088664
1.1378185591277448 7.64321309453927 5.497066805117019
3.429044144885293 8.42104606926146 6.2371681734968885
1.1378185591277448 8.42104606926146 4.807312158344808
1.1378185591277448 8.02121999192106 5.909279815665217
1.1378185591277448 8.02121999192106 2.8016812089827012
1.1378185591277448 6.042530876832739 3.0001367121921487
