2.668093480495909 7.648572769860712 5.648103681419673
2.668093480495909 7.648572769860712 5.130229590055723
2.668093480495909 7.438268761879142 5.4608112855433895
2.668093480495909 7.438268761879142 4.288085395428428
2.668093480495909 7.438268761879142 4.185244197345028
2.668093480495909 8.677392998789369 6.355069999226153
2.668093480495909 8.677392998789369 5.653319123337685
2.0464840685710866 8.677392998789369 3.7110941534467905
1.7013523769771735 8.677392998789369 2.565368848946328
1.7013523769771735 6.014507117767629 3.5290039083695834
1.7013523769771735 2.8977729628838813 2.2055279738478344
1.7013523769771735 3.9330635667518874 2.7543131063497843
1.7013523769771735 4.348497817184423 2.665558984246666
1.7013523769771735 3.3188672517278985 1.9911776016441167
0.5850594077079561 5.64714503921245 2.4937090207540895
3.2458426145326738 2.91817368251353 1.5470819280048262
1.7013523769771735 3.2458426145326738 2.3500169073181154
1.7013523769771735 3.2458426145326738 2.6616256364426376
5.704240305768732 3.2458426145326738 2.1350594749692053
1.7013523769771735 5.704240305768732 2.253093649205238
1.7013523769771735 3.208385809449656 1.731493045626623
3.2509976986558695 1.7013523769771735 1.7013523769771735
1.3187309522879436 3.4224278030242385 1.8302853746325791
3.0897468789708786 3.4224278030242385 1.3149505327317144
3.0897468789708786 3.4224278030242385 1.4878803671078016
3.0897468789708786 2.0887116987490697 1.3242479314808062
3.314594671767303 3.4802091903532433 2.1581195896204424
1.198278853686514 3.4802091903532433 2.4892586986442624
1.198278853686514 6.283293393496276 3.76077643599581
1.198278853686514 8.485339918496292 5.675207367933251
1.198278853686514 6.807351392057358 1.9873768132339027
1.198278853686514 3.431610562011365 1.7231525092736064
0.8235312518187254 2.716308578052303 1.291065714426112
2.931063361583139 1.8430223161026018 1.20666803930229
0.8235312518187254 3.4517514742181494 2.0483657358844005
0.8235312518187254 3.4517514742181494 2.4440371268913212
5.6253037073432886 3.421982027127911 0.9909685160615821
0.8235312518187254 5.6253037073432886 3.4216765666007585
0.8235312518187254 5.837603103862307 3.0036674834524932
0.8235312518187254 5.837603103862307 2.028276050098521
2.978531716169322 1.1071325687260054 0.9142836732290557
0.8235312518187254 3.5635577339899034 1.4112407326199803
0.8235312518187254 5.819784661569283 2.695923948410837
0.8235312518187254 5.819784661569283 1.1700539627643416
0.8235312518187254 5.035329627375834 1.4131830243967212
0.8235312518187254 5.035329627375834 0.9077672193298683
3.2683224444070444 7.636879534539052 3.548870564906857
0.8235312518187254 5.50838122043303 3.312261234862739
0.8235312518187254 5.50838122043303 2.589683858018976
0.8235312518187254 5.50838122043303 2.3499281631082547
0.8235312518187254 4.937104988233848 2.4458746022484665
0.8235312518187254 5.670335647833131 4.050484150665554
0.8235312518187254 4.970134777948211 2.4767571124351067
0.8235312518187254 5.528330496234151 2.598689186632466
0.8235312518187254 5.716384371612641 2.767007504643743
3.2452760044068296 5.716384371612641 1.4992087833020975
0.8235312518187254 3.3883585731554082 2.898785444659761
0.717648851384642 3.3883585731554082 1.3706046233297042
0.717648851384642 4.54650467004857 2.2147184349818696
0.717648851384642 4.54650467004857 1.2663354712351313
0.6871283984647865 1.789056123108225 1.1400590585446646
5.764486907829845 3.3632232282365604 1.4736402196191989
5.764486907829845 3.3632232282365604 1.7319872650355932
0.7031782803047162 5.764486907829845 1.9710932498693834
0.7031782803047162 0.7031782803047162 0.7031782803047162
0.7031782803047162 2.8026270706126337 1.3330129173970926
0.7031782803047162 2.8026270706126337 0.8291452077231917
0.7031782803047162 2.892836649785949 0.8345577824735905
0.7031782803047162 0.9863070681030313 0.793779492400177
0.7031782803047162 0.9863070681030313 0.8117665139316199
0.7031782803047162 3.81912796665333 0.9778168890643266
0.7031782803047162 0.9863070681030313 0.7936171494052169
2.8001930552606784 1.0043754461681833 0.9004858746868274
2.8001930552606784 3.3500391171738184 1.6883561538096663
2.8001930552606784 3.3500391171738184 0.8266011448203255
2.8001930552606784 5.743655913379044 2.1388671304533196
2.8001930552606784 5.743655913379044 2.2815516469692847
2.8001930552606784 1.9250692258373836 0.8705411745338724
2.8001930552606784 5.4438452532141675 2.3343753992864564
2.8001930552606784 5.4438452532141675 1.8067678208969276
2.8001930552606784 5.292599245739741 1.731042737892353
2.8001930552606784 4.738436342821572 1.7980700425153293
2.8001930552606784 4.738436342821572 1.3000362043992073
0.4092079162097595 3.0707584019981415 1.5495159309874358
0.4092079162097595 6.109789121294938 2.2634196837129634
0.4092079162097595 3.101034643335645 2.1191194948057013
0.4092079162097595 4.25546815250955 2.186145997038931
0.4092079162097595 4.25546815250955 1.9079051492468677
0.4092079162097595 3.006568943542043 0.603668187221559
0.4092079162097595 0.4092079162097595 0.4092079162097592
0.4092079162097595 2.804332874381608 0.600817912863507
0.4092079162097595 6.091902448256555 2.2755726656281725
4.9514919150597585 0.4092079162097595 0.4092079162097592
0.4092079162097595 3.3112693477923654 1.3378675743161939
0.4092079162097595 3.3112693477923654 0.5252903734730634
0.4092079162097595 4.977941060332675 2.515718198305395
0.4092079162097595 4.977941060332675 1.4435611078515462
0.4092079162097595 5.164250897756016 1.7913018979090063
0.4092079162097595 0.4092079162097595 0.4092079162097592
0.4092079162097595 0.4092079162097595 0.4092079162097592
