2.8906113423956517 7.779457889809054 5.459114607917358
2.8906113423956517 8.678568592721815 6.753059416499618
2.8906113423956517 8.678568592721815 5.745771612401354
2.8906113423956517 8.678568592721815 5.882136541560803
2.8906113423956517 8.678568592721815 5.124992394679066
2.8906113423956517 8.678568592721815 4.967951990024459
2.8906113423956517 8.678568592721815 5.2031586896926605
2.8906113423956517 7.674696678086256 3.913254022810735
2.8906113423956517 7.674696678086256 3.5419924560002194
2.617446319448757 4.873183282778186 3.304030107288438
6.273949964583881 3.585215273097298 2.9159192565162204
6.273949964583881 4.267806375931109 3.30124307635901
2.600363272074905 4.267806375931109 3.6760304339639585
6.273949964583881 4.267806375931109 3.156288929135826
6.273949964583881 4.4610412009605405 3.7489397105061824
6.273949964583881 4.4610412009605405 3.374332032914771
6.273949964583881 4.4610412009605405 3.292857554073107
6.273949964583881 3.6055587933182136 3.1105445824647036
6.273949964583881 6.430764061442282 4.40916565245465
6.273949964583881 6.475946574235088 5.7250945715222405
6.273949964583881 6.475946574235088 4.6631865003734205
6.273949964583881 6.475946574235088 5.427535017306486
6.273949964583881 6.586078305254329 5.162789146430855
6.273949964583881 6.586078305254329 4.814399177178236
6.273949964583881 9.961781525792361 7.68507927838408
6.273949964583881 11.998672014886337 9.509570997004957
4.547876689894295 11.998672014886337 7.073791793891672
4.547876689894295 12.573075172898621 7.817404825517522
2.7609600122508486 12.573075172898621 5.005682188176537
2.7609600122508486 6.229503982640562 3.9916193395046067
2.7609600122508486 5.632699950916731 4.636346171382533
2.7609600122508486 6.408829465522587 5.133334953121528
2.7609600122508486 6.408829465522587 4.960246630731174
2.388862671167644 6.408829465522587 4.208217306654183
2.388862671167644 5.7312193791712644 2.7691459916834806
2.388862671167644 5.52208829688011 4.06210298625992
2.388862671167644 5.360006130630559 2.7931916388095868
5.071781216835234 4.9871474852675775 2.5480734413164843
2.388862671167644 8.279633667889946 6.184199564661478
2.736747496845862 8.358292156576878 5.221325372661725
2.388862671167644 7.324906251124505 3.61145829954751
2.388862671167644 6.22620183862357 3.7900121643266194
2.388862671167644 4.579413985671621 3.9163668645063705
2.388862671167644 5.91406849090091 4.628963614824133
2.388862671167644 7.555063304561523 6.081858527884094
2.388862671167644 7.555063304561523 4.342854919713766
2.388862671167644 6.30880251861025 4.6613751067491345
2.388862671167644 6.30880251861025 3.83151266820717
2.388862671167644 5.9703750666598125 3.5221819549592572
2.388862671167644 6.134436370129222 3.6939082038825837
2.388862671167644 6.134436370129222 4.417850286250569
5.4394253830562995 5.770652735612515 3.047250339741675
1.4249762339957859 5.4394253830562995 3.552076660969023
1.4249762339957859 7.230531996287299 5.526919082954687
1.4249762339957859 5.891596678650799 5.052484881142041
1.4249762339957859 6.364086746977936 4.853780866814834
1.4249762339957859 8.38045991894312 5.358860871905747
1.4249762339957859 8.38045991894312 3.164191152550854
1.4249762339957859 8.38045991894312 4.686625322476418
2.6415152724001136 6.038135765863391 2.1507859251240777
2.0481659620417862 3.2395551222502132 2.6478927541888084
2.0481659620417862 5.412859483497982 4.009050923883687
2.0481659620417862 8.754491372591994 5.1975095134418225
1.6503356718764661 8.754491372591994 3.763978046902563
1.6503356718764661 5.412859483497982 1.8485762591611654
1.6503356718764661 5.412859483497982 1.7414993597155095
1.6503356718764661 3.403156742398846 2.000899885980942
1.6503356718764661 3.403156742398846 1.7555049361078092
1.6503356718764661 3.403156742398846 1.7204485146973614
0.7710609743863803 4.722035719699075 1.9746302591371139
0.7710609743863803 4.722035719699075 1.2367308804525643
0.7710609743863803 4.872889475205653 1.3306052951737684
0.7710609743863803 4.872889475205653 1.3846591100606096
0.7710609743863803 3.253013863177579 1.7630699360538085
0.7710609743863803 3.253013863177579 1.6830081441798805
0.7710609743863803 2.963363702452448 0.8149070289477014
4.507790147102387 2.963363702452448 0.8587530835090227
0.7710609743863803 2.95348603604759 1.8603861280643432
0.7710609743863803 4.507790147102387 2.690431140631915
0.7710609743863803 4.143198800748078 2.5491147405075174
5.6804870255299456 4.143198800748078 1.0866381439549169
0.7710609743863803 5.6804870255299456 2.1072900368700855
0.7710609743863803 5.6804870255299456 1.1933803645284582
0.7710609743863803 5.2824676881075305 1.7208676054138223
0.7710609743863803 5.2824676881075305 1.6875712839150625
0.7710609743863803 5.969457129239196 2.628137132093832
0.7710609743863803 5.539985841169436 2.9733795873294313
0.7710609743863803 6.855425812326226 1.7479314779352542
0.7710609743863803 2.8920229771753907 1.9290512590659998
0.7710609743863803 5.442906610721042 2.5810861302371144
0.7710609743863803 5.092296671387743 1.02119735057628
0.7710609743863803 5.630434603961348 2.368246741217589
0.7710609743863803 3.1685571326615087 1.0259007401405802
0.7710609743863803 0.8456363939749498 0.8400534561657419
0.7710609743863803 0.8591233393675357 0.8378516019666913
0.7710609743863803 0.8591233393675357 0.8317280457136974
0.34708270067879043 5.000822777643233 1.826073733493529
0.28239327810902326 5.667527481088282 2.4027757172370117
3.2878844603364183 1.6198509250722855 0.3469063743248067
0.28239327810902326 3.2878844603364183 0.7031620436208583
