2.7758122268266843 7.6229960128590015 5.5770898830888465
2.7758122268266843 7.177465900234541 6.159555661439551
2.7758122268266843 9.079485289595313 6.614634525728757
2.7758122268266843 9.079485289595313 5.952729612905252
2.7758122268266843 6.270422536894852 5.4058512059927155
2.7758122268266843 5.839533331345699 5.264123460766093
1.7583915854585581 6.215640364743926 4.473275370434839
1.7387809772626004 6.215640364743926 2.999880715798233
1.7387809772626004 6.215640364743926 2.7100273954487246
1.7358357179144517 6.215640364743926 2.936980372452319
1.7358357179144517 6.215640364743926 2.4404288674106085
1.7358357179144517 3.2587028415671253 2.4200108819965522
1.7358357179144517 3.5548948004282335 2.457888445006742
2.8650679095149987 5.529051976831703 2.8576632904321535
0.7503904963632633 5.529051976831703 1.5814233772131738
2.8650679095149987 5.728632054266896 2.597483522663681
0.7503904963632633 6.1608272111743965 3.4851404889242663
2.8650679095149987 5.745793945464829 2.1535109424352847
2.8650679095149987 3.2968952898919857 1.9205542403613698
2.8650679095149987 3.2968952898919857 1.936068695323103
2.8650679095149987 3.1557594002687854 1.1325741968752516
2.8650679095149987 5.063985363789463 2.3588506128184235
2.8650679095149987 5.063985363789463 2.1091182765947987
2.8650679095149987 3.3658807404173747 1.7073892090202178
2.8650679095149987 3.3658807404173747 0.8312663304677482
2.8650679095149987 0.8002453904100091 0.7910534587553372
2.8650679095149987 4.379587416219572 1.2215118431405718
2.8650679095149987 2.8668511140184987 0.8279316991270537
2.8650679095149987 2.4471429554673354 1.3174515282200856
2.8650679095149987 3.1248064117896246 1.6598947760722098
0.39889883305916785 3.1859134753962555 1.0175086052481128
0.39889883305916785 3.3369827680687725 1.4340899319872682
4.16330641819707 7.0224314555800955 2.938599749862638
0.39889883305916785 7.0224314555800955 2.1149210804852117
0.39889883305916785 5.387348159126432 1.9760257572084938
0.39889883305916785 5.967379260574258 3.8849411610473705
0.39889883305916785 5.967379260574258 2.5872802056418895
0.39889883305916785 4.939631726747454 2.7451143556654323
0.39889883305916785 4.939631726747454 1.4482506578594414
2.483444073954264 2.8388331815593557 0.5238288237559974
0.39889883305916785 5.52606276827629 3.42499084341722
0.39889883305916785 6.7069870540023615 2.7670339434921756
0.39889883305916785 3.4053228077266877 1.5330109724929428
0.39889883305916785 5.389704093594705 2.1955887268519603
0.39889883305916785 5.389704093594705 0.6303353342851089
0.39889883305916785 0.39889883305916785 0.39889883305916757
0.39889883305916785 0.8156664227693082 0.48225235100119557
0.39889883305916785 3.1743708841315628 0.573762507917714
0.39889883305916785 0.39889883305916785 0.39889883305916757
4.379935472186418 5.59596231865358 2.5792336553649666
0.39889883305916785 5.59596231865358 0.5028401027710558
2.762034309451185 5.010044991264767 1.4133509878644006
0.39889883305916785 5.010044991264767 1.458926585178522
0.39889883305916785 5.636869661857112 0.5036582496351264
0.39889883305916785 4.51430840910778 2.6335311936902714
0.39889883305916785 6.90193334143807 1.775587868774669
0.39889883305916785 2.385273115291867 0.6913057766715578
0.39889883305916785 0.39889883305916785 0.39889883305916757
3.034422541976753 5.062247544246791 1.7979034464154549
5.347225555973182 2.584842378023691 1.0546818965485258
3.034422541976753 5.347225555973182 1.5197207903398422
5.106550610220573 5.056872524596056 1.3145675207660912
0.39889883305916785 5.056872524596056 0.544768781068257
2.522695236209739 0.39889883305916785 0.39889883305916757
2.522695236209739 5.106550610220573 0.5872049041456238
0.39889883305916785 2.522695236209739 0.5263266172482017
0.39889883305916785 0.39889883305916785 0.39889883305916757
0.39889883305916785 0.39889883305916785 0.39889883305916757
0.39889883305916785 0.39889883305916785 0.39889883305916757
0.39889883305916785 5.6426309967127 1.2378959792437336
0.39889883305916785 0.39889883305916785 0.39889883305916757
0.39889883305916785 0.39889883305916785 0.39889883305916757
0.39889883305916785 6.367782813462391 3.5665434765364994
0.39889883305916785 5.7430314365035535 0.5057814851280553
0.4916617051347818 0.39889883305916785 0.39889883305916757
0.39889883305916785 0.4916617051347818 0.4081751202667289
0.39889883305916785 5.680434465707783 0.5082400605951645
5.670112088394809 4.132025176819273 0.7973366096962157
0.3282167692622946 5.670112088394809 1.8522202841381483
0.3282167692622946 5.504963506781959 2.1071698026362076
3.2762700706815626 1.4373720994783992 0.7039543913902158
0.21927159480134906 5.983183862121198 1.379235786980239
0.036643413886018994 0.2420694748844423 0.1612767289000817
5.517634929888821 0.2420694748844423 0.05262154116423099
5.517634929888821 6.217737150221023 4.749965257507917
0.036643413886018994 5.630929225429693 2.7105711738728973
0.036643413886018994 2.9574723004978627 0.9320361348891533
0.036643413886018994 5.6683339348962 2.425050620849081
0.036643413886018994 0.036643413886018994 0.036643413886018994
0.036643413886018994 0.036643413886018994 0.036643413886018994
0.08386263390287896 0.036643413886018994 0.036643413886018994
0.036643413886018994 5.508528636617562 0.4781717693058909
0.036643413886018994 0.036643413886018994 0.036643413886018994
0.036643413886018994 5.5030458241778035 1.6765641369735553
0.036643413886018994 3.0103475333226304 0.9882287321057344
0.036643413886018994 1.1439302608199822 0.39097520490488685
0.036643413886018994 3.1795456802314956 0.3509336405205663
0.036643413886018994 5.591511513681322 1.5920064818287039
0.036643413886018994 0.036643413886018994 0.036643413886018994
0.036643413886018994 5.500118407823763 1.6355696899352483
