3.1545595097985992 7.676916560755318 5.443562928595993
3.1545595097985992 7.099450561181804 5.317821980410599
3.1545595097985992 8.829632861635552 6.027978132673085
3.1545595097985992 11.34282353883812 7.0074690323344075
3.1545595097985992 14.689800597081183 10.555308867507362
3.1545595097985992 14.689800597081183 9.257400439492763
3.1545595097985992 14.689800597081183 7.114233844481018
3.1545595097985992 14.689800597081183 6.527973942256014
3.1545595097985992 7.728826285382839 5.198557991196451
3.1545595097985992 7.027059026874229 5.815383801804085
3.1545595097985992 7.210586842660431 6.014969259292232
3.1545595097985992 7.596978666536815 6.11729858434966
3.1545595097985992 7.596978666536815 5.9954569582264465
3.1545595097985992 8.163363072267689 7.212349295643731
3.1545595097985992 9.00365048782266 7.246362272654645
3.1545595097985992 9.00365048782266 7.8875331541705975
3.1545595097985992 8.426765938435814 7.9347330610617055
3.1545595097985992 8.426765938435814 7.427644210588101
3.1545595097985992 8.575570743167326 7.31924721340915
3.1545595097985992 8.575570743167326 7.8460997329470015
3.1545595097985992 8.575570743167326 6.882228669995807
3.1545595097985992 8.575570743167326 6.9962349295040065
3.9164732720956974 8.575570743167326 4.293114268688764
0.7460147416812792 8.575570743167326 3.7712436959706594
0.6491089916355333 6.319757778632518 3.2930099666320687
0.6491089916355333 6.319757778632518 0.9602754317735698
4.931715380526221 0.7460147416812792 0.7150049016666402
4.931715380526221 5.445381287825565 1.71538173009182
4.931715380526221 5.7924044520747024 0.8538861852860832
0.6496071676234902 4.931715380526221 1.050409269717809
0.6496071676234902 3.3101442452197642 1.6978208508599033
0.6496071676234902 3.3101442452197642 0.9901372356067876
0.6496071676234902 3.2843784743535918 0.9393653557229028
0.4578602807340961 3.2843784743535918 0.7522708647707801
1.8967818975472963 0.9211116528012728 0.6622092239331788
1.8967818975472963 0.9211116528012728 0.5731462207802956
1.8967818975472963 3.93730722200996 1.7574966893487742
5.1364519022672965 3.287217656663984 1.6354363539820154
5.1364519022672965 5.685463961472607 1.6664598072044945
5.1364519022672965 2.3966141224292596 0.45436229937077127
0.33038877875001704 5.1364519022672965 1.4306803001456145
0.33038877875001704 5.1364519022672965 1.6354301089253918
4.138355476039653 2.8963405806274314 0.9767946636157897
0.090330983886457 4.138355476039653 1.7376456956492883
1.7627857621583165 0.9071562108745899 0.10666748842621952
0.090330983886457 1.7627857621583165 0.09033098388645694
0.090330983886457 0.090330983886457 0.09033098388645694
0.090330983886457 4.907110205465724 1.3426935814970675
0.090330983886457 4.193992626507448 1.3214294766727557
0.090330983886457 4.193992626507448 0.20585331230431364
0.090330983886457 5.591680369143035 2.1644303966440663
0.090330983886457 3.116720963748137 1.0857177072238189
0.090330983886457 2.914609940893254 1.5373575997126627
0.090330983886457 0.090330983886457 0.09033098388645694
0.090330983886457 0.090330983886457 0.09033098388645694
0.090330983886457 6.2233481610278965 2.4692289454586014
0.090330983886457 0.090330983886457 0.09033098388645694
0.090330983886457 5.579804844385489 2.1720405807402803
0.090330983886457 5.579804844385489 1.1806983246162277
0.090330983886457 2.3748355779782924 0.7756823621140082
0.090330983886457 5.076066343699335 2.060422571229105
0.090330983886457 5.4095275882772285 2.491256392117732
0.090330983886457 0.090330983886457 0.09033098388645694
0.090330983886457 5.581504728890426 1.8026012675381144
0.090330983886457 5.581504728890426 0.20015445878653626
0.090330983886457 5.653449618604405 1.759266574301842
0.090330983886457 2.7120259420402495 0.8768394713325952
0.090330983886457 2.134539466327905 0.4174043410770883
5.3696144937399275 3.706441634764339 1.2883705618162093
0.090330983886457 5.3696144937399275 0.8294306752659432
0.090330983886457 3.8721880000260644 0.6197909661460017
0.090330983886457 0.090330983886457 0.09033098388645694
0.090330983886457 3.086741715655045 0.9892542034170339
0.090330983886457 2.937770078038277 1.115409057781113
0.090330983886457 2.937770078038277 0.19004332841300212
0.090330983886457 5.464883285295098 2.0666738655469437
0.090330983886457 3.2696045945804078 1.2220111875987467
3.253769563570789 0.25333272612520163 0.20757962361440693
0.090330983886457 5.2383080923812315 2.2078203843627713
3.253769563570789 3.2174755549122875 0.8664149403723529
0.090330983886457 4.89071414540858 1.4340230738172812
0.090330983886457 0.276922145863566 0.21474279122611184
0.090330983886457 0.21678617983215576 0.20919886807541357
0.090330983886457 3.251048705740733 0.9732008263892525
0.08239088365737546 3.251048705740733 0.2628713455204034
0.08239088365737546 0.21678617983215576 0.10220189993630481
0.08239088365737546 0.21678617983215576 0.14906072668823195
2.781720511457302 2.712606221738192 0.7376896689231635
0.06525429095953372 4.954365286320442 2.2973238401592755
0.06525429095953372 0.08239088365737546 0.06628248652140423
0.06525429095953372 2.813996279113543 1.0001692987858548
0.06525429095953372 4.936756822770867 1.7260405117613589
0.06258089106697584 0.07841711444768551 0.06901091553804514
0.06124283881049353 0.07216529187707765 0.0637272630551523
0.06124283881049353 4.5486781566879095 2.1501890638531496
0.06124283881049353 3.0903244144936193 0.5942455531892257
0.06124283881049353 2.7426421340607274 1.33927922486728
0.06124283881049353 0.07216529187707765 0.06515759496902548
0.06124283881049353 0.07116826015092714 0.06325772617837602
0.06124283881049353 5.671083026983137 1.8569282452252087
