1.342777054615404 7.7388405003485765 5.55627389503733
1.342777054615404 7.790816857759744 5.433416699562985
1.342777054615404 8.006657515587959 6.469513345154682
1.342777054615404 8.006657515587959 5.015757716982842
1.342777054615404 8.036114826140759 4.883476375867036
1.342777054615404 9.195261643669301 6.289979722840965
1.342777054615404 9.195261643669301 4.529370467805385
3.0518159871780246 5.9238872763207695 1.810527298445018
0.8400876318999377 3.7538224362065304 1.445275807340102
0.8400876318999377 3.0518159871780246 1.0290946506541552
0.8400876318999377 1.342777054615404 1.0111746167405622
0.8400876318999377 2.0681239345123683 1.5996755666375635
0.8400876318999377 2.0681239345123683 1.6453050290280973
0.8400876318999377 5.729437651931679 2.480690411334329
0.8400876318999377 3.8523694833649142 2.109884484550855
0.8400876318999377 4.792645781303701 1.643665656082302
0.8400876318999377 4.746616303937792 0.9182182053406953
0.8400876318999377 0.8400876318999377 0.8400876318999382
1.3720581871308721 3.4162352471134594 1.0977023934212908
1.3720581871308721 3.4162352471134594 1.8144416804439967
0.8400876318999377 3.2829088213233075 1.0396338939871412
3.394455545418275 3.0114219236755138 0.8941537288400686
0.8400876318999377 3.394455545418275 1.5476499752502177
0.8400876318999377 0.8400876318999377 0.8400876318999382
0.8400876318999377 4.859706122330248 1.7244036997946062
0.8400876318999377 5.460126408407554 2.329867320118633
0.8400876318999377 5.460126408407554 1.7964289543909024
0.8400876318999377 3.638327366938985 0.9446830599149963
0.8400876318999377 0.9346719510503836 0.885478944074721
0.8400876318999377 3.4984814928971457 1.6852522455937649
0.8400876318999377 3.065267144146692 1.5175949532749513
0.8400876318999377 3.065267144146692 1.0112754768207883
0.8400876318999377 5.680968744039252 2.3693214506479414
0.8400876318999377 5.733257571160813 2.5018136187667452
0.7696372665550375 3.014787707312643 1.981609476800239
0.7696372665550375 3.4220496190298424 1.7068470052976639
0.7696372665550375 4.578915226538562 2.946869467613612
3.4690890864608375 4.578915226538562 1.0666914474034757
3.4690890864608375 1.0277648984082401 0.8528987183366837
3.4690890864608375 5.663523234252111 2.1613930322248165
3.4690890864608375 5.663523234252111 1.6374344013942468
3.4690890864608375 5.30905710880387 2.3361900330449705
3.4690890864608375 3.127388089133888 1.8354937005843002
3.4690890864608375 3.127388089133888 1.4956502092603146
3.4690890864608375 1.5266300909055563 1.3884590969764659
3.4690890864608375 1.5266300909055563 1.4029944785011208
3.4690890864608375 3.6181035375479635 2.2123358768894206
3.4690890864608375 1.5266300909055563 1.3987926393477919
0.7703466488650794 3.535092131956944 1.9050821849692792
0.7703466488650794 3.4690890864608375 1.557437103449205
0.7703466488650794 5.9707450093350545 2.960486478211406
0.5526317696388401 5.919758783939415 1.2877218107365842
0.16529774848076118 5.919758783939415 2.0896697172159677
4.155618296204462 5.545959570334727 0.6252054372847752
5.485508909697124 4.935176987481995 2.8441955403641628
5.485508909697124 4.935176987481995 1.5193828486898417
5.485508909697124 4.155618296204462 0.9189543039653776
5.485508909697124 3.1887350945560056 2.4593509972886816
0.33849460382611385 3.1887350945560056 1.6329035937934901
0.33849460382611385 5.485508909697124 0.7082641043214379
0.33849460382611385 5.29833103266748 1.9256422610553525
5.17582809596826 5.527829896877744 3.629687561945829
0.33849460382611385 5.768838033339531 3.355848335232421
3.1250044110643675 5.768838033339531 2.7685947586538275
0.33849460382611385 5.4478175382182705 1.1411859563475284
0.33849460382611385 3.1250044110643675 1.0442545433311217
0.33849460382611385 2.6821480927583505 0.9009714411698505
0.33849460382611385 2.7986399831597457 1.2969328672097702
0.3376353253921036 0.33849460382611385 0.33821963472723027
0.3376353253921036 0.9117890352084754 0.4413782612386949
0.3376353253921036 0.33849460382611385 0.33777280994154496
0.3376353253921036 5.71096646373584 2.6898050411472796
0.3376353253921036 5.71096646373584 1.7712947266179666
0.3376353253921036 0.3376353253921036 0.33763532539210334
5.70067569095589 5.1628883929189975 0.9166656934953314
0.3376353253921036 5.70067569095589 1.0884609765710338
0.3376353253921036 0.3376353253921036 0.33763532539210334
0.3376353253921036 3.0360258933840893 1.96067431929934
0.3376353253921036 3.197728621128015 1.831264089090142
0.3376353253921036 5.675683729380417 2.1645818533416756
0.3376353253921036 7.716640681790569 2.5944588706757994
0.3376353253921036 0.39815948360927367 0.3448982243781637
0.3376353253921036 0.39815948360927367 0.3388458085564467
0.3376353253921036 0.39815948360927367 0.3388458085564467
0.3376353253921036 5.577775183346258 1.90967728277835
0.3376353253921036 5.577775183346258 0.4424381225511864
0.3376353253921036 5.026447416147818 1.1740916820800154
0.3376353253921036 2.8334194525370333 0.3875510079350019
1.9387081272931117 3.170515795324729 1.414129903966502
0.3376353253921036 3.170515795324729 1.3276931052261214
0.3376353253921036 0.3376353253921036 0.33763532539210334
0.3376353253921036 6.650214286422084 1.0969790456471833
0.3376353253921036 0.3376353253921036 0.33763532539210334
0.3376353253921036 6.18539498225654 2.3258736087260115
0.3376353253921036 6.18539498225654 0.454590518529392
0.3376353253921036 1.095436841250081 0.5649757801494965
0.3376353253921036 1.095436841250081 0.3982594466607415
0.3376353253921036 2.630551984102891 0.8420769903084769
0.3376353253921036 2.898243152387185 0.8497568907911202
0.3376353253921036 7.640803915503488 1.8494811999542822
