0.5361695362451475 7.6622024352534055 5.145015637079274
0.5361695362451475 7.65539730656128 5.07477884158092
0.5361695362451475 7.046434646756115 2.882153453841413
0.5361695362451475 5.473295931983692 3.4849356231570825
0.5361695362451475 5.531788094093383 2.1761312140980027
0.5361695362451475 3.6440765867819427 1.547302991803635
0.31083732436863487 1.3267586335935353 0.5686818970929038
0.31083732436863487 1.3267586335935353 0.600053656300541
0.31083732436863487 0.6534407551868999 0.5618101870701332
4.891751168340374 5.322865069447619 1.0573203254611945
0.31083732436863487 0.6475708352590179 0.3287126419074414
0.31083732436863487 4.891751168340374 0.9566719067622083
0.31083732436863487 0.5361695362451475 0.31534396860616476
0.31083732436863487 5.708703062688695 2.109850753674186
0.31083732436863487 4.694497266178715 0.8023472905636575
0.8543945241772772 1.4773093015517138 0.6357620185514437
2.6688454127055725 1.4773093015517138 0.5688372904672971
0.07380012044507156 2.827551789015946 1.6757176839389385
0.07380012044507156 3.6918907261133573 1.359025078288241
0.07380012044507156 3.6918907261133573 0.14616193255843715
0.07380012044507156 4.385480703906989 1.4535379071528853
0.07380012044507156 0.07380012044507156 0.07380012044507156
0.07380012044507156 1.4521709769471198 0.48731137739568564
0.07380012044507156 0.07380012044507156 0.07380012044507156
0.07380012044507156 3.2257508118336884 1.1454633555172016
0.07380012044507156 5.740124938928606 1.5597961045366637
0.07380012044507156 3.1304837515705626 1.1742062276502485
0.07380012044507156 0.07380012044507156 0.07380012044507156
0.07380012044507156 0.07380012044507156 0.07380012044507156
0.07380012044507156 0.6993772207114195 0.3102908395386636
0.07380012044507156 6.517837455490554 2.0262926407626667
0.07380012044507156 0.18662975042214258 0.07605671304461298
2.6613838239851693 0.18662975042214258 0.07605671304461298
0.07380012044507156 2.6613838239851693 0.07380012044507156
3.2551161902397756 6.167387371603468 1.7098844798170563
0.07380012044507156 6.167387371603468 0.6993015388667716
5.5151754886651645 3.0788710127801164 1.095524223838987
0.07380012044507156 5.5151754886651645 1.4999330445112955
2.8435530593509637 5.5151754886651645 2.8105806299210254
0.07380012044507156 7.129700268710462 0.2691576135715533
0.07380012044507156 2.8435530593509637 0.47142393157360307
0.46538320397684574 3.3382901839118984 1.062474040770275
5.576586753090275 3.3382901839118984 0.6550212729328148
5.576586753090275 3.3994226066780837 1.7580881858354838
5.576586753090275 3.6148801122569876 2.4551657748822717
0.07380012044507156 5.576586753090275 2.66296177899422
0.07380012044507156 2.7296004910988825 0.12691612785814776
0.07380012044507156 5.133682718771116 2.990080332312973
3.2451466015477703 5.133682718771116 0.30197600808092206
0.07380012044507156 3.2451466015477703 0.4543616981773952
2.488096288156559 3.2451466015477703 0.15916593982045682
0.07380012044507156 2.488096288156559 0.17236641167656114
0.07380012044507156 0.07380012044507156 0.07380012044507156
0.07380012044507156 5.670831904716415 0.29768139181592496
0.07380012044507156 5.4891589999035055 1.721126735360039
0.07380012044507156 0.07380012044507156 0.07380012044507156
0.07380012044507156 5.420452734285018 1.4639298000434575
0.07380012044507156 5.420452734285018 0.18073317272187037
0.07380012044507156 0.07380012044507156 0.07380012044507156
2.7959097104290263 0.07380012044507156 0.07380012044507156
0.07380012044507156 2.7959097104290263 0.07380012044507156
0.07380012044507156 2.7959097104290263 0.2371266958441086
0.07380012044507156 2.923939477411548 0.8692785450560343
0.07380012044507156 5.367812473296738 1.4502433321865045
0.07380012044507156 3.245503559651365 0.7715748770704559
5.096245560464638 2.7418669376369214 0.9599657620646533
0.07380012044507156 5.096245560464638 0.07380012044507156
0.07380012044507156 5.096245560464638 0.6070700361356863
3.2157754276876713 0.5794704300183402 0.09402693282800222
0.07380012044507156 3.2157754276876713 0.5765161696038872
0.07380012044507156 3.3762353430814795 1.1992545975114488
0.07380012044507156 3.3762353430814795 1.2571204453781804
0.07380012044507156 3.0297675119056717 0.6392486954500791
0.07380012044507156 1.3396231883845613 0.09911658180386126
0.07380012044507156 0.07380012044507156 0.07380012044507156
0.07380012044507156 4.071853762820432 1.169979883079958
5.4974388005058294 5.617168047037861 1.948418626847984
0.07380012044507156 3.1528614036109706 1.7463035380440979
2.9683973620010176 5.4974388005058294 1.9178372716657295
0.07380012044507156 4.9869893178500995 2.1091562222636324
0.07380012044507156 2.9683973620010176 0.13169206527619018
0.07380012044507156 2.6476127142717556 0.7944676467165429
0.07380012044507156 0.07380012044507156 0.07380012044507156
0.07380012044507156 0.07380012044507156 0.07380012044507156
0.07380012044507156 0.07380012044507156 0.07380012044507156
0.07380012044507156 2.3859380581535246 0.582470466740931
0.07380012044507156 1.08576662075571 0.1952361004823479
0.07380012044507156 5.602099193999152 2.608271098241704
0.07380012044507156 1.8928259337457516 0.14656115297709849
0.07380012044507156 0.44540677709912346 0.13325718550971963
0.07380012044507156 0.07380012044507156 0.07380012044507156
0.07380012044507156 4.881653177026681 1.6123130985511858
5.672343703192748 0.07380012044507156 0.07380012044507156
0.07380012044507156 5.672343703192748 0.07380012044507156
0.07380012044507156 0.07380012044507156 0.07380012044507156
5.048729647735048 5.672343703192748 0.47646603002962507
0.07380012044507156 5.048729647735048 2.22719629620212
0.07380012044507156 4.900509580024462 1.0397139871037488
0.07380012044507156 3.1247967032141415 1.4318938052802688
0.07380012044507156 3.1247967032141415 0.13482005210045284
