5.971039370712049 7.530864118305022 5.374005571514706
5.971039370712049 7.276697059594824 4.8668526257487725
5.971039370712049 5.590987286757574 4.1175366504951265
0.6768457017671499 5.971039370712049 4.1238601314446415
2.0401888244055404 5.971039370712049 4.297975313581692
0.6768457017671499 5.971039370712049 4.000846760707176
2.0401888244055404 5.971039370712049 2.9792419341833964
2.0401888244055404 3.4355729357107276 2.295282029933112
2.0401888244055404 4.0377447566763855 2.517245050802163
0.6768457017671499 3.677005691525381 1.4720587740803333
0.6768457017671499 3.677005691525381 1.000341179656779
0.6768457017671499 5.541817970596721 2.5158307372185438
0.6768457017671499 5.541817970596721 1.6051010221449244
0.6768457017671499 2.931765856177176 0.72194410485535
0.6768457017671499 0.6768457017671499 0.6768457017671495
0.6768457017671499 0.6768457017671499 0.6768457017671495
0.6768457017671499 3.346817920560714 1.9342242308341266
0.6768457017671499 3.346817920560714 1.6682055866916514
0.6768457017671499 2.930245940461582 1.7559170114046843
0.6768457017671499 5.279040118168723 2.618552846074609
3.2504889534340227 5.279040118168723 2.1498260925500885
0.6768457017671499 5.279040118168723 1.3904056721898517
0.6768457017671499 4.874079181153416 1.5452937918785714
3.2504889534340227 3.2838466836164675 2.2340121292764183
3.2504889534340227 5.6277639840559495 3.3431868777133578
3.2504889534340227 7.521396817448197 3.9230582360933375
3.2504889534340227 5.741398235230971 1.8061403699011374
3.2504889534340227 3.1143547174206287 1.8666388808477967
3.7495318987622324 5.099497203306548 3.3944485417608594
3.7495318987622324 6.8449083822741645 3.9704580850353426
3.7495318987622324 6.8449083822741645 2.1638235595299204
3.7495318987622324 5.81346697413716 2.846635575544883
3.7495318987622324 8.049888891097144 5.097374939669303
3.7495318987622324 8.049888891097144 5.542016634157238
3.7495318987622324 6.973095005509675 2.3543701117736187
3.7495318987622324 6.427553566899682 3.504269816529844
1.8635580305117228 6.427553566899682 4.025683826644208
1.8635580305117228 7.180590228604888 5.385308935876785
1.8635580305117228 6.348000214390531 4.28057950354392
1.8635580305117228 4.627967477001878 4.005910631740695
1.8635580305117228 6.30329255794841 3.8133649631088424
1.8635580305117228 6.30329255794841 3.3393657103990724
1.4475588332232268 6.30329255794841 2.6281498048111263
1.4475588332232268 2.794693933919508 2.4160765780467828
1.4475588332232268 3.0178881572463045 2.293640158818809
0.48636321115995473 3.0178881572463045 1.7608393851598072
0.48636321115995473 2.634045193229284 0.6325260142416002
0.48636321115995473 3.3486364780450626 2.1844755256849733
0.48636321115995473 3.3486364780450626 0.869424162336185
0.48636321115995473 3.8282731285612432 1.5461816517180436
4.919598458299973 3.8282731285612432 1.0541152930150046
0.48636321115995473 5.746781996704588 2.480751115864331
5.330280875798756 4.919598458299973 1.3251390266354954
3.3360611312887873 5.330280875798756 2.286956910715101
3.3360611312887873 5.330280875798756 2.2061432308877955
2.3973384658564822 5.348852021516347 2.505371290981008
0.48636321115995473 5.134109632949858 1.9562151841370243
0.48636321115995473 2.3973384658564822 0.7921192519113989
3.3423546750019324 2.3973384658564822 0.601021726441746
0.48636321115995473 3.475266943981627 1.3179397655908351
0.48636321115995473 0.48636321115995473 0.48636321115995435
0.48636321115995473 3.2186425690371867 1.4856679104756696
0.48636321115995473 3.2186425690371867 0.7648191904409815
0.48636321115995473 5.331135112971168 2.4242719718844397
0.48636321115995473 5.537694197450428 2.1955533831195457
0.48636321115995473 0.48636321115995473 0.48636321115995435
0.48636321115995473 0.48636321115995473 0.48636321115995435
5.078755267285153 3.3475840863836415 1.4591783087360082
1.1884354845855687 5.1974251578588095 3.2773994120071706
5.389469765717596 5.684738251069284 2.6909600512156184
0.4340557059081829 5.684738251069284 2.305519963962264
0.4340557059081829 4.77293877839395 1.9693311172787378
0.4340557059081829 4.77293877839395 0.6388447632784781
0.4340557059081829 0.7093029641663056 0.5516790145937681
3.1749572380213604 0.6379261976671953 0.5757756099802173
3.1749572380213604 0.6379261976671953 0.580747218002703
3.1749572380213604 0.6379261976671953 0.5741757690964892
3.1749572380213604 5.753172115262824 2.8903764734803303
0.5763676378194771 5.485334165505481 0.9025421459835578
0.5763676378194771 3.1749572380213604 0.6588360369692916
0.5763676378194771 3.2276519525417133 1.968285356314286
0.5763676378194771 3.020986880015919 1.3368867946807494
0.5743899068158567 2.718960541005299 0.8146771597389055
4.26872644708504 2.9981554558511267 1.524414908351797
0.5743899068158567 5.331858165046153 2.567855164425241
4.26872644708504 5.331858165046153 0.7664867967755639
4.26872644708504 5.660537899253445 2.174074606165112
4.26872644708504 5.660537899253445 0.8821226145934142
4.26872644708504 0.6915159263154895 0.6798967358933554
4.26872644708504 0.6902351308237802 0.6859420345826338
4.26872644708504 2.964664864254527 0.9580538287404256
4.26872644708504 5.706564051429979 2.2331653958533875
4.26872644708504 5.706564051429979 2.223440671570235
4.26872644708504 5.453618312908645 0.8738263920648602
4.26872644708504 0.690839915313266 0.6825730191635774
4.26872644708504 5.311002327863374 0.9556195882416658
2.3109781869238586 5.571729301412908 2.2224584521262774
2.3109781869238586 5.4446547229980915 2.3371903241517855
0.6846546070010366 5.4446547229980915 0.9750134389117163
0.6846546070010366 5.741796590567912 4.223866461926404
