2.295380205022014 7.645183507432037 5.410856845453549
2.295380205022014 7.732726042508773 5.177462167890883
2.295380205022014 6.58681050445831 4.449992283140088
2.295380205022014 6.422156410612313 4.881182668947698
2.295380205022014 5.826632048410037 4.434202611995168
0.1586776561302945 5.826632048410037 3.270350141300434
0.1586776561302945 4.585950126685997 3.203725439636719
0.1586776561302945 4.585950126685997 1.5265190752382791
0.1586776561302945 2.9489386650892127 1.1845516471925637
0.1586776561302945 5.6703846469770305 2.0148570489879214
0.1586776561302945 5.6703846469770305 0.3123091360169264
0.1586776561302945 5.645648266703425 1.042706875996659
0.1586776561302945 3.133538145393818 0.5751581246271875
0.1586776561302945 3.312273526861681 1.2939721695935935
0.1586776561302945 0.1586776561302945 0.1586776561302943
0.1586776561302945 3.383191664887051 0.9970512984070509
0.1586776561302945 4.209919875641226 1.5361000107640108
0.1586776561302945 0.1586776561302945 0.1586776561302943
0.1586776561302945 5.923390539579525 2.3492685518410026
0.1586776561302945 0.1586776561302945 0.1586776561302943
0.1586776561302945 0.1586776561302945 0.1586776561302943
4.254932388725244 5.349696078211686 1.9647942134321488
0.1586776561302945 5.637034530026661 2.5108674935140805
0.1586776561302945 5.637034530026661 0.6958771553908863
0.05478638332550689 1.1189756203824222 0.16267574725550704
1.914048311917743 3.2628659113478666 0.6725225770350228
3.100942187116314 3.0614601498799243 1.1211999644065254
0.9626447902132687 3.100942187116314 0.5999153508242256
0.11558710171337028 3.100942187116314 0.21783723465219387
0.11558710171337028 5.586886885521988 2.6664581273181676
0.9626447902132687 5.586886885521988 0.936701782665591
0.9626447902132687 0.18955371833933699 0.16381203897178437
0.9626447902132687 2.4025213767238722 0.3452879610897168
0.9626447902132687 0.1820466035761794 0.1458288524065985
0.9626447902132687 2.5646810215104137 0.9206001939073504
0.9626447902132687 2.5646810215104137 0.5059131610543058
0.9626447902132687 4.361956882450784 1.3541272511679006
0.9626447902132687 4.361956882450784 1.081676348574988
0.9626447902132687 2.857778724830983 1.0054600035018801
0.9626447902132687 3.2586850580240463 1.2622258076962667
0.9626447902132687 5.607643689752734 1.9956096042958333
0.9626447902132687 4.928931682814113 0.2532257133437078
0.9626447902132687 4.946916377659139 2.2454794124523714
0.9626447902132687 0.13867782402622142 0.13556704823420432
0.9626447902132687 3.27131465228559 1.6032462526772266
0.13461608501548428 4.523438364741583 2.5788237481625855
0.13461608501548428 0.13867782402622142 0.13654092820836383
0.13461608501548428 3.110559906844291 0.6123702342582364
0.13461608501548428 3.0932956368847724 0.9053155924766283
0.13461608501548428 0.13662000720316358 0.13653985031565624
0.13461608501548428 3.520463662155976 0.880985454405275
0.13461608501548428 0.13662000720316358 0.13657992875940983
0.13461608501548428 0.13662000720316358 0.13657992875940983
0.13461608501548428 0.13662000720316358 0.13653985031565624
0.13461608501548428 5.616067967744851 0.5749357656027446
0.13461608501548428 0.13662000720316358 0.13649977187190265
0.13461608501548428 0.13662000720316358 0.13649977187190265
0.13461608501548428 0.13662000720316358 0.13653985031565624
0.13461608501548428 2.3538861078665545 0.9347556465544773
0.13461608501548428 0.13662000720316358 0.1364596934281491
0.13461608501548428 0.13662000720316358 0.13649977187190265
0.13461608501548428 4.915577052622005 0.8056339151180475
0.13461608501548428 5.1168509298138325 1.1326261132815438
0.13461608501548428 4.694407899794161 1.8726831603347631
0.13461608501548428 4.694407899794161 0.22769560816747622
0.13461608501548428 0.13662000720316358 0.13657992875940983
0.13461608501548428 5.168873209910302 1.6462558895715511
0.13437859407870834 5.168873209910302 0.23662947174341512
0.13437859407870834 2.7757664502347876 1.0337588924104133
0.13437859407870834 2.7757664502347876 0.24210041221267684
0.13437859407870834 0.13742121949308883 0.136658947786296
0.13437859407870834 5.416208812310121 1.7208120134176073
0.13437859407870834 0.1383540031232049 0.13728512876432092
0.13437859407870834 2.757096253556338 0.9762017270212331
0.13437859407870834 3.205880680461505 2.0874641060558865
0.13437859407870834 5.3620354771935475 2.913144846366458
0.13437859407870834 3.241623718361599 0.24922572269075277
0.13437859407870834 3.051913757867514 0.6617187239833394
0.13437859407870834 3.265561792759375 1.0754996104731207
0.13437859407870834 3.265561792759375 1.0750947987305193
0.13437859407870834 2.9421798660681806 0.8100580112938744
0.13437859407870834 5.487653442503959 2.170066337938501
0.13437859407870834 5.277903626953499 2.4491125704301098
0.13437859407870834 4.949990128770597 0.23294334627155736
0.13437859407870834 3.912310851360886 1.1182802641008214
0.13437859407870834 2.79124614422371 0.9330358898491096
0.13437859407870834 2.717545020760195 0.29154673417129157
0.13437859407870834 0.13677361660294496 0.13665026831383698
0.13437859407870834 4.694832357494288 0.2278099632648861
0.13437859407870834 2.7118826663189677 0.7031800198447694
0.13437859407870834 2.7246047206936486 1.2581941241666088
0.13437859407870834 2.7246047206936486 0.18831234934211874
0.13437859407870834 3.2335491860272723 1.1895160838286283
0.13437859407870834 0.13674440822438827 0.1366970919414745
0.13437859407870834 4.940676351952117 4.221535184649238
0.13437859407870834 6.447804598716797 3.006607777627307
0.13437859407870834 5.224092082956165 0.6456637040521026
0.13437859407870834 0.13779939856406687 0.13673277983260995
0.13437859407870834 5.565822586123289 0.7158440197722677
0.13437859407870834 0.13674440822438827 0.1351338529994643
