1.901254736373812 7.507233068369297 5.197595723537362
1.901254736373812 7.767931129060063 4.880943189148205
1.901254736373812 7.767931129060063 2.967314701320928
1.6102133083870211 7.767931129060063 3.837354219994868
1.6102133083870211 7.767931129060063 4.027403626169632
1.6102133083870211 6.625520007254021 3.0749070669258574
0.9190872416653808 6.625520007254021 2.2080811992590643
0.9190872416653808 3.2705377041130324 0.8278782112430911
0.46638017588370717 5.755913165287019 2.2133555803865703
0.46638017588370717 3.337329398069255 1.4999218958705058
0.46638017588370717 3.337329398069255 0.5237991603274178
5.45184010671117 5.599675291780844 2.5730454916922656
0.46638017588370717 5.736383296983298 1.9871491718420362
0.46638017588370717 5.45184010671117 1.0646353675830025
5.486518083651873 2.074708363056186 1.01321175952235
0.46638017588370717 5.112100419765337 3.3930428864533995
2.258616939670383 5.486518083651873 2.9287973267011584
0.46638017588370717 3.236204707261621 1.973407900158026
0.46638017588370717 2.8002710676214275 0.8444860008867242
0.33596168169884466 3.2737168346952257 1.3345973965817222
0.33596168169884466 4.992703640032822 1.5019315724324531
2.6619084159742106 4.992703640032822 0.7960595253525594
0.08367231280609788 2.6619084159742106 0.6454204367625258
0.08367231280609788 2.742083395536856 0.5090180860430188
0.08367231280609788 0.08367231280609788 0.08367231280609787
0.08367231280609788 0.08367231280609788 0.08367231280609787
0.08367231280609788 0.08367231280609788 0.08367231280609787
0.08367231280609788 4.897043375199029 2.3212446998118828
0.08367231280609788 5.654482707915502 2.074015268391156
0.08367231280609788 0.08367231280609788 0.08367231280609787
0.08367231280609788 2.616020750135331 0.6914359377651137
0.08367231280609788 0.08367231280609788 0.08367231280609787
0.08367231280609788 0.08367231280609788 0.08367231280609787
0.08367231280609788 3.6358081049590294 1.0782703346089193
0.08367231280609788 0.08367231280609788 0.08367231280609787
0.08367231280609788 1.9507258600237667 0.4197419513052779
0.08367231280609788 2.7358073756858663 0.8793128316700289
0.08367231280609788 2.7358073756858663 0.13671501406369294
0.08367231280609788 3.206510945365818 0.9273536182336959
0.08367231280609788 3.254168771911861 1.0982311797199429
0.08367231280609788 0.08367231280609788 0.08367231280609787
5.322633161888067 5.24033292698525 1.6306704970598442
5.672440759044658 5.322633161888067 3.401304193040243
0.08367231280609788 5.672440759044658 1.3142724988322967
0.08367231280609788 0.08367231280609788 0.08367231280609787
0.08367231280609788 3.248327824860642 0.9064827459402796
0.08367231280609788 0.08367231280609788 0.08367231280609787
0.08367231280609788 0.08367231280609788 0.08367231280609787
0.08367231280609788 1.031011215136378 0.4057675395983928
0.08367231280609788 1.8461295853841517 0.6666054180776806
0.08367231280609788 0.08367231280609788 0.08367231280609787
0.08367231280609788 0.08367231280609788 0.08367231280609787
0.08367231280609788 0.08367231280609788 0.08367231280609787
0.08367231280609788 3.253610629136834 1.0346538077053198
0.08367231280609788 0.08367231280609788 0.08367231280609787
0.08367231280609788 2.840789887222009 0.7453805306659166
0.08367231280609788 2.6972151913333424 0.7109226036526367
0.08367231280609788 0.08367231280609788 0.08367231280609787
0.4220870336982263 5.344002143042424 1.766977858481723
1.6421281789089126 0.4220870336982263 0.17166014023805107
0.08367231280609788 0.4220870336982263 0.10397719605962547
0.08367231280609788 1.6421281789089126 0.30185613406049167
0.08367231280609788 0.08367231280609788 0.08367231280609787
0.08367231280609788 0.08367231280609788 0.08367231280609787
0.08367231280609788 3.1106890933518447 1.2911104344679072
0.08367231280609788 0.08367231280609788 0.08367231280609787
2.622774614083401 0.08367231280609788 0.08367231280609787
5.540897684831183 2.622774614083401 0.2868004969082818
0.08367231280609788 3.212909785637255 0.9598588051988227
5.279967661243695 0.08367231280609788 0.08367231280609787
0.08367231280609788 4.942528506047321 3.452094462659501
0.08367231280609788 5.279967661243695 1.0093152056136412
0.08367231280609788 5.540897684831183 1.0659728797706132
0.08367231280609788 3.18817627433862 0.4562127881900003
0.08367231280609788 3.18817627433862 0.14576239203674818
0.08367231280609788 0.08367231280609788 0.08367231280609787
0.08367231280609788 0.08367231280609788 0.08367231280609787
0.08367231280609788 0.08367231280609788 0.08367231280609787
0.08367231280609788 0.08367231280609788 0.08367231280609787
0.08367231280609788 0.08367231280609788 0.08367231280609787
0.08367231280609788 3.769735903432569 2.178215922019873
2.654828202707311 2.77485837225699 0.9758318212403028
0.08367231280609788 4.911854978384071 1.0848950916685554
0.08367231280609788 0.08367231280609788 0.08367231280609787
0.08367231280609788 3.2472013078750916 1.1592721711295573
0.08367231280609788 5.071577918488188 1.9790764429652936
0.08367231280609788 3.0082363715641596 1.019532811608678
0.08367231280609788 6.632970415417628 1.0335935450571572
0.08367231280609788 0.08367231280609788 0.08367231280609787
0.08367231280609788 0.08367231280609788 0.08367231280609787
0.08367231280609788 4.927043270075728 1.5366835999869886
0.08367231280609788 2.9894920082666165 1.1139170988439269
0.08367231280609788 5.325937590838706 1.6563518962158819
0.08367231280609788 0.08367231280609788 0.08367231280609787
0.08367231280609788 3.3892150359149835 0.21589402173045294
4.783290219159941 5.322466913596955 2.1693234322946626
0.08367231280609788 4.783290219159941 1.434301347878967
3.138615396094505 1.9065210711832816 0.12012928797364147
4.923564322735469 3.138615396094505 0.08367231280609787
0.08367231280609788 4.923564322735469 1.234947299789277
