0.8742696478150376 7.77511981055993 5.3460348208048
0.8742696478150376 7.633808172919052 4.394057094147905
0.8742696478150376 6.65304965454218 3.520878526404193
0.8742696478150376 4.799457227654788 1.5933782980049906
0.8742696478150376 2.7083473159366993 1.497856054976404
0.8742696478150376 5.611498752817592 3.485664711008959
0.8742696478150376 5.611498752817592 1.3955045561979225
0.8742696478150376 5.499757916141256 1.003460966543996
2.6636390142131288 0.8742696478150376 0.8742696478150381
3.4707145687930425 2.6636390142131288 1.1605687464387333
3.0870995563647274 3.4707145687930425 1.1697015272408005
3.0870995563647274 5.574478914777579 3.0602398350848814
0.8742696478150376 5.141624776309662 3.5322586021674574
0.8742696478150376 5.141624776309662 3.587026006189684
0.8742696478150376 5.141624776309662 2.633741378690043
0.8742696478150376 5.141624776309662 2.9336714990179633
0.8742696478150376 4.555485737316236 1.7530102690161806
0.8742696478150376 2.321038255157131 1.8371094418260878
0.8742696478150376 3.033685049534086 1.794321774042285
0.8742696478150376 5.64304793229315 1.643472291047801
0.8742696478150376 1.3920104483765994 1.0972967247756265
0.8742696478150376 3.386624057658388 1.8345865206741863
0.8742696478150376 5.309837551215281 2.560887167805161
0.8617207792379777 0.9862309538180658 0.894557669556364
0.8617207792379777 3.3297543027243326 1.7123105769242486
0.7981303582293227 3.3297543027243326 1.4916491102663483
0.7981303582293227 2.8523003019092426 0.9028965967234845
0.7981303582293227 0.8965791240681864 0.8066952105178875
0.8630212428216244 2.911957320864993 1.3558216230053761
0.8630212428216244 2.911957320864993 0.892588040287048
0.8630212428216244 5.041978020503365 2.4163623817961555
0.8630212428216244 6.962893080225637 3.2147016579650436
0.8630212428216244 3.2514210610199012 0.9533886224859245
0.8630212428216244 2.9507283102699877 1.1070007834988358
0.8630212428216244 2.9507283102699877 0.8498633755872383
0.8630212428216244 0.8073655266517723 0.8066267131779761
0.8630212428216244 4.201457232289503 2.4863537209598428
0.8630212428216244 4.399964305925181 2.440383224861704
0.8630212428216244 5.189414274167511 3.485424371494036
0.8630212428216244 5.556904032275746 4.2608295849274045
5.542209105500042 5.556904032275746 3.1126232494731387
0.8073655266517723 6.727072256541982 2.977052498717864
0.8073655266517723 1.3828196041327172 1.110840310382961
0.8073655266517723 1.3828196041327172 0.9037082108221824
0.8073655266517723 2.111110491169129 1.2215060114514835
0.8073655266517723 3.026414201648088 1.6133146608707147
5.576235558207468 3.026414201648088 1.5054894521271727
0.8073655266517723 2.9727670351571267 1.0958564702280882
5.576235558207468 5.42026669572704 2.2113831342968977
5.576235558207468 5.42026669572704 1.7810523209915305
5.576235558207468 3.1363373687946567 1.0353346326139032
5.576235558207468 3.3537277968145607 1.033263247179435
5.576235558207468 3.918393460479646 2.903825480556352
5.576235558207468 3.918393460479646 1.8038565600574918
5.576235558207468 3.8712800873455575 2.817787662500501
5.576235558207468 5.324060124559587 3.6073837489132727
5.576235558207468 4.043281196885427 2.7670151989821203
5.576235558207468 4.2611232042855285 2.9303075257981233
5.576235558207468 4.2611232042855285 2.4416831603570652
5.576235558207468 5.942784650206157 2.213167756009236
5.576235558207468 5.84845594996964 4.74090198262609
5.576235558207468 5.84845594996964 3.7325793747805505
5.576235558207468 5.844508445384804 3.2848994743008255
5.576235558207468 5.604055872881236 3.9727044682137547
5.576235558207468 5.551904849273502 4.183911462459443
5.576235558207468 8.212078220765152 5.762359944994176
2.9261865674568814 8.212078220765152 5.01604950271319
2.9261865674568814 6.589569980305296 5.184306155548586
2.9261865674568814 6.589569980305296 4.797551014450325
2.9261865674568814 5.94227364281878 4.706475657527713
2.602041149338913 5.94227364281878 4.379828220272274
2.602041149338913 5.763901563384046 4.206863081830639
2.602041149338913 6.274839498222693 4.228745216272561
2.602041149338913 6.552814681955294 5.629824800051784
2.602041149338913 6.757113537851815 4.045878688179153
2.602041149338913 6.552814681955294 4.0966823016123515
2.602041149338913 4.737577069730207 4.183930739839904
2.602041149338913 5.223852046355464 4.350201679349142
2.602041149338913 5.223852046355464 4.44436564263145
2.602041149338913 4.737577069730207 3.9822325789974546
2.602041149338913 4.577089572676183 3.9727344544401704
2.5972559406404483 4.526069266644434 3.453330883550698
2.5972559406404483 6.247846401241066 4.327287803613324
2.5972559406404483 6.247846401241066 3.5054627939907097
2.5972559406404483 3.7933012615512145 3.048088631682499
2.5972559406404483 3.7933012615512145 3.0287246472437017
2.5972559406404483 3.297690628190488 2.9185247180322578
2.5972559406404483 3.297690628190488 3.0251364711897137
2.5972559406404483 3.297690628190488 3.087454754173765
2.5972559406404483 3.297690628190488 3.16060864941395
2.5972559406404483 3.320609616606291 3.1439245665752837
2.5972559406404483 3.320609616606291 3.0957174059966177
2.5972559406404483 3.320609616606291 3.0744659286664398
2.5972559406404483 3.201427670667812 3.007787641401076
2.5972559406404483 3.201427670667812 3.016526565259505
2.5972559406404483 4.017706261990192 3.2591174427106018
3.2497886411446797 4.017706261990192 2.236137112823582
3.2497886411446797 6.585727133713284 3.4800712510862826
0.4991496941966713 6.585727133713284 0.6680069662811009
0.4991496941966713 3.2497886411446797 1.850498111915426
