2.5833869244477516 7.7600967904882285 5.616794738761544
2.5833869244477516 7.7600967904882285 5.245200522117651
2.5833869244477516 7.218297161149087 4.96732351305638
2.5833869244477516 7.218297161149087 4.42864912117599
2.5833869244477516 7.218297161149087 5.093270466592874
2.5833869244477516 6.520655010894298 4.549727676636586
2.5833869244477516 6.1354935833994695 4.25169796271656
2.5833869244477516 6.248406385969627 4.220168559437592
2.5833869244477516 6.248406385969627 4.204259792837036
2.5833869244477516 6.335379764933215 4.982273425202076
2.5833869244477516 6.701601171688072 5.499520129240226
2.5833869244477516 7.319311100610236 5.752116885092795
2.5833869244477516 7.319311100610236 5.026731452414071
2.5833869244477516 7.319311100610236 4.916610813413073
2.5833869244477516 7.319311100610236 5.163156278357608
2.5833869244477516 6.592554166129016 4.313554031509657
2.5833869244477516 6.662379068382382 4.827224320521487
2.5833869244477516 6.662379068382382 3.8060392389189928
2.5833869244477516 6.662379068382382 3.592105186564367
2.5833869244477516 4.061782356000535 3.5456977861533807
2.5833869244477516 4.06625612375025 3.6502503824551407
2.5833869244477516 6.311761535257261 3.470135483467295
2.5833869244477516 6.311761535257261 3.541177386966316
2.5833869244477516 4.061782356000535 3.5079592342301833
2.5833869244477516 4.195191118097661 3.8591819293917746
2.5833869244477516 5.732019698726109 3.7703939257320185
2.3371624746701554 5.732019698726109 3.0912973549169003
2.3371624746701554 3.916339736872978 3.438830643762899
5.660781399065943 4.464732769378742 3.621991421305742
3.7685129078372097 5.660781399065943 4.02795984061861
3.7685129078372097 5.307421981894766 4.362003121775973
3.7685129078372097 5.661167185954323 4.552381412264778
3.7685129078372097 5.661167185954323 4.006972479587979
3.3456208998391657 7.1542535471424085 5.320292257898616
3.3456208998391657 7.1542535471424085 4.174515950986221
3.3456208998391657 5.613087673054007 4.0050970326962645
3.3456208998391657 4.1646484461726665 4.049911010583223
3.3456208998391657 4.419889872055489 4.141990340322257
3.3456208998391657 4.486397751433078 4.230257675019507
3.3456208998391657 4.486397751433078 4.3353071328541315
3.3456208998391657 4.486397751433078 3.951714004018494
3.3456208998391657 4.481437517533969 3.690623341248332
3.3456208998391657 4.455159912226282 3.7973024786011798
3.2640872451224863 6.059975765578962 4.363579387838945
5.483614089343789 6.059975765578962 3.7647478144144992
5.483614089343789 6.059975765578962 3.7864247047279758
4.408564331244527 5.483614089343789 3.8753851990536576
2.528058696719246 5.593422741983918 4.329144285315004
2.619886305189621 5.593422741983918 4.2321811725697565
2.528058696719246 5.540088695997959 4.640221364834735
2.619886305189621 5.494264847685802 4.126772929195877
5.619069416621588 5.494264847685802 3.811945709873385
2.2683178032538795 5.415382496927386 4.350138652936787
2.2683178032538795 5.415382496927386 3.6255168250562093
2.2683178032538795 6.314939841070334 4.4268402844297245
5.619069416621588 6.385357535883731 4.501671459431106
2.2683178032538795 6.385357535883731 3.7894375331804286
2.2683178032538795 6.385357535883731 3.8650850319992998
5.619069416621588 4.608262313921916 3.903481267174686
5.619069416621588 4.608262313921916 3.874318082472733
5.619069416621588 4.608262313921916 3.746581842143227
5.619069416621588 4.596252646554479 3.198263529683244
5.619069416621588 3.872619899592945 2.9795477483890194
5.619069416621588 5.6729031337273454 3.4374437258155752
5.619069416621588 5.6729031337273454 2.9803373035877434
5.619069416621588 5.6729031337273454 2.937281948591967
5.619069416621588 5.744672081207643 3.5073710461142578
5.619069416621588 5.834046527710338 4.457220620345818
5.619069416621588 5.834046527710338 3.863794535110049
5.619069416621588 5.834046527710338 3.8270043988458275
5.619069416621588 4.418218136222645 3.9404925533983026
5.619069416621588 4.418218136222645 3.801799785901398
5.619069416621588 6.117981330004248 4.848574048863127
5.619069416621588 6.117981330004248 4.486570172856049
5.619069416621588 5.755419418031234 3.1231827932339877
5.619069416621588 5.817146082717006 4.06037341748164
5.619069416621588 7.6500062494324155 5.289918335866145
5.619069416621588 10.025491280701303 6.365621504416614
5.619069416621588 10.025491280701303 4.818975621934205
5.619069416621588 6.448523171934635 4.670500877867406
5.619069416621588 6.5869144105810555 5.605407585997994
5.619069416621588 8.309216702373273 5.711149557316883
5.619069416621588 8.309216702373273 4.5022215194622515
5.619069416621588 6.559208107157861 4.4169576217460165
5.619069416621588 6.559208107157861 4.516875875179611
5.619069416621588 6.559208107157861 4.097315281636171
5.619069416621588 5.186853041723637 4.446570377059623
5.619069416621588 5.186853041723637 3.564594712693883
5.619069416621588 5.136611577062187 3.968447034016512
5.619069416621588 5.136611577062187 3.4855026491202166
5.619069416621588 5.136611577062187 3.5152968135708993
5.619069416621588 4.888202821923876 3.707900133430604
5.619069416621588 4.888202821923876 3.4063118474063976
5.619069416621588 4.703099971874835 4.164916627071167
2.2683178032538795 4.703099971874835 3.179842172878363
2.2683178032538795 5.8755365257954715 3.488170836347609
2.2683178032538795 5.8755365257954715 2.514464230242444
6.079184259601185 5.8755365257954715 3.0633294079881854
2.2683178032538795 6.079184259601185 4.2386791737090075
2.2683178032538795 6.26447210854511 5.198491888589363
