2.817650297821381 7.780926547935284 5.543330837177872
2.817650297821381 7.780926547935284 6.364487328209143
2.817650297821381 8.25933279253613 6.5054359710774
2.817650297821381 8.25933279253613 4.602470129345922
2.817650297821381 6.17358745491639 3.449370425463727
0.4883755908465166 6.17358745491639 2.6747399608429148
0.4883755908465166 5.502030984894603 4.579748457733066
5.6554837745118824 5.502030984894603 2.9810640127552057
5.6554837745118824 4.9661378273035695 3.195172083390421
0.4883755908465166 4.9661378273035695 0.9053938092765565
0.4883755908465166 5.6554837745118824 1.732473190408597
0.4883755908465166 5.481634542660757 3.3507047322359487
0.4883755908465166 5.378199483697372 0.7992715988186677
0.4883755908465166 5.753971173308884 2.2310177033635323
1.9584892667075207 5.753971173308884 0.5936875024957636
0.4883755908465166 1.9584892667075207 0.7235937789842769
2.5931305177425874 1.9584892667075207 0.5177778643637363
2.5931305177425874 2.5931305177425874 0.4883755908465162
1.5226562316941856 2.5931305177425874 0.848956061922855
0.4883755908465166 5.736837079912675 2.283190930420446
0.4883755908465166 1.5226562316941856 0.5864778409070032
0.4883755908465166 5.107650553308826 0.8786032006604543
2.6580979900475445 5.438652730260696 2.1022601470167888
0.4883755908465166 7.495377533183291 3.186271269926902
0.4883755908465166 5.357926200322087 2.771962738200876
0.4883755908465166 3.9744674148705568 1.6754836277659726
0.4883755908465166 1.146059256739545 0.8718006268556128
0.4883755908465166 5.139444014153234 1.1798500018251097
0.09982584927534477 1.27321635371251 0.48457481387302
2.8040359588697332 5.566041845569757 2.2199414022522395
0.09982584927534477 2.6362477643607787 0.911480862102684
0.09982584927534477 2.8040359588697332 0.6947520733861111
0.09982584927534477 0.2550582714654124 0.12155838838195407
0.09982584927534477 0.09982584927534477 0.09982584927534469
0.09982584927534477 4.828992305896797 2.746379043057768
0.09982584927534477 4.509508947268063 0.33469526271352373
0.09982584927534477 0.09982584927534477 0.09982584927534469
0.09982584927534477 0.09982584927534477 0.09982584927534469
0.09982584927534477 0.09982584927534477 0.09982584927534469
0.09982584927534477 5.416350304843409 1.5884526968344033
0.09982584927534477 3.191596811107502 1.1411415261988254
0.09982584927534477 3.0510961058274444 0.9103698871274107
0.09982584927534477 3.914436628338461 1.2710271545323757
3.1622828139632557 0.09982584927534477 0.09982584927534469
3.1622828139632557 3.1622828139632557 0.09982584927534469
0.09982584927534477 3.1622828139632557 0.40607154574413556
0.09982584927534477 1.4361814702411633 0.4205511983071409
0.09982584927534477 5.6096923130963425 2.101068984906304
0.09982584927534477 3.0038141603949957 0.9129425763888475
0.09982584927534477 3.209472081523782 0.9705267943049078
0.09982584927534477 0.09982584927534477 0.09982584927534469
0.09982584927534477 0.09982584927534477 0.09982584927534469
3.049768683053309 0.09982584927534477 0.09982584927534469
0.09982584927534477 3.049768683053309 0.6898144160309373
0.09982584927534477 3.2199485413892224 2.001939010664696
0.09982584927534477 4.988704012947867 1.7620444249240028
0.09982584927534477 4.988704012947867 1.3760637909165254
0.09982584927534477 3.2544711395688073 0.16291875508121373
0.09982584927534477 2.765974947890499 0.36644075913685986
0.09982584927534477 2.765974947890499 0.45957932867935347
3.1403270632756315 2.1751908163641223 0.174350790982876
0.09982584927534477 3.72015828347001 2.7684800322037066
0.09982584927534477 3.72015828347001 0.38030023191090767
0.09982584927534477 2.5878461708642786 0.8959923521838045
0.09982584927534477 0.09982584927534477 0.09982584927534469
0.09982584927534477 0.09982584927534477 0.09982584927534469
0.09982584927534477 0.09982584927534477 0.09982584927534469
2.9968729731587556 0.09982584927534477 0.09982584927534469
3.285520983175861 4.902139325275726 1.9080011623767985
0.09982584927534477 3.285520983175861 1.6839145936869895
0.09982584927534477 5.183678428846715 0.976956164684776
0.09982584927534477 2.6800528850122913 1.0803121228553856
0.09982584927534477 5.352363813982127 1.4654857200991085
0.09982584927534477 0.7298678647410566 0.25103593298711524
0.09982584927534477 4.204193043150205 1.4384250319339293
0.09982584927534477 4.053066831396752 1.2067333242693388
0.09982584927534477 5.584926539636623 1.6411389742655609
0.09982584927534477 0.09982584927534477 0.09982584927534469
0.09982584927534477 0.09982584927534477 0.09982584927534469
0.09982584927534477 5.569538373383857 1.5219511055435586
0.09982584927534477 3.1160957938371223 1.2984272673753023
0.09982584927534477 4.9105464987189755 2.7207876223741216
0.09982584927534477 0.09982584927534477 0.09982584927534469
0.09982584927534477 0.09982584927534477 0.09982584927534469
0.09982584927534477 0.09982584927534477 0.09982584927534469
0.09982584927534477 5.110551706852121 1.202185537942237
0.09982584927534477 5.110551706852121 0.21438225069394762
0.09982584927534477 4.133504303771193 1.080301899738633
3.1768293441502 2.9362104777177014 0.15655354184419162
0.09982584927534477 5.665176676072541 1.9396037301457003
0.5917757588738266 0.09982584927534477 0.09982584927534469
0.09982584927534477 3.239891763397218 0.7929446903128874
0.09982584927534477 3.6142537884669186 1.2342817880086185
0.09982584927534477 3.252378282437484 0.7303363359077725
5.490522536249873 5.366360188166944 2.4682380958413406
0.09982584927534477 4.834612734493707 1.1173471380074813
5.490522536249873 5.348896242930692 0.6247328886408792
0.09982584927534477 5.625454459275947 2.6967592178463895
0.09982584927534477 0.09982584927534477 0.09982584927534469
0.09982584927534477 0.09982584927534477 0.09982584927534469
