2.4816002406280195 7.5168582394934464 5.313344212302882
2.4816002406280195 7.26269025053309 5.556088216732471
2.4816002406280195 7.090200388818202 5.931190486706836
2.4816002406280195 7.090200388818202 3.700944834892035
2.4816002406280195 6.649939434299014 3.590914602827176
2.4816002406280195 6.649939434299014 3.21614476737197
2.4816002406280195 5.671671264939569 4.5955942342798135
2.4816002406280195 5.671671264939569 3.410975613599067
2.4816002406280195 5.671671264939569 2.9625006191328676
2.4816002406280195 6.951106903762609 4.267009615377135
2.4816002406280195 6.951106903762609 3.2383829699030686
2.4816002406280195 5.717822329540542 2.9795451361721734
2.4816002406280195 5.717822329540542 2.8240316499893607
2.4816002406280195 5.717822329540542 2.828826936010844
2.4816002406280195 5.717822329540542 2.8251512342261695
2.4816002406280195 5.450820467307434 3.6294496743330136
2.4816002406280195 7.153589573853818 5.346069714371391
2.4816002406280195 7.153589573853818 4.13385737124943
0.6694614871586713 7.153589573853818 3.322270352911067
5.696358843629433 5.964175694801757 1.0557158760413756
0.6694614871586713 5.696358843629433 2.022570724680564
0.6694614871586713 3.3476098969636756 1.4191663084255932
0.6694614871586713 2.771257768296707 1.5494477273924603
0.6694614871586713 5.120357532190237 3.307084083562411
0.6694614871586713 8.47770340594042 6.587160965277101
0.6694614871586713 8.47770340594042 4.113888887002346
0.6694614871586713 5.513916188579778 1.7737857789036562
0.6694614871586713 2.1819671463055816 0.8509621662563002
0.6694614871586713 0.7304163008379452 0.671899679705842
0.6694614871586713 4.754196008123618 1.8948818434481545
0.6694614871586713 4.754196008123618 1.7452041438792067
0.6694614871586713 1.1702723513918376 0.6995101390126609
0.6694614871586713 1.1702723513918376 0.6894939217279976
0.6694614871586713 3.2984118670392175 1.1426725555371695
0.6694614871586713 3.321553264269721 1.412047184749765
0.6694614871586713 5.419045218352625 0.817494997324771
0.6694614871586713 5.46670690657524 2.204580021371973
0.6694614871586713 0.6694614871586713 0.6694614871586709
0.4108773854871939 0.6694614871586713 0.6022296207240868
0.1089545160071137 0.6694614871586713 0.622916348857805
0.1089545160071137 0.6694614871586713 0.6384313949580936
0.1089545160071137 5.243541594656303 2.010655427207384
0.1089545160071137 5.243541594656303 1.376091809099477
0.1089545160071137 3.0561181939622384 0.7957828917701257
0.1089545160071137 0.7042896100663047 0.6066691383935392
0.1089545160071137 4.551668210538523 1.53060359739497
0.1089545160071137 4.551668210538523 0.6271865741254028
0.1089545160071137 0.6820748434914177 0.19375591637312733
0.1089545160071137 0.6677211523031557 0.12012984873303438
0.1089545160071137 0.5382497620391757 0.2549148996580145
3.0848590387081 4.988027105585061 0.41028477630243143
0.1089545160071137 4.931664784102939 2.3328036042072586
1.3071585794851868 2.619092171244223 0.15915726911185565
4.663195613142026 4.35199963491198 1.7686677714571095
0.1089545160071137 4.35199963491198 1.2721073417080848
0.1089545160071137 4.663195613142026 0.9694200225580873
0.1089545160071137 3.168822639631007 1.0269149530942827
0.1089545160071137 5.6684290956848855 0.5537124823813351
0.1089545160071137 0.6388067985789125 0.14074565296142144
4.58043632994875 4.406312495870754 1.3108926689287963
0.1089545160071137 4.58043632994875 1.3530383457097863
0.1089545160071137 4.58043632994875 0.19838415228594627
0.1089545160071137 5.133183770257279 0.20943910109211686
0.1089545160071137 0.1089545160071137 0.10895451600711357
0.1089545160071137 0.1089545160071137 0.10895451600711357
2.499669523280055 0.1089545160071137 0.10895451600711357
4.960758425040016 5.107055913065619 2.0473804917343017
0.1089545160071137 5.572722819105358 3.2065521294069708
0.1089545160071137 1.0949037801368076 0.4047392952460215
0.1089545160071137 0.1089545160071137 0.10895451600711357
3.2604437607256185 0.1089545160071137 0.10895451600711357
0.1089545160071137 3.2604437607256185 0.7392523649508145
0.1089545160071137 5.098476952936107 1.705601695824393
5.239282038701372 0.1089545160071137 0.10895451600711357
5.541230123388939 5.4404871546640905 1.9216756131504866
0.1089545160071137 5.541230123388939 2.8299346662757436
5.494843412977502 2.8314140152419935 0.2652158202396594
0.1089545160071137 5.494843412977502 2.0018734715467525
0.1089545160071137 3.0110324905061288 1.847627445493425
0.1089545160071137 3.1466786184338074 0.7542829290911935
0.1089545160071137 5.453840118215371 1.0710339244046014
0.1089545160071137 0.1089545160071137 0.10895451600711357
0.1089545160071137 5.497184306656635 1.8331880490149617
0.1089545160071137 0.1089545160071137 0.10895451600711357
0.1089545160071137 0.1089545160071137 0.10895451600711357
0.1089545160071137 3.4907655927239287 1.5090658124090217
0.1089545160071137 3.4907655927239287 0.23126680916846692
0.1089545160071137 2.938270984686398 0.39188616287504174
0.1089545160071137 3.729738192169045 0.18137018953035192
0.1089545160071137 5.651744022751025 1.6609355778954096
0.1089545160071137 5.651744022751025 0.21981030614199168
0.1089545160071137 4.88871287969193 1.2560965232914707
0.1089545160071137 5.537868073712001 0.6518458717776024
0.1089545160071137 0.1089545160071137 0.10895451600711357
0.1089545160071137 0.1089545160071137 0.10895451600711357
0.1089545160071137 5.243088306761646 1.751877329048566
0.1089545160071137 0.1089545160071137 0.10895451600711357
0.1089545160071137 3.172746311239717 0.9055403827675909
0.1089545160071137 5.582673772491653 2.4785650134175974
0.1089545160071137 2.920025021784529 0.9522756677403392
