2.4110598163358756 7.715807543752378 5.299379528198932
2.4110598163358756 7.665012680806038 4.9164666658958005
2.4110598163358756 7.569753837744106 4.9385748940197525
2.4110598163358756 6.46710842740222 4.1188957712275815
2.4110598163358756 6.46710842740222 3.8988911321754682
2.4110598163358756 6.347407052694916 3.6127222081616974
2.4110598163358756 6.347407052694916 3.5554205368010163
2.4110598163358756 6.484781156326829 3.5163947091671344
2.4110598163358756 6.484781156326829 5.035432303271785
2.4110598163358756 6.484781156326829 5.439195046902372
2.4110598163358756 6.469162751045527 4.397564806159419
2.4110598163358756 6.497389624576538 4.407022206555366
2.4110598163358756 6.497389624576538 4.604768155762835
2.4110598163358756 6.22816185369911 4.035075340268757
2.4110598163358756 6.22816185369911 3.7720179614499254
2.4110598163358756 4.569935076027605 3.6307662522961572
2.4110598163358756 4.569935076027605 3.5791375717658256
2.4110598163358756 6.456352990243918 4.654728775085933
2.4110598163358756 6.456352990243918 4.724043416185786
2.4110598163358756 5.6354736586306835 4.0465365667418975
2.4110598163358756 6.297190824599671 4.556234848099863
2.4110598163358756 6.297190824599671 3.8266487011854258
2.4110598163358756 6.297190824599671 3.7909999968452683
2.4110598163358756 5.612753539092239 2.9440255529332777
2.4110598163358756 2.7967050096417414 2.788992105775625
2.4110598163358756 3.9317387916558784 3.091375757007348
2.4110598163358756 3.9317387916558784 2.879794808336756
2.4110598163358756 5.65013935186775 3.759796701438404
2.4110598163358756 5.65013935186775 4.074809626751211
2.4110598163358756 4.558021292998948 3.801570316818838
2.4110598163358756 4.558021292998948 3.2952346892056075
2.4110598163358756 5.3781570708734385 3.7400998758293507
2.4110598163358756 6.31078359656129 4.044311519739697
2.4110598163358756 6.31078359656129 2.8363822617700993
2.4110598163358756 4.3900803263137185 3.1328438398604987
2.4110598163358756 5.592991751541064 4.025051251954194
2.4110598163358756 5.592991751541064 3.394264503581977
2.4110598163358756 4.342734594246689 3.604664039575924
2.4110598163358756 4.668009787977759 4.046303621735778
2.4110598163358756 4.668009787977759 3.8748795976250254
2.4110598163358756 4.668009787977759 3.889197104224665
2.4110598163358756 4.4769096532438475 3.3504947472084257
2.4110598163358756 4.162963145445708 3.2907472671849933
2.4110598163358756 4.666981919142078 3.8006965342617702
2.4110598163358756 4.666981919142078 3.949576867062446
0.654395131180689 4.666981919142078 2.7277326043942476
0.654395131180689 6.562031618281765 4.504022079687598
0.654395131180689 6.562031618281765 2.0842518377823485
0.654395131180689 2.719349152520835 1.4746201327232444
0.654395131180689 4.646474968170992 0.8725899704879485
0.654395131180689 4.646474968170992 0.7342367279204953
0.654395131180689 2.9912746030712474 1.1217710255588016
0.654395131180689 2.9912746030712474 0.7478703100563117
1.4124892341299682 0.654395131180689 0.6543951311806887
0.654395131180689 1.4124892341299682 0.730204541475617
0.654395131180689 1.4124892341299682 0.6695570132396744
0.654395131180689 0.654395131180689 0.6543951311806887
0.654395131180689 0.654395131180689 0.6543951311806887
0.654395131180689 5.650757904498022 3.223148554514247
0.654395131180689 5.779960521447265 2.7619782806713626
5.331154224630467 5.779960521447265 0.8131812617519187
0.654395131180689 5.404900128021588 1.224455730801598
0.654395131180689 3.063958362245462 1.6668916534321045
0.654395131180689 5.331154224630467 0.9346672708667991
0.654395131180689 3.063958362245462 1.4933751012094407
0.654395131180689 3.2922336624203514 1.6918824141389086
0.654395131180689 3.2922336624203514 0.7510846076614522
0.654395131180689 2.5313754128667587 1.1048703987853463
0.5675891470423946 2.559905392266025 1.2358099002157577
0.5675891470423946 3.924122343055061 1.8925243176860682
0.5675891470423946 4.626507469301224 1.7282469920121428
0.5675891470423946 4.626507469301224 1.2473363273782825
0.5675891470423946 5.660740209830962 3.067112805193846
0.5675891470423946 5.660740209830962 1.1248124455148163
0.5675891470423946 5.578392012967974 4.126674448927046
0.5675891470423946 5.578392012967974 1.8010780719541584
0.5675891470423946 2.654858858819449 0.7137766492657606
0.5675891470423946 0.7028296523680813 0.6825910534924169
0.5675891470423946 0.7008322774169717 0.6840191743700893
0.5675891470423946 0.7034719490786725 0.6884651070319342
0.5675891470423946 5.549580377709113 2.251732248252417
0.5675891470423946 4.987701350781396 1.2261690975279507
0.5675891470423946 3.9128965053468225 2.576928140197351
0.5675891470423946 3.9128965053468225 0.9129110716748206
0.5675891470423946 2.7636029343244215 0.7035041511947088
0.5675891470423946 0.6865631386584075 0.6415361802263039
0.5675891470423946 0.7173653108682889 0.6627087599291605
0.5675891470423946 0.7173653108682889 0.6451470669507035
0.5675891470423946 0.7173653108682889 0.639934273089121
0.5675891470423946 5.698322721514852 1.8437281194964914
0.5675891470423946 5.698322721514852 1.384866229786914
0.5675891470423946 3.1406164942219594 0.8838264983954331
0.5675891470423946 2.554797376331216 0.6597303532338756
0.5675891470423946 3.5162089335991458 1.4330118930799012
0.5675891470423946 4.957800076714165 1.9752856283990698
0.5675891470423946 4.957800076714165 1.5829946229560363
0.5675891470423946 3.272228017708269 2.4058649900749867
0.5675891470423946 3.272228017708269 2.4008760362936354
0.5675891470423946 3.3335255772949783 2.3640966093160984
0.518836931845652 3.3335255772949783 1.7093716937127963
