3.917944436486597 7.718779364098053 5.294290582049452
3.917944436486597 7.718779364098053 6.6356531470770435
3.917944436486597 10.329497600554562 6.766335472885471
3.917944436486597 11.945529948691103 7.779486809575072
3.917944436486597 11.945529948691103 6.600067561147552
3.917944436486597 8.131928515473147 5.978017882790081
3.917944436486597 8.131928515473147 7.402018412091084
3.917944436486597 8.131928515473147 6.262231147494834
3.917944436486597 8.319587914475973 6.065078069339439
3.917944436486597 8.319587914475973 4.683921738728383
3.917944436486597 8.319587914475973 3.421463199345664
2.9752266015576656 3.917944436486597 3.456303691869991
2.9752266015576656 4.956563266655042 3.7810383723581453
0.8114290720281159 4.956563266655042 2.624231704070456
0.8114290720281159 3.322611968229602 1.3081235837593599
0.8114290720281159 3.5973643930329904 2.298237258975815
0.8114290720281159 3.5973643930329904 2.3656470427630585
0.8114290720281159 3.282490927715202 1.0893465535290396
0.8114290720281159 4.136493442242227 1.7424470956880682
4.960283241674269 4.136493442242227 0.9444316468366813
0.8114290720281159 4.136493442242227 0.8779303594323987
0.8114290720281159 4.960283241674269 2.0640425105636186
0.8114290720281159 4.18761553913647 3.225403183624438
0.17145337694786678 4.18761553913647 2.778974706614448
0.17145337694786678 5.457263321948066 2.8834147064652313
0.17145337694786678 3.722249818187635 2.054318642828433
0.17145337694786678 3.722249818187635 1.5465919083166717
0.17145337694786678 0.17145337694786678 0.17145337694786655
0.17145337694786678 0.17145337694786678 0.17145337694786655
0.17145337694786678 0.17145337694786678 0.17145337694786655
0.17145337694786678 5.38997907291952 0.6933059465450317
0.17145337694786678 5.507283833694231 1.9856357322416303
3.039931425014189 4.389040703865117 1.521081321561387
0.17145337694786678 3.039931425014189 0.9172576694451102
0.17145337694786678 5.600395886268693 2.759547489126442
0.17145337694786678 3.2021926411176094 1.1779133462109592
0.17145337694786678 1.218686463927384 0.913023188953223
5.263778466919238 2.6354529412156578 1.038440936204634
0.17145337694786678 5.263778466919238 2.479151840352321
0.17145337694786678 5.263778466919238 0.3751463805467214
3.9141239859278945 4.701751047225226 0.4549765367332036
0.17145337694786678 3.9141239859278945 0.9977672358156464
0.17145337694786678 0.17145337694786678 0.17145337694786655
0.17145337694786678 5.597001438723122 1.4523590700510522
0.17145337694786678 0.17145337694786678 0.17145337694786655
0.17145337694786678 0.17145337694786678 0.17145337694786655
0.17145337694786678 0.17145337694786678 0.17145337694786655
0.17145337694786678 0.17145337694786678 0.17145337694786655
0.17145337694786678 5.32820082079277 0.2745883258247646
5.159137251924207 5.238226487064036 0.60774155777996
0.17145337694786678 5.159137251924207 2.024829019822045
0.1485944417428482 5.261311800467251 2.279966958672592
0.1485944417428482 5.261311800467251 1.3836731948727246
0.1485944417428482 5.433547616254131 1.6914365887021454
0.1485944417428482 3.259047985054569 1.2683577173350693
0.1485944417428482 2.99759981521855 1.174236376194102
0.1485944417428482 3.849501435947954 1.8099557334222793
0.1485944417428482 3.849501435947954 0.28402457448284407
0.1485944417428482 5.672668112123677 2.1675642469243983
0.1485944417428482 3.521659995135128 2.3459171526856695
0.1485944417428482 5.519550301340445 1.4971031686292087
3.239679906838543 2.910812722176779 0.8667711946556703
3.5720801934370745 5.8021871093010375 2.83833522116887
3.2708987562216554 3.239679906838543 1.1053649614227816
0.1485944417428482 3.5720801934370745 2.156369638570877
0.1485944417428482 3.2708987562216554 1.832227871591355
0.1485944417428482 3.8450391654792395 1.2341785203828355
0.1485944417428482 0.1485944417428482 0.148594441742848
0.1485944417428482 3.141625629127035 0.567618807976634
0.1485944417428482 2.3681009777769764 0.8588365332737695
0.1485944417428482 5.652880530311705 0.8719278517774598
2.813325478613234 2.6031002112641954 0.8849461725992532
0.1485944417428482 2.813325478613234 0.517452281557721
2.2819726835161522 0.20619285694037304 0.16702593460605591
3.547947390489466 4.864840184332291 3.668900477527278
3.547947390489466 4.427373437446359 1.8176761259879397
3.547947390489466 4.427373437446359 0.4430594890411105
3.547947390489466 5.220930974542046 0.916791565729053
3.547947390489466 5.220930974542046 0.40044060710186746
3.547947390489466 0.44579594034248915 0.2116549150109747
3.547947390489466 4.92747251901589 0.5571437266957794
3.547947390489466 0.6769006063408232 0.3319222941254708
3.547947390489466 0.32422191979394954 0.17413101094458738
3.547947390489466 0.17728547485431223 0.17424452454970968
3.547947390489466 5.460378181890533 1.7605131269527692
3.547947390489466 0.17728547485431223 0.17421321280046465
3.547947390489466 3.115278501882916 1.4037562252986098
3.547947390489466 3.115278501882916 0.8722648233258837
3.547947390489466 1.3116569372864793 0.6055851602866601
0.17642216440438974 3.547947390489466 0.5362793824705387
0.17642216440438974 0.17642216440438974 0.17642216440438951
0.17642216440438974 0.17642216440438974 0.17642216440438951
0.17642216440438974 0.17642216440438974 0.17642216440438951
0.17642216440438974 0.17642216440438974 0.17642216440438951
0.17642216440438974 0.17642216440438974 0.17642216440438951
4.90483744704693 5.284393507446712 1.7702326398911723
0.17642216440438974 5.67353961692724 2.372969792074507
0.17642216440438974 4.90483744704693 0.6492636926686434
0.17642216440438974 0.17642216440438974 0.17642216440438951
0.07699672343176944 0.17642216440438974 0.14460602329315106
