2.7261395732526883 7.765354971545614 5.536794181831851
2.7261395732526883 6.650148328599251 4.442112270179204
2.7261395732526883 6.294500492978443 4.753945276452182
2.7261395732526883 6.22731316181671 5.437765377173085
2.7261395732526883 6.22731316181671 3.9127343302650393
2.7261395732526883 5.933151217633121 3.876919220571694
2.7261395732526883 5.933151217633121 4.122492655178416
2.7261395732526883 4.548252550860511 3.8092678971900416
2.7261395732526883 4.548252550860511 4.2245363674304075
2.7261395732526883 6.6554641480342696 4.667365271810222
1.5907854417639666 6.6554641480342696 3.8746750881920047
1.5907854417639666 6.051755238199949 4.062751718002317
1.5907854417639666 8.501760707721996 4.6537524810653546
5.611867356146529 8.501760707721996 2.9299068960570973
1.2538634640894704 5.611867356146529 3.105646034410343
1.2538634640894704 5.611867356146529 2.8345294747303784
3.083345535622151 5.611867356146529 1.4351104926607965
1.2538634640894704 5.315064753535502 2.2201312598224328
5.9907795452338775 3.494830632853866 2.274247643362438
1.2538634640894704 3.494830632853866 2.025494106483317
5.9907795452338775 3.494830632853866 1.600156090232331
5.9907795452338775 2.3540003393332793 1.6757886735041785
5.9907795452338775 5.006418562599613 2.0469759298058903
5.9907795452338775 5.006418562599613 2.199856601319888
5.9907795452338775 5.257218965724281 3.879054516641217
5.9907795452338775 5.523954840591671 4.189315614826376
5.9907795452338775 5.523954840591671 4.46114501738619
5.9907795452338775 6.899949374389925 4.747384824039196
5.9907795452338775 6.899949374389925 4.44581789364834
5.9907795452338775 5.949183777709639 3.434460938767445
5.9907795452338775 5.949183777709639 2.923125202930205
5.9907795452338775 4.3616926016768005 2.9256276609721925
5.9907795452338775 4.3616926016768005 3.1148577898243293
5.9907795452338775 5.612553718119539 3.072045259788534
5.9907795452338775 5.612553718119539 4.019204241943455
1.2538634640894704 5.612553718119539 1.6804879474720076
1.2538634640894704 5.9907795452338775 3.1949675651441476
1.2538634640894704 5.667603996267353 3.1724731056541917
1.2538634640894704 5.667603996267353 3.1719407353195344
1.2538634640894704 5.667603996267353 1.5156918256541183
1.2538634640894704 5.065903941608219 2.811977386665547
1.2538634640894704 3.6162942908444724 2.127611486052407
0.37558877378862165 3.228254516383267 1.5870552061211973
0.37558877378862165 1.2538634640894704 0.7224899356250133
0.37558877378862165 5.83491999816539 2.7682002387685736
0.37558877378862165 5.83491999816539 0.7087003802871945
0.3295231821857745 3.2879087276774226 1.2257352723929842
0.3295231821857745 3.2879087276774226 0.5189204830904763
0.3295231821857745 5.92576576647658 2.048706400709487
0.3295231821857745 3.2276629603785776 0.651221813900596
0.3295231821857745 0.7810325613163909 0.3470111936190786
0.3295231821857745 0.3295231821857745 0.3295231821857742
0.3295231821857745 0.3295231821857745 0.3295231821857742
0.3295231821857745 4.924168229666375 1.4322379935811194
0.3295231821857745 4.924168229666375 1.288861297219053
0.3295231821857745 3.221007229131328 0.3873528631246852
0.3295231821857745 5.16499413175859 1.7801644670576207
0.3295231821857745 5.16499413175859 0.4262326011772305
0.3295231821857745 0.3295231821857745 0.3295231821857742
0.3295231821857745 0.9727150867138268 0.6318194913948042
0.2466398076954026 0.9727150867138268 0.38968369061752495
0.5524016533228111 0.6511061813859524 0.42326747465475356
0.2466398076954026 0.6511061813859524 0.4487487571518682
0.2466398076954026 4.640030368833546 1.7722115302607517
0.5524016533228111 0.518664776516133 0.40828765535861306
0.5524016533228111 5.691174856712152 2.0836636134826994
0.5524016533228111 5.691174856712152 1.5145463861460817
0.5524016533228111 2.691573163631127 0.8010531104082907
0.5524016533228111 2.691573163631127 0.5739482531035761
0.5524016533228111 0.6433457201248847 0.46457127177429064
0.5524016533228111 2.9486718399044034 1.55198049245832
0.5524016533228111 2.9486718399044034 0.6171528625947349
0.5524016533228111 0.8550761845999308 0.46481405228674505
0.5524016533228111 3.588607375796155 1.3200325842131435
0.5524016533228111 3.588607375796155 0.5427822753785556
0.5524016533228111 5.536183682193045 1.8291723385761673
2.645422110914869 0.8053454107374987 0.5468349990651581
0.3154492273712397 1.2913581331859807 0.7725570326987256
2.645422110914869 5.232624254725575 0.7764571135303083
2.645422110914869 2.273486839464916 1.1659712729844436
0.38368550533300594 3.194791103331515 1.8947398396992583
0.38368550533300594 3.194791103331515 0.8769052594834043
0.38368550533300594 2.645422110914869 0.7708445611560696
0.38368550533300594 3.3014679732646646 1.828105146715917
0.38368550533300594 5.527012336062096 2.705844128324161
0.27996827638378763 5.527012336062096 1.0197811545321653
0.27996827638378763 2.5905168606876328 0.9712221099229873
0.27996827638378763 3.2634559651881117 1.4025751821113692
0.2790076638248 0.38368550533300594 0.29990419856639144
0.2728483578747469 0.38368550533300594 0.2965063568391574
3.2064312675217868 2.934963507697653 0.6001578208338217
3.2064312675217868 3.2928683707346242 1.4250901635894733
3.2064312675217868 0.32305668904489737 0.2798038827125601
3.2064312675217868 4.897653551295079 1.66507134979569
3.2064312675217868 5.654015716194259 3.1196947386341556
3.2064312675217868 5.654015716194259 0.3861382665151856
3.2064312675217868 5.362018871330029 1.7018812435692607
3.2064312675217868 5.665545939878836 2.5169708733525127
3.2064312675217868 2.1981718841251277 0.5086914396658336
0.2790076638248 4.997672307089722 2.1770992440534735
