0.893306605217195 7.49918080120162 5.674612688140642
0.893306605217195 7.638366337943369 4.851872337257836
0.893306605217195 6.9571535414216985 2.5258610489154063
1.6402897617698007 5.682614053080133 2.9548111593633952
0.893306605217195 5.682614053080133 2.5800284299788108
0.893306605217195 5.6457525723422926 3.2629505176364857
0.893306605217195 5.6457525723422926 2.620419428339986
0.893306605217195 5.6457525723422926 2.7008567714454985
0.893306605217195 3.7143178663079905 1.2366033615020768
5.221327435293922 3.093132825124496 1.2892753248005102
0.893306605217195 5.750829161463763 3.1918824477785805
0.893306605217195 5.221327435293922 2.522698830387649
0.893306605217195 5.764537833292422 2.4368358837666957
0.5707671627383282 5.764537833292422 0.9240313645991266
0.5707671627383282 5.839961003912318 1.6478499428462172
0.5707671627383282 2.576137631754172 0.8193956917738363
0.5526083662104466 5.758241923445524 2.5515559979743516
0.5526083662104466 5.758241923445524 0.810475535286059
0.5526083662104466 5.758241923445524 2.1236098172252005
0.5526083662104466 5.317212476438744 0.709632347993833
0.5526083662104466 2.945083892157481 1.0784264124183938
0.5526083662104466 5.756056498561595 0.9821321623985498
0.5526083662104466 5.138763119302219 2.0662589578689574
0.5526083662104466 0.6322872354780782 0.6176261675294952
0.5526083662104466 6.4983356957497165 2.5010579341969694
0.5526083662104466 6.4983356957497165 3.3530252739437323
0.5526083662104466 5.855394134596487 4.425055251673379
0.5526083662104466 5.855394134596487 1.2489209033559716
0.5526083662104466 3.2556298718825727 1.411181089105109
0.5526083662104466 3.2556298718825727 0.7132189174192226
0.5526083662104466 5.546893197570061 0.8120894334130359
0.5526083662104466 3.859104502812809 0.9892849753438171
0.5526083662104466 2.9076014920047233 0.7525972156809974
0.5526083662104466 2.8540440204488076 1.0573845791951257
0.5526083662104466 5.262521263090072 3.1150972008064017
0.5526083662104466 5.583921276169672 4.038843671560633
0.5526083662104466 6.435251970367709 4.272329489428298
3.5116923207280846 6.435251970367709 1.249518618305798
0.5526083662104466 6.435251970367709 1.8772811537009408
3.2181527097858518 6.435251970367709 0.9405360913512852
0.5526083662104466 3.2181527097858518 1.4012223334617164
0.5526083662104466 2.5895119479310194 1.1066786295471198
0.5526083662104466 6.299378466247369 2.555406715887186
0.5526083662104466 2.5895119479310194 0.5933464378448577
0.5526083662104466 0.5526083662104466 0.5526083662104463
0.5526083662104466 3.249018788861591 0.8761776169285846
0.5526083662104466 5.595845577605015 1.762985296945145
0.5526083662104466 5.595845577605015 0.6534731104383377
0.5526083662104466 5.3323472274600405 1.5383851679262144
4.913363855364 5.4719882187886775 3.011728919918163
0.5526083662104466 5.4719882187886775 0.882787576473257
0.5526083662104466 3.199796349418851 0.8702709241954555
0.5526083662104466 3.1073116540450063 1.3190193525608158
0.5526083662104466 3.1073116540450063 0.6037024319671375
0.5526083662104466 4.913363855364 0.6909175417502088
3.1897986057924013 5.64636351275443 1.7751096013810044
0.5526083662104466 3.1897986057924013 0.5526083662104463
0.4748280542461818 4.768950223522886 0.7134840093065178
2.614973163475821 3.2513410860431056 0.784292217410424
0.5526083662104466 5.268756097816315 2.072183556947332
0.18127741663055774 3.3859655703950726 1.3113256707175425
0.18127741663055774 2.284868874864117 0.3683205563877152
0.18127741663055774 3.1897986057924013 1.2384682382446461
0.18127741663055774 5.363544064694775 2.1505387428949616
0.18127741663055774 5.0356265214567095 1.346321201788835
0.18127741663055774 0.18127741663055774 0.18127741663055752
2.893010112293791 5.317901963140574 1.722264780583563
0.18127741663055774 2.893010112293791 0.9744268781759737
0.06108039636858864 1.5590276675481616 0.5378531710594405
0.06108039636858864 0.6354777512562682 0.3395041791270256
0.06108039636858864 7.512849252927319 5.064035263025803
0.06108039636858864 3.242086940332911 1.0904904375349251
3.177006359429346 3.8041311273498377 1.1842426790203786
0.06108039636858864 3.177006359429346 0.6842655889807397
0.06108039636858864 0.06108039636858864 0.06108039636858864
0.06108039636858864 0.06108039636858864 0.06108039636858864
4.974618901990127 1.304769359407818 0.40931330601957255
0.06108039636858864 4.974618901990127 1.0935356560144651
0.06108039636858864 5.636887578766981 1.3992741201442032
0.06108039636858864 3.08484097505507 1.2379903142618511
0.06108039636858864 3.046653436823029 1.076175230123098
0.06108039636858864 0.06108039636858864 0.06108039636858864
0.06108039636858864 0.06108039636858864 0.06108039636858864
0.06108039636858864 3.020454116716977 0.8305175636591693
0.06108039636858864 2.589188919295762 0.8700751237052841
0.06108039636858864 2.589188919295762 0.11164256682713188
0.06108039636858864 5.614001989344658 1.6158984424018887
0.06108039636858864 0.27581669840537204 0.1255012869796235
0.06108039636858864 0.27581669840537204 0.07396457449079565
0.06108039636858864 0.13699482125607831 0.08689130083033511
0.05512418013648146 5.420759835823105 1.5693517541820052
0.05510483926792675 3.137449230459183 0.06647638353587264
0.05510483926792675 3.137449230459183 0.1793756154933316
0.05510483926792675 0.06474719531301476 0.05551073386218109
0.05510483926792675 0.06474719531301476 0.05531710214039594
0.05510483926792675 3.235624256369999 0.5292830834059304
0.05510483926792675 5.090161536223896 0.4586401066635756
0.05510483926792675 0.06474719531301476 0.05583728001154684
0.05510483926792675 5.585124316567018 1.2720000926251203
0.05510483926792675 3.241664627852274 1.138853277914785
