5.048718633546759 7.736621613248666 5.185382985855846
5.048718633546759 7.649034031076328 5.651163804441293
5.048718633546759 7.649034031076328 4.400444731006282
3.351066077505632 6.280778866871568 4.758295126399592
3.351066077505632 6.280778866871568 4.765645231616491
3.351066077505632 3.6964775628622246 4.928237633412001
3.2591891289101764 6.405032088213794 5.450815996742397
3.2591891289101764 7.078829576324516 5.377701710163004
3.2591891289101764 7.078829576324516 5.950817052736301
3.2591891289101764 6.623700713578025 5.26922472614787
3.2591891289101764 6.905122009912697 5.254144738113191
3.2591891289101764 5.311284560902958 4.314917085029197
3.2591891289101764 6.069446322773409 4.78388231898641
3.9230344007765727 6.5952833738713 4.242804583709212
5.7584604216459105 6.5952833738713 3.703361562878501
5.7584604216459105 7.455255827815314 4.496800277680412
5.7584604216459105 7.455255827815314 4.790803284617713
3.211849580242014 7.455255827815314 5.2181304851602475
3.1834230493254485 6.231105794425996 4.3918696926368925
0.6078663635859738 6.35057500122382 4.605726855569008
0.6078663635859738 6.379289443389737 3.917431014836321
5.394927944260019 6.379289443389737 4.290374622804243
5.394927944260019 5.476611216082848 5.174084744413347
5.394927944260019 6.575975237392527 5.519158529718683
5.394927944260019 8.10634375566347 4.841150533837426
6.1427302765810445 8.10634375566347 3.5506665599008134
2.877775108840926 8.10634375566347 3.5085077523927937
3.5263237176605213 8.10634375566347 3.310522018427877
3.5263237176605213 6.3790439945321395 5.430936571304398
5.105335582996215 6.3790439945321395 5.496840155471078
5.105335582996215 6.368422259911959 4.522618315580959
5.099604552428282 6.368422259911959 4.770091152986241
3.3829431939680643 7.717255392890069 6.141991764748305
3.3829431939680643 7.717255392890069 5.305056074725258
2.1505019462242285 7.717255392890069 4.065943618868105
2.1505019462242285 6.474218247544975 2.8978387415579254
2.1505019462242285 5.499196128239536 4.168408971609867
2.1505019462242285 6.382529760441795 4.791219816382
2.1505019462242285 7.694841289789759 5.016991476037429
4.019611580013976 7.694841289789759 3.341093819694211
4.835077962210615 6.382529760441795 2.7448674046615222
2.693883188550967 7.661966710635808 5.077912554890676
2.8716622790462876 6.391476214648893 3.977078592494253
3.3880208946847117 6.467475387391659 4.588873838905249
2.8716622790462876 6.467475387391659 3.6360901959618896
4.516559588224602 7.568872945418981 5.861516593050288
4.516559588224602 7.568872945418981 4.627312995293182
4.516559588224602 7.568872945418981 5.340871653905957
4.516559588224602 5.056792874909583 5.377658725123089
4.516559588224602 7.075281198956297 5.7016748982065675
4.516559588224602 7.841335602835798 6.4247954710755755
4.516559588224602 7.646781389898591 5.774523588659656
4.516559588224602 7.24815887891979 4.835213629142494
4.516559588224602 7.24815887891979 4.717535855380181
4.516559588224602 7.24815887891979 4.8439514203861735
4.516559588224602 6.317955366269857 4.927682354600343
4.516559588224602 6.561055219984702 5.299797260784658
4.516559588224602 6.552162548179449 4.215006981318538
4.516559588224602 6.487384365395698 5.281163196987354
4.516559588224602 6.487384365395698 4.079823032527067
4.516559588224602 6.618110272849247 5.082894778947152
4.516559588224602 6.885914993169244 5.522535523250947
4.516559588224602 7.313851292870554 6.2678325709767
4.516559588224602 7.631048724311757 5.305889916114699
4.516559588224602 7.631048724311757 3.307786039409395
2.759026893975275 6.532933553621177 4.213208585079114
2.759026893975275 3.6397251858977886 5.201319305407157
2.759026893975275 6.532933553621177 4.846567562067246
5.687595552030576 6.532933553621177 3.5689652323648478
3.6397251858977886 5.980404207995104 4.754808572898071
3.480121155249201 5.980404207995104 3.007774592554306
4.656982810237288 5.62478144038635 4.672159146969411
3.9911606881724926 5.62478144038635 4.805944682259534
3.660300272551997 6.133382343588671 4.998968800857989
4.285762262657023 6.653329062420198 5.168419918203533
6.098405565564391 6.653329062420198 5.361729016991498
3.234445716826347 6.653329062420198 5.40941044904573
2.984359306814522 6.474323413200679 3.85933974762687
3.234445716826347 7.5864112035537055 6.166541120861267
6.634076017051278 7.579884375665678 5.166947585380675
6.634076017051278 7.558473119332604 5.868598763266399
3.234445716826347 7.558473119332604 5.085355612266614
3.234445716826347 7.602702200706409 5.464291135605935
3.2718596960328026 7.251033042658104 5.147149415424788
5.536594654663578 7.251033042658104 5.225873960627535
5.536594654663578 7.251033042658104 5.841255247465275
3.2718596960328026 6.620772304977251 6.064347930218774
3.2718596960328026 6.875259857490645 6.430155157015435
3.2718596960328026 7.19807560900316 6.480704029851538
3.2718596960328026 7.750096861239815 7.270987843068132
3.2718596960328026 7.051786029850247 6.393346035855824
3.2718596960328026 6.647449759552259 5.822845572918683
4.54644123467806 7.684238964930049 5.252526245596941
3.2718596960328026 7.201263448292391 5.659724992466762
3.2718596960328026 6.283900857179127 5.356155327950383
3.2718596960328026 7.6426615735634655 6.356551760201132
3.4369233571889812 7.599925388607957 5.929122053401233
3.4369233571889812 7.788129547006513 6.082697008285797
3.4369233571889812 7.788129547006513 4.829066086785615
3.2718596960328026 7.366118102481726 6.101823459489871
