7.213988985842896 7.725943509798423 5.343800355975893
7.213988985842896 7.218525546319141 4.52670773154413
7.213988985842896 7.142643717759434 4.818308715436751
7.213988985842896 6.462440689698578 5.131504527508144
7.213988985842896 6.462440689698578 5.529053275581366
7.213988985842896 7.021749449288825 5.413696210686848
7.213988985842896 7.021749449288825 4.645681695669899
7.213988985842896 6.545043975401519 4.5835186167584805
7.213988985842896 6.545043975401519 5.302726093300911
3.833565554298407 7.340626903497819 5.78773535485578
3.403191220547893 7.481192251562058 6.09242256470588
3.6079835608219253 7.481192251562058 6.228822259095547
3.6079835608219253 7.713754453640085 6.660708162015393
3.6079835608219253 7.777364181428034 6.49864628367015
5.708687215959994 7.777364181428034 4.887189916714723
5.708687215959994 7.777364181428034 3.9631059052114144
5.537101043488942 6.005107667307044 4.531182729159455
3.2897851320034595 5.740772112775549 5.124400366899965
3.2897851320034595 5.824676345918828 5.206308448203555
4.272848563417394 6.747179491519837 4.739846876227646
2.0364127511935455 6.9190564951235665 3.872458044245346
2.847567513227031 7.6971406763973285 5.002453294822005
2.1630931538933855 7.6971406763973285 3.399002728205409
4.442019814263642 7.6971406763973285 3.295962033233165
4.11447648911302 6.571939398963064 5.236791491726476
4.11447648911302 7.309430238476827 5.561842148933019
4.11447648911302 6.571939398963064 4.586551151654944
4.442019814263642 6.4286820893147905 4.6505042812050155
4.442019814263642 7.751420369303874 5.2941247724032685
1.5135436429909217 7.764697765908496 4.4261503489866785
6.801471933776405 3.5215424294408924 2.956198496989834
2.3710743907280016 7.760128101991565 4.675606944605036
3.02988360944417 7.7824684678836125 4.197361061154608
2.3710743907280016 6.665343283544249 4.284744676677234
3.896638255347814 6.665343283544249 4.884317228032083
3.896638255347814 7.496883287669158 6.207070999946251
3.896638255347814 7.076577276189054 5.8456375666707325
3.896638255347814 7.0922781123670475 6.092035074195525
3.1411816108263193 7.109900293466138 5.649637241083342
4.272975533740578 7.109900293466138 4.963938232103923
6.315471239484946 7.109900293466138 5.126171989667419
3.9528361959421336 6.500472688258032 4.885054750877971
3.9528361959421336 10.59330574115433 6.111550571167424
6.299575684429623 10.59330574115433 5.338394575936332
3.607090972619041 6.6543230014732195 4.639155318378278
3.434310964223791 6.299575684429623 3.1635408298355197
3.434310964223791 6.508726728996539 4.176549861800309
6.537741546462062 6.672334057657007 5.127696489199666
6.537741546462062 6.672334057657007 5.2070736395509565
3.871227443827373 6.672334057657007 5.555479346561421
3.871227443827373 6.537741546462062 5.050325051748572
5.40859247890106 6.301932499911338 4.273645689067382
5.40859247890106 6.232632542259601 5.130212448317624
5.272505902909074 6.572334609327164 4.639216633483323
6.675234815236649 6.572334609327164 5.33690321660161
3.523021162134985 6.675234815236649 5.646094259512124
3.2258909692760267 6.675234815236649 4.976012592995613
3.3160458988906645 6.648277736906955 5.397441761151044
3.659138266554834 6.648277736906955 4.390908348572889
2.9986209007950113 6.220645521572674 4.232597941510023
5.7926385035400045 6.101394092849912 5.096039124526482
5.418228118351244 7.633440923520624 6.798922668286779
3.2049384801450675 6.464052072907766 4.389843216965524
3.2049384801450675 6.464052072907766 4.859602374838132
5.663451382967327 6.464052072907766 3.695449514175207
3.2049384801450675 6.464052072907766 4.892218426846285
4.686064542322146 5.663451382967327 3.9043039931987704
6.354041703658602 5.998224938334221 5.390695444088355
4.686064542322146 7.739699437332577 6.468673486283051
4.5393171054826205 7.739699437332577 5.926891930103667
4.5393171054826205 7.479470989837708 5.601453125493225
4.5393171054826205 8.170888849075498 6.178759245526857
4.313956328503519 8.529892869717882 5.582054830606414
6.975493660575461 9.16966345424157 4.744792200262437
3.2719470066933956 6.169824749647752 4.934913779539339
3.2719470066933956 7.226385404309209 5.779847545641656
3.2719470066933956 7.23593814392294 5.547914388096153
3.7778438416633056 7.23593814392294 4.113023646028112
5.681193777407987 5.977881249054789 2.7932764228467697
5.681193777407987 4.6497709612614315 2.454938826205021
3.534783077479734 6.970059532355647 4.557753799856266
3.465178056541298 6.970059532355647 3.830273954774836
3.534783077479734 6.016138426754342 3.4037077822396897
4.981947984809711 6.052607075848986 3.511519475405409
4.981947984809711 6.052607075848986 3.737600851076611
4.981947984809711 6.052607075848986 3.6425022728277265
5.6025280206454156 6.052607075848986 3.7343599724749947
3.4874845672684818 6.523256032648344 5.092396390531093
3.4874845672684818 8.847288400376147 6.477453501075825
3.4874845672684818 8.2830487977978 5.625470053702057
6.744244769366576 8.2830487977978 5.298493240484276
6.744244769366576 8.2830487977978 5.325474185765915
3.4874845672684818 7.664258880662201 6.236653979297492
6.432717083077538 7.664258880662201 5.003564757829864
6.111164698142524 6.432717083077538 5.140595098494045
1.9615457786220074 8.131593439842593 6.485416932835906
6.111164698142524 8.545052895435758 5.393115636620923
5.87452075189524 8.545052895435758 5.325992881089747
2.2909476096142893 6.95549772225195 5.049271469481067
2.2909476096142893 7.620321847622286 5.346300330251636
