3.0694234997012377 7.765972507775629 5.213731266727191
3.0694234997012377 6.093598673077196 5.16956046273687
3.0694234997012377 7.721436025928883 5.850395765355299
3.0694234997012377 7.721436025928883 5.12675107256503
3.0694234997012377 8.52549260272436 6.603386248932716
5.355304965197362 8.52549260272436 4.946321468859233
3.0694234997012377 9.002447292347185 5.982688713062125
2.924113535913922 8.382173705163323 5.396584150072176
2.924113535913922 7.498238917982551 5.4512086392786845
2.6343087524329154 7.498238917982551 3.943944541943133
2.761488053324556 7.498238917982551 4.392357005269408
2.761488053324556 6.4637500333864395 4.274625589546609
1.4947384025844852 6.202495799689462 2.9274372567364413
1.4947384025844852 7.252262760326428 5.539976258361649
1.4947384025844852 7.252262760326428 5.434605399730516
3.972062785040013 7.252262760326428 4.64054212788985
3.972062785040013 6.511113044772227 4.864408608256371
3.972062785040013 8.288945810941787 6.020907109738049
3.972062785040013 9.225668765770784 6.598148873027685
3.972062785040013 9.225668765770784 4.973246960770259
3.972062785040013 9.807677651832526 6.1959690233814095
6.126058565797681 8.232582911124656 3.9518409177613436
6.126058565797681 5.719719607529957 4.111281815122432
3.972062785040013 7.699486842587886 5.218064196506241
3.972062785040013 7.699486842587886 5.493491413102018
3.972062785040013 6.332430132927257 5.359419569641719
7.185091022614509 7.710911966891944 4.943263939513336
7.185091022614509 7.710911966891944 3.788350389334304
7.670557000416025 7.710911966891944 4.914438845143821
5.641978925320686 7.185091022614509 4.279229460906965
7.670557000416025 8.785715307673586 5.538935467636061
4.173948573198686 8.785715307673586 5.317482015691418
4.173948573198686 7.670557000416025 5.87485589047468
3.613207117268136 7.670557000416025 5.268293726734646
3.613207117268136 6.443043768147504 5.751908059905573
3.613207117268136 6.8489554791565315 5.741439560296331
5.426159585872121 6.8489554791565315 4.275431440627158
3.613207117268136 6.8489554791565315 5.922888506285075
3.613207117268136 7.387354883933121 6.507507894065348
6.1898007561131365 7.0372704370661 5.005340482801883
3.905382129471882 7.0372704370661 4.225420044253102
6.054050593970118 5.614087826609403 3.93037120336117
6.054050593970118 6.576129488252466 5.19410693401419
3.905382129471882 7.403427212534577 5.741880383060791
3.905382129471882 6.256747755620864 5.328414354206248
3.905382129471882 7.429649210285245 5.94221342027564
2.2598055003199744 6.296521438203694 3.998679848256686
2.630225818632678 7.722527080494835 5.571921816525485
4.479423204227139 9.138194166276552 6.691649807171092
2.630225818632678 9.089257359419442 6.562950504871095
2.654661867645992 7.525418865560628 4.032769742867859
1.4400824520727515 7.525418865560628 4.032875985180116
3.278081872768745 6.549634575131659 3.9691986876880327
3.278081872768745 6.3356286931483545 4.38083395272635
3.983157555939457 6.355262174383608 4.253553358744884
3.983157555939457 5.596790524014185 4.057721094603588
2.8895589282185914 7.3354862512207095 4.62936380634429
6.5958321875563755 7.3354862512207095 4.684538680015112
6.5958321875563755 5.919762939648599 3.863970270825313
3.2770610282830117 6.5958321875563755 3.798377414643599
2.9270385004182278 5.929928603427129 4.396276299543649
3.2770610282830117 5.929928603427129 4.454227115295133
3.2770610282830117 4.79834346074518 3.951823731347578
3.2770610282830117 5.716082040929098 4.769933244329836
3.020125687737473 5.716082040929098 3.97432617721659
3.020125687737473 6.384720440961583 4.117958366048613
3.9420583239541505 6.384720440961583 3.973615682748855
5.019309058190586 6.169715811086995 4.140514734709676
5.019309058190586 6.346122850263281 3.472755141975587
5.589391060843745 7.514802357668119 4.232350451345682
5.589391060843745 6.379796283840236 3.9681361084880233
5.622474029557257 6.379796283840236 4.691904382897365
3.4875985097722944 7.667948507856586 5.294502871036675
3.4875985097722944 7.805248164749239 5.552883040574614
3.4875985097722944 7.805248164749239 5.868099574651041
3.4875985097722944 6.36109785531184 5.178904715486103
4.998061829197777 6.657404705290176 3.502307838205766
5.3680151373325415 5.059741203888176 2.55843164682152
3.045772156942004 7.669608966043874 5.120986823035938
4.547056131560041 7.669608966043874 5.426267723334949
5.71367714571128 6.3452491233422315 4.575703495724065
5.71367714571128 9.269139601134235 6.313090325836413
4.4955596534652 9.269139601134235 5.746691543205247
4.547056131560041 6.589383708749754 5.397642336804622
4.353473174029549 7.548151120278687 5.857348072718764
4.361802513417267 5.406911654116271 5.682740748223551
3.2221408725180543 6.743443304862099 4.48307393625739
3.2221408725180543 7.045556036110343 4.5954526207496516
3.2221408725180543 5.419532436594569 3.8159211273708764
3.2221408725180543 6.858091178971867 6.21615569434247
3.2221408725180543 7.497241178883151 5.385933346629283
3.2221408725180543 7.497241178883151 5.750685112204045
6.31186599486394 7.695840748297025 4.3677093092396495
1.8994951540687208 7.695840748297025 4.90842676851402
5.120980291687662 6.31186599486394 1.956859525733848
3.056060342173464 7.642579477590656 5.055161004817453
3.056060342173464 7.642579477590656 4.673038115777748
2.1707011954002025 7.642579477590656 4.4003470639062785
2.1707011954002025 6.665072326142376 4.388140135833261
2.1707011954002025 6.665072326142376 4.444234490936122
