3.1046653816080263 7.59722179599947 5.344932391582869
3.1046653816080263 7.59722179599947 4.274673288936335
3.1046653816080263 6.5116772404837775 5.135398314149334
3.1046653816080263 6.5116772404837775 4.493561887308424
3.1046653816080263 7.532887831282281 5.528340140978982
3.1046653816080263 8.896319134789772 6.817737295764894
3.1046653816080263 8.991260686231248 7.36822265747214
6.122050468239653 8.991260686231248 5.546320352984383
3.1046653816080263 7.509227829620583 5.478000516936657
5.668501811049428 6.122050468239653 4.582407644567503
5.668501811049428 6.122050468239653 4.810520300502776
2.03886778216835 6.122050468239653 4.949430814197268
2.03886778216835 6.924995652425601 6.273448639892088
5.9085974135105985 7.4630157235129 5.731887589784667
6.638225753019995 7.570811782049457 5.489498200372076
6.218087567972486 7.570811782049457 5.038286941290207
6.218087567972486 7.570811782049457 4.309778964877916
6.218087567972486 6.652570892883933 4.7834995932278925
6.218087567972486 6.652570892883933 4.597087822553782
6.218087567972486 5.778509007550131 4.938815372626399
1.0124759245652553 9.23332989646276 5.690567424984373
1.0124759245652553 9.23332989646276 3.7404455132896817
3.9652138092734863 8.625202756551085 3.6412273606762167
3.9652138092734863 5.881855475005324 4.636327057025689
3.9652138092734863 6.365816830137334 5.47306159582305
5.976264002645731 5.476251090563533 3.6517426168827787
3.7376410998809324 6.2603754313240785 4.7629545410491945
3.7376410998809324 7.643703114717683 5.657213034844449
7.36668047061786 7.643703114717683 5.272829664741422
3.7376410998809324 6.360919929883519 4.22787665751815
7.36668047061786 6.300943689472614 4.613803553461408
3.7376410998809324 8.572397032145405 5.699535941010761
3.3056267893082567 8.572397032145405 5.03824497187648
7.36668047061786 6.595695157405263 5.15098143871912
7.36668047061786 8.270135663539017 6.504958458122116
7.36668047061786 9.002273086586897 5.999621054123639
7.36668047061786 11.948936369319654 6.691079461281876
7.36668047061786 11.948936369319654 4.544887175935769
7.36668047061786 7.678612408056235 4.79542613687421
7.36668047061786 6.627769613804535 4.846940638306788
7.36668047061786 8.248535238759212 5.986984955702233
7.36668047061786 8.248535238759212 5.703148697341402
7.36668047061786 6.2846814928774535 4.513463672483099
7.36668047061786 6.2846814928774535 4.261518826359328
7.36668047061786 6.534872569526133 4.164108595979062
7.36668047061786 6.534872569526133 3.2578314347606723
5.718400078677462 7.36668047061786 3.0434221789222033
3.35181463177284 7.36668047061786 3.545750711796209
5.718400078677462 5.6867333339452095 3.2431427127204553
3.0644215539910857 5.718400078677462 4.881674039388973
3.0644215539910857 5.774497405008535 4.735409124689428
5.658343623256187 5.774497405008535 3.8876148333147227
5.658343623256187 6.5871022804582395 5.356281820299962
5.985904167170446 6.4447596591708525 5.233959612682297
5.7226534051978035 6.4447596591708525 4.723564797653325
5.7226534051978035 6.4447596591708525 5.056015914577825
6.180639045345419 6.4447596591708525 5.177299144019498
6.180639045345419 6.170747419649601 5.426317919866401
5.568531644280178 6.180639045345419 5.732893556320185
7.032911286995125 7.123444342285286 6.567484072658845
4.377969389213494 9.259669343000597 6.534306488041268
4.377969389213494 9.259669343000597 5.975611775172228
4.377969389213494 6.453618538752082 6.028657377539057
4.840128801093549 9.233805811468454 6.156583363621169
6.55263944170607 9.233805811468454 4.253212275866063
3.7295024472331773 6.55263944170607 5.717847707297168
3.650536377814181 8.946092876590177 6.547327120567397
4.55290200438581 8.946092876590177 4.5021149979449335
3.590252283680876 8.946092876590177 4.133385539278491
3.4082450882500024 4.840128801093549 4.116772888314319
3.4082450882500024 6.024435017809001 4.76089020812377
3.1940844437841425 6.024435017809001 3.697601765868989
3.1940844437841425 6.109252168687561 4.872348129123514
1.4690836172589248 6.109252168687561 3.594212446020912
5.916844231327836 6.024435017809001 3.7333169937070916
1.4690836172589248 6.407361340770503 4.35534048076317
4.2210121709469455 6.407361340770503 4.4314450593446555
4.2210121709469455 6.407361340770503 5.194767806571403
5.916844231327836 7.6450211593242 4.702240064558475
5.547199493757944 7.6450211593242 4.732403902891255
5.916844231327836 7.633877006364374 6.076779571185013
5.916844231327836 7.74507203550351 3.771388511099786
5.916844231327836 7.697856097219821 5.863380061083094
5.916844231327836 6.346019014402184 3.4983054588338502
1.172457198972055 6.346019014402184 3.222452688996773
1.172457198972055 5.29553877801272 3.456146164772296
4.984113663901407 7.739777390463878 3.573281871939735
4.41717792412777 6.65744113572298 4.734373782527683
6.092088137390931 6.65744113572298 3.973442698060205
5.9424150903644595 6.092088137390931 4.66704743701706
5.9424150903644595 7.0133523673574025 5.760761901033797
5.069709787813185 8.01014312353991 6.492992761160301
6.53187138662787 8.01014312353991 6.0839335743039165
4.600587442590719 8.01014312353991 5.795975602245374
4.580171461612878 6.92192688541153 6.092323325954499
3.2644431991337695 6.92192688541153 5.0157963840863244
3.2644431991337695 6.6660763037011215 4.328763820574206
3.2644431991337695 5.61297315909815 4.367491900541181
3.2644431991337695 6.012271150208981 4.713340263114568
3.2644431991337695 6.012271150208981 4.915219687027692
