6.390715527097754 7.73219658961429 4.943995311165272
6.390715527097754 7.610700141818448 4.549592625487238
6.390715527097754 7.1686359311031715 3.811583227782716
2.943591728730507 7.346865110442611 5.539672705608394
2.943591728730507 7.346865110442611 5.717765561546292
2.7010780791262765 7.273870172151918 5.3570612500715935
2.7010780791262765 7.273870172151918 4.589030478794574
2.7010780791262765 7.273870172151918 4.702871470154986
2.7010780791262765 7.5744781050617185 5.198267029708649
6.284748824307936 7.606807196313875 4.125244423080741
6.284748824307936 6.6114227542271635 4.244835538784815
2.9627159136630827 6.6114227542271635 4.891119287741813
2.9627159136630827 6.6114227542271635 4.81999448666131
2.9627159136630827 6.385335018774477 5.086989228277624
2.9627159136630827 5.964274100971114 4.992058053798981
6.8159666606417595 5.667537701251952 3.9955078440725718
6.8159666606417595 6.26961695013658 4.789567957562089
2.785817168294106 6.26961695013658 4.624714251969897
2.785817168294106 7.690659715375778 4.663710582897604
4.29132867794916 7.670840781234 5.598907670907696
4.29132867794916 8.855438622091773 6.032248703963386
4.29132867794916 9.583068997391127 5.083787881888224
7.524432913736305 6.232780078491757 3.9228233262222147
2.826385785150738 7.524432913736305 4.544504406039797
6.5617889189105405 7.524432913736305 5.959864729423579
6.5617889189105405 7.014780268408034 5.786361032663691
6.5617889189105405 6.7543349020490275 5.732457895153215
6.5617889189105405 7.5635805438607235 5.510459337017876
6.5617889189105405 7.5635805438607235 5.082548674443336
5.89541754389122 7.5635805438607235 4.111326649028991
6.336024523857041 7.196181697911095 4.831798842770087
6.336024523857041 7.54275425891608 5.643478054800002
6.336024523857041 7.54275425891608 4.75893982981659
3.957498931160537 7.5411938075891864 5.992003930397547
6.646948205915386 4.513461396173277 5.692663672303702
3.957498931160537 7.654075360105036 5.672222375401776
3.957498931160537 7.654075360105036 5.7601028018955445
3.957498931160537 7.425976930756489 5.820606090986927
3.047844709212264 10.517289408948683 6.099083676636428
2.9151052063368117 7.425976930756489 3.6188736023071453
5.941737081870091 6.9257840479359345 4.810030640069355
4.367854943576855 9.043054272297065 6.343089346026127
4.367854943576855 9.043054272297065 6.137566722019386
4.367854943576855 9.043054272297065 5.384145869417048
4.367854943576855 8.109850273970075 5.347639466195502
4.367854943576855 8.342169126126178 6.9001958732101585
4.367854943576855 8.109850273970075 5.500966654581154
4.367854943576855 8.18541752960176 5.764921034872535
4.367854943576855 8.18541752960176 5.624990991665205
4.367854943576855 7.977672703852747 4.428838882526684
4.367854943576855 6.57237820218198 5.1075932025984265
6.313017136272535 6.57237820218198 5.194655753799099
6.313017136272535 6.57237820218198 4.901725413419829
3.325306656350478 6.711841898333088 5.306317337354285
3.114104969386546 8.94114175489155 5.2423593832883135
4.596701254102403 10.154795667188635 6.643138433061331
4.192516964919012 10.154795667188635 5.151586770043675
3.760698150203567 10.154795667188635 5.52027839556851
3.341827998792511 8.179910680215798 5.188806762375453
3.341827998792511 6.033796099103679 5.177000447008054
4.575068384269848 6.033796099103679 4.168422052374703
4.575068384269848 6.2299686479607 4.603493283480645
4.575068384269848 6.2299686479607 4.149426407399128
4.575068384269848 6.421633777535547 5.450570360527739
4.575068384269848 6.449564757299058 5.358113660274097
5.594641896565943 7.759058227999377 5.84275884769175
5.594641896565943 7.759058227999377 5.841337351244128
5.594641896565943 7.113874881264451 5.285953978465309
5.594641896565943 7.5110195410376885 5.507477142608056
5.594641896565943 6.21511653860399 4.861202649758925
5.594641896565943 5.783787261321148 4.272443862671855
5.594641896565943 5.783787261321148 4.291355064870259
5.594641896565943 7.333938287913734 5.806250702268426
5.594641896565943 6.524478811743013 4.8559164320833315
5.594641896565943 6.442847334667498 4.653096681137613
5.594641896565943 6.442847334667498 4.279392015768755
3.278091052625403 6.217765727637904 4.553084952607998
4.419855739081044 7.544462217748226 4.7627803778216204
5.736074826824996 6.437171891027845 4.601216769518362
5.736074826824996 7.075470571964932 5.0895958168606334
5.736074826824996 6.393631585123476 5.252363535471302
5.736074826824996 6.393631585123476 4.947262897933982
3.2427617635892223 6.109999249273052 4.408441421484786
5.907357561295438 7.046025559178959 5.363269026812793
4.155372660227396 7.046025559178959 5.4049061463386545
5.511494733725463 6.718982272795589 5.4436907198014834
5.511494733725463 8.066068544144557 6.411202834211926
5.4522557009543 6.419168644622282 4.219669434649623
6.418681558826144 6.663222539993409 4.842007751930395
6.418681558826144 6.651473152822785 5.9886152910105785
3.9564060820320823 6.418681558826144 4.668963383793244
6.0292449282994625 6.418681558826144 3.087183242651067
5.080515549019246 7.526674123509586 5.539355415890952
3.9564060820320823 8.020871513424472 6.28637383703827
3.9564060820320823 8.020871513424472 5.662977166341586
6.24690031132149 7.532403989517208 5.539311019888824
4.009929072364557 7.532403989517208 4.960193771409142
4.009929072364557 7.532403989517208 5.861145318012327
4.009929072364557 6.492351805811307 5.455899318191254
4.009929072364557 6.492351805811307 5.254178247326869
