2.4691945271357203 7.755142572846063 5.446259945250037
2.4691945271357203 7.358766524755859 5.875429602978818
3.1711079784763148 7.305314906934523 3.9797050141877093
2.4691945271357203 7.305314906934523 5.076315153962369
5.844147619317493 6.659575340077101 5.544907070171429
5.844147619317493 7.085892057611945 6.16981992944249
3.917355568377119 7.085892057611945 5.267554365652175
3.917355568377119 6.439074412341014 5.190468983786125
3.917355568377119 6.439074412341014 4.47137129788546
3.917355568377119 6.501269473573117 4.123864046766199
3.917355568377119 6.501269473573117 5.288940563327285
3.917355568377119 7.686482198740226 6.2785305161036895
3.917355568377119 6.634152385820901 5.686769405273964
3.917355568377119 6.471977426243406 4.839077308649549
3.917355568377119 6.471977426243406 4.664079673491428
6.753234520669329 6.471977426243406 4.992122589333607
6.753234520669329 7.646503916400974 6.007562350843419
6.753234520669329 8.40131216634606 6.737911931794848
4.27364593432425 7.769056052815875 5.911254631002766
4.27364593432425 7.769056052815875 5.779454282865482
4.27364593432425 7.769056052815875 6.323286989519398
4.27364593432425 7.556490180499489 5.708786611597768
4.27364593432425 7.656199560082669 6.115577004935517
4.27364593432425 6.397091915512441 5.783385825516722
3.825816306574517 6.500821361093358 5.214516947657972
3.7224568602145784 7.026372127567999 6.097756224709858
2.3350796951871833 7.561941332941009 6.479692757187482
3.36753909221892 7.561941332941009 5.860142632726633
3.36753909221892 7.561941332941009 5.782610466453849
3.36753909221892 7.561941332941009 5.012979766768477
3.984332402276977 7.001860868101907 5.347979853182361
3.984332402276977 7.652293205103103 5.9029960683080684
3.984332402276977 7.652293205103103 5.854033190521903
3.984332402276977 7.001860868101907 5.562528704684029
3.984332402276977 7.0940243177761495 5.862070167530737
3.984332402276977 6.269976251479516 4.315307893901023
3.984332402276977 6.269976251479516 4.415019760882399
3.984332402276977 7.30045998204316 4.761258417352316
3.984332402276977 7.416994698808837 4.486327667139433
3.984332402276977 5.923504150727904 4.189253475334788
3.984332402276977 6.732949900655873 5.390934358556027
2.405162081652503 7.408996048714769 4.472351236234553
3.984332402276977 7.37372349568658 4.639650622317462
3.984332402276977 6.1081038748111425 4.889422492656596
3.984332402276977 5.698961374979973 5.341266549186949
3.984332402276977 7.560679592161804 5.764228507709917
3.984332402276977 6.80418226220973 5.829670584183523
3.984332402276977 5.105412209873119 5.805406499028898
3.984332402276977 7.658121877490881 5.55040243763504
3.984332402276977 7.658121877490881 4.517804533837401
3.984332402276977 7.658121877490881 5.6063703934761
5.595952657116801 6.710774460135681 5.159643406682563
3.984332402276977 6.661240828762789 4.283147381125958
3.984332402276977 6.661240828762789 4.717479311916897
3.984332402276977 4.527652680134452 5.379302868594049
3.984332402276977 7.650762724803062 5.911354087316524
3.984332402276977 6.433373263084299 4.441499937997377
3.984332402276977 4.529807433556186 4.381117430005109
3.984332402276977 6.515698364737549 5.221652825091873
3.984332402276977 7.631571096546946 5.339189062293522
3.984332402276977 7.631571096546946 4.857854133507873
3.984332402276977 7.462394187791533 4.228432696829334
3.984332402276977 6.04707523931236 5.0888524681026865
3.984332402276977 6.9981686632905955 5.4902748027362795
3.984332402276977 8.258217954907092 6.388832739889512
2.7101500230647457 8.199908481063913 5.313516517009208
2.7101500230647457 6.443133448513326 5.39502154978888
2.7101500230647457 6.656907950741644 4.988683774588061
2.5970520181726653 6.656907950741644 4.689304410206396
2.5970520181726653 6.656907950741644 5.860089599900163
6.474105713137909 7.254434745016042 5.960125288515844
2.5970520181726653 6.786760675827555 4.670467442961591
6.442715716733087 6.474105713137909 3.0721677956245452
2.5970520181726653 6.445480246753295 4.544431087952474
6.4771043207975225 7.530042517229077 6.1065759092375265
6.4771043207975225 7.558780454075926 5.911439019180651
6.442715716733087 7.530042517229077 6.2461268996379795
6.442715716733087 7.932732189012993 6.772331753697831
6.481973382060474 7.932732189012993 5.857559568718802
3.818570397981056 8.442750548723257 6.103897319266008
6.652664355819635 7.627796320222222 6.008502047905723
6.652664355819635 7.627796320222222 6.199108433731624
5.987103648642897 8.528911438204368 6.680604853357217
6.439697574086278 8.528911438204368 6.005575874601424
5.987103648642897 8.528911438204368 6.8283388808786265
5.987103648642897 8.528911438204368 7.178657883476019
4.742157684613819 7.774115790056561 5.9058804510075325
6.3705772099782685 7.624040878278411 5.284036303161673
4.742157684613819 7.624040878278411 5.769951680215563
6.6434243485428475 7.624040878278411 5.11961841027375
2.375517850227418 7.624389754211371 4.5475071044952315
2.375517850227418 7.624389754211371 4.00392774158613
2.375517850227418 6.3705772099782685 3.956759099747665
2.375517850227418 5.357906090684089 4.23380264159694
2.375517850227418 7.772097109836819 5.593447923027943
2.375517850227418 7.772097109836819 6.486040036283288
2.375517850227418 7.772097109836819 5.304196672484214
2.224495232691425 7.772097109836819 4.639819724089674
6.687621330043932 7.772097109836819 3.0363852257900548
2.224495232691425 6.687621330043932 6.324030324456403
