3.1753819358337023 7.687560388112949 5.253372913700408
3.1753819358337023 7.68310633978532 5.899151648567513
1.593875911304274 7.435703422368137 4.812556527265889
6.4674520109122255 7.435703422368137 5.005005884010258
5.5598182580217745 7.435703422368137 3.665458477048187
3.225303543048178 6.4674520109122255 4.091177677599801
4.007367845197582 6.466386437966452 4.023160365762276
3.061973505104359 5.995328276576309 5.300567027966434
3.061973505104359 6.1373634117303375 4.8845318495147145
2.866981617874416 7.747594175561948 4.772640215431091
2.866981617874416 7.747594175561948 4.740056929452203
2.866981617874416 5.901989319351788 4.597118966956463
3.422413565372786 7.3985858361422565 5.250616611926504
2.866981617874416 7.514154253799267 5.2635492567779885
2.7655923433066296 7.777348229846172 5.438411307804757
2.7655923433066296 8.440216930683963 6.95029177860318
2.7387181161961363 8.535745857244152 5.763337091121224
3.6872419199302695 8.535745857244152 3.8770551259549197
3.6872419199302695 7.700114051511347 4.952294402087745
2.7387181161961363 6.462012525628477 4.8591551736150675
2.7387181161961363 6.388317770753794 5.299794565883377
2.7387181161961363 6.4282824460290335 5.166454242442068
6.196180960298719 6.4282824460290335 4.164633105346155
6.196180960298719 6.620212591481216 5.179050518960803
3.9237405874383993 6.620212591481216 5.579784451012855
2.9547320304807525 7.624568595595765 6.1152095272974
2.9547320304807525 7.752420084994933 5.902729301888094
4.78488652933709 7.121374655380796 5.529573652155961
4.78488652933709 7.121374655380796 5.741192297754577
4.78488652933709 7.202384776872689 6.294619839155788
3.6338994350451093 7.202384776872689 5.770562691846005
6.017457378440511 7.472826751067322 5.704353915344784
6.017457378440511 7.472826751067322 5.192056922194653
6.017457378440511 7.733384030500405 5.718832540427697
4.141581847453832 7.733384030500405 5.467695042780261
4.141581847453832 8.409561767971685 6.477293609725385
3.048316341796735 8.409561767971685 3.930223593479729
3.048316341796735 7.477331632445891 4.039631579495769
3.048316341796735 7.618247475161345 4.072817573254922
3.048316341796735 7.266091188611501 5.769358812758261
3.048316341796735 7.266091188611501 5.526326706567398
6.018676053755929 7.493601658070322 4.550483744465327
5.745846558339874 8.84904810975999 3.9471021236135915
5.745846558339874 8.84904810975999 4.359411848393089
4.9825241587220965 4.368351213452993 4.909526790117608
4.9825241587220965 6.368778600772135 4.742658359021471
4.9825241587220965 6.368778600772135 4.569669017720415
4.9825241587220965 5.8779387731562025 5.426889969855715
4.9825241587220965 6.575809328076474 6.029099942976001
4.9825241587220965 7.129099449622231 5.477062536208962
4.9825241587220965 7.621774506938541 5.023847414908899
4.9825241587220965 7.621774506938541 5.872712474606373
4.9825241587220965 7.352363982666766 4.612936654355776
4.9825241587220965 7.616267430974327 6.633550651495656
4.9825241587220965 7.616267430974327 6.1691336938791
6.291410007201421 7.616267430974327 4.681288232738431
5.9145572003949525 7.616267430974327 4.597807684686447
3.803918616320527 6.485457482591695 5.424782155799007
3.803918616320527 6.783385014019533 5.690474746640366
5.56563844532862 6.783385014019533 5.09176071307279
3.803918616320527 4.902582529802 5.315479370594607
3.803918616320527 7.644191248427511 5.7174691650576985
5.56563844532862 9.940992891063845 6.042859556573102
3.6514903674483006 9.940992891063845 5.433185379455808
4.645812699021391 7.657604184105221 4.36741958782498
4.645812699021391 7.657604184105221 5.138559698283729
3.6715752464993376 7.657604184105221 4.28444701103131
3.9991423260418917 6.326315808404338 4.842632929853012
3.9991423260418917 6.326315808404338 4.277603526765494
6.616367864713773 6.648821157468525 3.7694960524482406
6.616367864713773 6.762186876096255 4.614256188403673
6.616367864713773 6.762186876096255 5.247141674600833
6.616367864713773 6.762186876096255 4.986108697858947
6.616367864713773 6.587458297072949 4.824352767051291
6.616367864713773 6.587458297072949 5.171773790817409
5.039568869193445 6.611063857428867 6.130950903896629
5.039568869193445 7.652330410644794 6.351194133797662
5.039568869193445 7.53485705087402 6.894587069103206
5.039568869193445 7.59498691152848 6.629776923405573
5.410825977101172 6.305803660190065 5.3547715780040095
3.9552360668050217 9.572816420661821 6.069481708172837
3.9552360668050217 9.572816420661821 5.272940025421268
3.9552360668050217 9.806311346858516 5.216559879850993
7.697622049907212 9.806311346858516 4.893612704639014
7.697622049907212 6.419654271448735 4.959903699742161
3.749484144257299 7.697622049907212 6.350137378393698
4.475182086562583 8.375213751307724 5.244807810374741
6.601979412366788 7.518676227394284 4.693811800320717
3.856397027449454 7.518676227394284 4.636290103691902
3.856397027449454 7.518676227394284 4.372586949916251
3.856397027449454 6.27934759967561 4.519436402386181
4.810248923270084 6.601979412366788 4.192725799674342
5.50254737081082 7.056589758942959 6.146135626694547
5.50254737081082 7.056589758942959 5.3610140131202195
5.50254737081082 7.056589758942959 5.250601690806421
3.045521282102016 7.514392312880192 5.112495911139063
3.045521282102016 7.648608858124836 4.722945546719362
6.31491014595321 7.648608858124836 1.6995197660269254
4.556839162570046 5.50254737081082 3.4472675389834473
2.6434468459582523 6.560394899455584 4.606465166472062
