5.7970695837777875 7.709553909169154 5.482586560892302
5.7970695837777875 8.250880636483846 6.716119217262043
5.7970695837777875 8.540312403280204 5.670931076383386
4.488113435255698 8.540312403280204 4.420823683113472
6.342980093932987 5.7970695837777875 4.411783774060464
5.68926965861133 6.342980093932987 4.909244655615024
3.0616820438328998 7.389133539273567 4.666731419257455
3.0616820438328998 7.185944701448985 4.82246802162146
3.0616820438328998 6.654660171285446 5.558057614864396
3.0616820438328998 7.664966877637246 5.7683846503239735
3.0616820438328998 7.664966877637246 6.537951329610378
3.0616820438328998 7.341102545186734 6.27642277538558
3.0616820438328998 7.341102545186734 4.458594731042907
3.0616820438328998 7.226104944722543 5.672699765095559
3.0616820438328998 6.351251196743409 4.885870289202869
3.375962689490106 8.59804974626968 4.669004986250078
3.375962689490106 9.22960023348267 5.142259888659697
3.375962689490106 7.555563729183152 3.480744301864487
3.2931216922888216 7.555563729183152 2.247711951922132
0.34095674505058726 5.531379686199379 3.237471134184937
6.611369676424797 5.911839527954857 3.225345754021268
6.611369676424797 5.911839527954857 3.9805035060513556
3.2833187219593403 6.64562593868985 5.1450131030817134
3.498013893743011 10.172987079936972 7.035722262637117
3.1547406440083177 6.611369676424797 5.629858398039213
3.498013893743011 6.557641312617854 5.510813778137824
3.498013893743011 4.068427140865655 5.254161301804712
3.498013893743011 7.632357240208117 6.010415766699862
3.498013893743011 6.625558090527949 5.16264441259181
6.567156432537889 7.552971155838728 5.08730630717141
4.179961365835066 7.529654404249301 4.285041165542403
3.7113513178895663 7.529654404249301 4.54707686829683
4.434821741253852 7.529654404249301 4.058292952278464
4.434821741253852 6.2465911446994795 5.218578834087183
6.662190540279639 6.603979983549564 4.705750177748668
3.1387944991026377 6.662190540279639 5.026074157098844
4.149691835932092 6.662190540279639 4.533389601333587
3.1387944991026377 6.058120093608206 4.620437502214414
2.8374502831357735 7.6144716486248925 5.589224304236894
2.8374502831357735 7.6144716486248925 4.218854750681827
5.449519697449681 6.295228307918535 3.9784987404909717
6.270283265817898 6.584602583258235 6.022117689463816
6.270283265817898 6.545575783421512 5.8414708232250225
6.270283265817898 7.296265964631431 6.364733225743004
6.270283265817898 7.296265964631431 6.31202425342725
4.578766826367563 9.512268415881957 7.05197470373428
4.426758949785224 7.735937770485409 6.121808737677376
6.035146400651232 7.735937770485409 5.3924160204481675
6.035146400651232 7.3681345501372935 5.558337933604594
5.7890274425949535 7.3681345501372935 4.13912405203429
5.60757461058196 7.3681345501372935 4.301663441197037
5.60757461058196 7.650737593326824 3.6085802707425705
5.381028665854338 7.650737593326824 3.5691086450392673
2.8612670016132538 5.60757461058196 3.711563484265394
4.182154089482836 5.690244774985768 3.8859022403373644
5.992764024677275 5.690244774985768 4.576850000447845
5.992764024677275 5.941955141524275 4.688972932559802
5.992764024677275 5.941955141524275 4.00846418798358
5.992764024677275 6.488268706482799 5.188290598393191
5.992764024677275 6.5956289728913795 5.5261157238994265
2.7973010151031628 7.353162016713405 5.285803040821121
6.003484222458564 7.902505019153388 4.596300974157196
6.243019384111793 8.501785639549855 4.430661461626304
6.243019384111793 8.501785639549855 5.688391466036072
6.243019384111793 6.658994429192926 4.390252387952974
3.488808811781596 7.674324141944858 6.029255967474731
6.243019384111793 7.674324141944858 4.094858670780856
6.243019384111793 7.141298147639622 5.265965705691733
6.243019384111793 6.0228495823601556 4.960551856407933
6.243019384111793 7.004770766130886 6.22109793679544
6.243019384111793 7.675349795686111 6.121364347256457
6.243019384111793 7.675349795686111 5.134422318236941
6.243019384111793 7.675349795686111 4.275425056805201
6.243019384111793 7.675349795686111 3.7272664857027475
4.586480595574127 7.675349795686111 5.127328922809158
5.418434402760624 8.679963995737296 5.724253382175709
3.778057517568531 5.849101005814223 3.9193091240469777
3.778057517568531 9.554068195056196 6.036548076614684
3.778057517568531 10.04937795299783 5.131142230471986
7.510624000256623 7.2535723533845005 4.783376996966834
7.510624000256623 7.2535723533845005 4.559205200231854
5.982585883422349 7.681621491615969 6.236290806567994
5.982585883422349 7.634144215130087 5.348298650940603
5.276731120574087 6.334515522138137 4.020588041338686
4.468530863423332 6.528078641526417 5.691633840924663
5.817037789472135 6.528078641526417 4.551873549002294
3.2296014024344903 6.97491570630471 5.261963035427176
5.817037789472135 5.294007603141075 4.605757436724073
5.817037789472135 6.97491570630471 5.46946086511642
3.8943724231049157 5.294007603141075 5.4636459126574906
5.50943753940847 6.401960049468709 4.423193708576146
4.7249669679786415 6.493687204600992 5.493069713962209
4.7249669679786415 6.781783060298558 6.238148246818066
3.2210567170440965 6.801710448362076 5.464795166656825
3.2210567170440965 6.801710448362076 5.170037542144331
3.2210567170440965 6.801710448362076 5.687764238290976
2.6289656206300127 5.197699848030698 4.581643975544258
2.6289656206300127 8.045052068654487 5.170269513206754
2.6289656206300127 8.045052068654487 4.287375502307409
2.6289656206300127 6.85554667525126 5.217084725260324
