3.154468897462348 7.72154409915937 5.372587806304998
4.886293645250653 6.616865743812589 3.425200223956503
3.558782073251035 4.886293645250653 3.4490171001735646
3.2103610197307906 5.813631641521457 4.352013770174195
3.2649946022006806 6.503391239843335 5.688394197954918
3.928177615046622 6.503391239843335 4.9648410858047525
3.928177615046622 6.364748890477159 4.931658841066504
3.17411914277011 5.516684533438024 4.001414324483536
3.17411914277011 5.516684533438024 4.033030201874101
6.224825758846048 5.404388655422775 3.921596309841224
6.224825758846048 5.404388655422775 3.731306379086698
6.224825758846048 6.408590865028611 4.578718183592121
6.224825758846048 7.073917180690092 4.772527656484348
6.224825758846048 6.501895378909726 5.595196845611849
3.4219720769890505 7.073917180690092 4.799560708935125
3.4219720769890505 6.224825758846048 4.523093723190687
3.0806825895653067 6.419859207061567 5.413369990520096
3.0806825895653067 7.695009918005773 5.5611639691195425
3.0806825895653067 5.162805979538369 4.258227768347387
3.0806825895653067 6.4316629675144945 5.143188039567212
3.0806825895653067 7.290493294672844 6.1120989361039575
3.0806825895653067 7.290493294672844 6.277839482113266
5.755725287927749 7.290493294672844 4.682191583006699
5.755725287927749 7.290493294672844 3.8110957862714043
4.1179819325762175 6.458165168510579 5.804656623042357
4.180188160696126 8.667492573506278 5.951953637427189
2.5915664488248287 8.667492573506278 4.0182471125892105
0.39982146798117 6.458165168510579 2.606455475006843
4.9835919684171195 5.435525354182381 2.3389717456087458
5.665645654104672 6.674494348874859 5.476518897954751
5.665645654104672 6.674494348874859 4.932133599402182
5.665645654104672 5.699552415676703 2.5732466984895694
5.699885805755677 5.665645654104672 2.338206637985841
6.494571317525985 5.699885805755677 4.888848028153929
6.494571317525985 7.63290249962866 6.034120286409859
6.494571317525985 7.362100574196969 5.470652848970758
5.0839999695267295 6.494571317525985 6.100251771671922
3.697458553122907 7.705528378018569 5.584265482390285
4.251314423534993 7.091143167375144 4.964916163880701
1.473540519439926 7.461403578734318 3.332075524818923
4.327046158100579 6.3065766004606445 5.21341277728428
4.327046158100579 6.558882288132697 5.2426905387636875
4.327046158100579 7.723989135633104 5.99926740322781
4.327046158100579 6.629454415236108 5.5819647463025
6.188180191287561 8.263506286336892 5.782121099325976
4.327046158100579 9.25174511692754 7.581639614159255
4.197470631961458 9.25174511692754 5.883322937540162
4.197470631961458 6.440500688681194 5.343508900008922
4.197470631961458 4.865781967752 6.679791245771282
6.076876936105716 7.296317444037015 4.95155207298802
3.8876386995194108 6.363095370661025 3.9372410431194713
3.8876386995194108 6.01854230876426 3.5733319812782995
3.8876386995194108 6.693092983922114 4.553015842833387
3.7509287807547733 6.693092983922114 5.314291494932098
3.7509287807547733 6.66223844945381 5.651098968938558
5.716983404843486 6.977145669325424 4.796078207303869
5.284940044634627 6.977145669325424 4.137671145130593
6.186882009622746 6.977145669325424 4.166310115618926
3.7723374011913937 7.782108330010216 5.81254356269376
3.7723374011913937 7.621953871235165 5.707935594090146
3.7723374011913937 7.621953871235165 5.541281804997657
3.082301343482204 6.245388832760327 3.8081108621012643
3.312044059202617 7.779830155329986 5.218684477028977
3.444754372029579 7.779830155329986 5.007922633944981
5.653743124859975 7.863014074287859 4.965912568544265
3.444754372029579 7.863014074287859 4.544041052290132
3.444754372029579 7.863014074287859 4.476426913418234
3.312044059202617 5.924828353839292 4.365077361567549
3.011917330015596 6.15944305807955 4.972848189913803
3.011917330015596 6.971392778642404 4.8118854199311825
6.65795684722794 6.971392778642404 3.660473547923603
4.97877637454226 6.814063607948942 3.3999607244684404
7.747376330807262 6.180182605881711 4.286465478488083
4.97877637454226 7.726002274727058 6.384567527883886
3.5993961016941367 7.747376330807262 6.291563801200607
4.077865895871177 7.677493687031333 4.622048243340868
4.077865895871177 6.506328820626013 5.128865198485503
5.539272545711352 6.64923734974025 5.11770571088061
5.539272545711352 6.64923734974025 4.774274913174441
5.539272545711352 6.38394853096619 4.64551132362546
5.539272545711352 6.38394853096619 4.415918289036853
3.098123163578926 5.680819088312582 3.2588195825630395
0.4812435462038853 5.675385557004329 3.5559382900606575
5.539272545711352 7.057914774409397 5.313001857771322
5.539272545711352 7.057914774409397 4.612665795523958
5.539272545711352 5.9765378409247845 3.6551050568397354
5.539272545711352 5.9765378409247845 4.581525791498819
3.7309061878360947 6.407944246893656 5.955247746256255
3.0044117785102604 6.240590222275873 4.951276192192307
6.31340971026788 8.67073486980348 6.613789357091654
6.31340971026788 8.67073486980348 6.245355991388675
6.31340971026788 8.373132560421345 5.544408564525189
6.31340971026788 8.373132560421345 5.320680982332425
3.3653054772017623 7.434409406563468 5.498839960152005
5.3106535867834666 7.765950431444171 5.427127482623819
5.3106535867834666 7.765950431444171 4.711428835061233
5.3106535867834666 7.970943020755529 5.311292084631158
1.1939310763105522 7.970943020755529 2.163097091157488
2.921953140751651 8.440825892498268 4.9973445075333505
1.1939310763105522 8.440825892498268 3.9159214193919016
