5.298199323469184 7.707359615518094 5.743749895144072
5.298199323469184 7.658492616676437 5.067488182702942
5.298199323469184 7.446104457511563 4.137389503824906
1.233880637913018 7.768807707041914 3.5130333784924845
5.53320472579529 5.393194249511801 3.26602864013096
3.158440980130582 5.53320472579529 3.539532286635545
3.158440980130582 5.627721478732084 4.230222771799974
2.6956266956155877 6.1174259107630355 4.067590101935949
3.36609185334358 6.1174259107630355 3.870884097642049
0.9317802807848214 7.48999965272203 4.782112626720788
5.856010776565803 7.48999965272203 3.3512618827469987
5.668482999245121 6.2316505390044306 4.871029814892165
5.713304348845558 7.48999965272203 4.132496708205008
7.620024074731299 7.58951563294425 6.451972224956038
5.265777040870514 7.645000144800589 6.172940288344927
5.265777040870514 7.645000144800589 6.422880990980471
4.044166691051064 10.561041365371182 6.440181742610293
3.9872986565508772 10.031108304524267 5.74236965505922
6.247304802067184 10.031108304524267 5.311263667374708
3.1140394136085168 10.031108304524267 4.410001321518567
4.479619317770684 6.3060204074216735 5.698619648499201
4.479619317770684 7.653262342640881 5.997884489461893
4.479619317770684 7.653262342640881 6.013783912352711
5.547163594079549 7.653262342640881 4.624097192760368
3.3373965278387883 6.416341773153331 5.039107095816256
3.3373965278387883 6.654765343144231 5.475775493600132
3.32960437615191 6.654765343144231 4.130790799519743
3.32960437615191 8.182188746461176 6.364709982467486
3.221353928748656 8.182188746461176 5.054200832668212
2.6539293416008616 8.182188746461176 4.499740788952084
2.6539293416008616 6.316705068325977 4.641435325566436
6.474571583146066 5.142774989412526 6.042218842870573
6.474571583146066 6.21425895544856 5.732757491453972
6.474571583146066 6.221196160989162 6.665744067289888
4.240159723692621 6.5270498709737375 5.158055784065628
7.735395144851127 6.6572660620836785 5.010406668412448
5.920872252429504 6.6572660620836785 4.872926640752091
5.920872252429504 7.735395144851127 5.776316495779642
5.433502242042259 7.735395144851127 5.062770547198617
5.4295277786612175 7.491065511192179 4.424545084045667
5.4295277786612175 7.253194736555642 5.908312395130568
2.9513595423888117 9.781138724816678 5.962848985945189
3.200186091109185 10.497052650884397 4.0108922013914405
3.922104975793371 6.2838906217173225 4.312130428692077
4.245266293922697 4.7386013325794885 3.969458019982788
3.922104975793371 7.54490400381443 4.631223679551216
3.922104975793371 7.2421511668651615 5.549940221725648
5.203084319518158 7.2421511668651615 6.114374325932515
5.203084319518158 7.2421511668651615 6.259310234318669
5.203084319518158 7.2421511668651615 5.14232374470173
5.418777157592597 6.762680504289955 3.9720653263515953
6.645894068520597 5.203084319518158 3.685159724417012
3.9671973946555075 5.818287758835044 4.3873009385396555
3.9671973946555075 7.254625240018624 5.307557884217634
4.775006181872794 7.254625240018624 5.685309982198911
4.775006181872794 7.254625240018624 5.36340293662551
4.775006181872794 6.645894068520597 5.489747506386817
4.775006181872794 6.645894068520597 5.200779027109161
4.775006181872794 6.4823265361502465 5.0305288065785145
4.775006181872794 6.507652158821056 5.562804765620944
2.726633399396253 6.507652158821056 4.68168174284901
2.726633399396253 6.507652158821056 3.676002439134273
2.948966388088103 6.507652158821056 2.973639282431654
5.846548125120719 6.652575083274808 4.271844942179524
6.221775054887427 6.652575083274808 3.432174592429119
5.846548125120719 6.652575083274808 4.612034952622989
5.846548125120719 6.652575083274808 4.463447294687158
5.846548125120719 7.283533316346746 5.736600127470751
5.846548125120719 9.093082393702257 6.229681140821627
5.694011279971509 9.093082393702257 4.241987009450533
5.846548125120719 6.374931351651956 4.731317577432486
5.846548125120719 6.374931351651956 4.849399685056004
5.846548125120719 7.25633650790745 5.710632264318716
5.846548125120719 7.25633650790745 5.611877801601232
5.846548125120719 6.341289911731465 4.553921130036098
5.846548125120719 5.50326467275811 4.580420825623801
5.846548125120719 6.1589076332471855 5.49188681732652
5.846548125120719 6.1589076332471855 4.493811587567936
5.846548125120719 8.171402151484067 6.10542519607927
6.32625905506357 7.489661203843427 4.726785234819224
6.38998636604229 7.489661203843427 4.870938414530316
5.846548125120719 6.38998636604229 4.013863794970851
5.846548125120719 5.090520303101101 4.513302706784441
5.846548125120719 5.090520303101101 4.54015438222708
5.846548125120719 5.951480619781524 4.890475723747237
5.846548125120719 6.253425034588311 5.3133693462262785
4.022102630854384 6.253425034588311 5.483896404780825
4.022102630854384 7.468263012020486 4.670245151471995
4.022102630854384 6.253425034588311 4.451661514533793
4.022102630854384 6.318950541505924 4.47513185419928
4.022102630854384 8.221856131266147 6.697773236098052
4.022102630854384 8.221856131266147 6.100982282140166
3.3982490143689614 8.221856131266147 5.510777763440199
3.356621987652322 8.221856131266147 5.5392886426465875
3.356621987652322 7.561147265829385 5.162613112656619
4.541215043880062 7.561147265829385 5.788392487252142
4.541215043880062 6.565670664781738 5.563176139100722
4.038858419039379 7.728532780735241 5.787982523895481
4.038858419039379 7.728532780735241 5.236459407020411
4.038858419039379 7.728532780735241 5.9042094708663315
