5.690325120312764 7.683364133010855 5.389752489634045
5.690325120312764 7.623258809883705 6.328056182192919
5.690325120312764 7.631909223595597 5.580801000971827
5.690325120312764 7.562646216200738 5.350290033060002
5.690325120312764 7.609118630862097 6.2703662405418115
5.690325120312764 7.65458626362641 5.544264210914364
5.690325120312764 6.2710068528756935 5.663308864958039
5.690325120312764 6.2710068528756935 5.097533917381236
5.690325120312764 6.2710068528756935 4.533895224726486
4.244532158610486 5.948062963252077 5.224527953229176
3.543384595568537 6.465316887835758 5.35920808777667
3.6466691213386153 6.465316887835758 4.377179807053031
3.6466691213386153 6.459370905196028 5.511403497241356
4.704710787116792 7.017183371110024 4.519795771667821
3.6466691213386153 6.623916218407114 5.3338325389213885
3.6466691213386153 6.356144886116905 4.68820395899021
3.6466691213386153 7.240957138144264 5.7031931696485865
3.6466691213386153 8.539252692389352 6.575309677067277
3.380194196269635 8.539252692389352 5.997922717366162
3.380194196269635 7.779135367489598 6.3180155134067135
3.380194196269635 7.779135367489598 5.372600159570136
3.380194196269635 7.5272183752074255 5.041265865697156
6.364799339736315 7.5272183752074255 4.552190657166952
3.7938372387863457 6.410170343322736 4.877339346040824
5.852320354729233 7.924755175282833 5.619878380707068
5.852320354729233 7.436054285979111 5.0280336476776215
3.7938372387863457 6.307014808792978 5.245548818658429
5.852320354729233 7.105233205666481 4.577940224081176
3.7938372387863457 6.317139656854234 5.048194916928924
5.852320354729233 6.525981132392367 5.211267795298885
6.175589150632732 6.525981132392367 4.506981609802852
4.220473408254833 7.284321996510922 5.4894353204601245
3.991881268215192 7.3764804790969105 6.692067439150219
2.7727202022236317 7.3764804790969105 5.92718827926677
5.76401078239363 7.3764804790969105 5.10483442840607
5.76401078239363 7.3764804790969105 5.7998852850054154
5.801027983196867 7.413095412868779 6.3774748457658665
5.801027983196867 8.10818455189206 6.846550262933448
5.801027983196867 8.10818455189206 6.180669871759516
5.801027983196867 7.53820175727911 4.79784979851308
5.801027983196867 6.2589124548848964 5.003760494653181
5.801027983196867 6.633073576413931 5.834494587598548
5.459052336848078 7.6421758404583 6.6869396324578725
4.332132235985707 7.6421758404583 4.953772179956601
6.965530161340322 7.6421758404583 4.831895710654302
3.462681280404642 6.965530161340322 5.075963592224114
5.795010627410676 6.965530161340322 5.216534848879902
5.795010627410676 6.965530161340322 4.668272317972236
5.795010627410676 6.66480813681186 4.818728053809645
5.795010627410676 7.291274260407558 5.519501845245527
5.795010627410676 7.1260921963143495 4.6791943816787445
2.874342808309248 7.1260921963143495 4.058243656964151
6.044880123862502 6.1894517373101365 4.216067355683513
0.9026680296193992 7.750388956259206 6.151465484302085
7.215435033360421 7.750388956259206 4.781447584884716
5.721312388343129 7.010987902587557 4.807832307060762
3.2427550200742883 7.010987902587557 4.6758576562081045
3.2427550200742883 7.215435033360421 5.389092861609581
5.91934900052166 7.3877488731792305 4.89858081399564
6.406343927293307 7.685477433181452 4.941097512718739
6.005921206755239 7.685477433181452 4.712626470391579
6.005921206755239 6.406343927293307 5.690114971559673
5.415590658125833 7.592015372001352 5.348092592969087
3.123758600764646 6.062219623813174 5.683818810666814
5.655410472407663 6.649349756091031 7.159009416519962
5.655410472407663 7.677114714169111 6.660344592851921
5.655410472407663 7.677114714169111 6.169928908314988
7.6037475109431085 7.677114714169111 4.787831384068227
3.7749558404610366 9.214142249221165 7.142022667895947
3.7749558404610366 9.214142249221165 5.632474490761736
5.670445112221518 7.848161023970617 5.0214307065594435
5.670445112221518 9.519425814667558 5.709527421179259
5.301428902588938 9.519425814667558 4.385528133888806
5.930116263316375 9.519425814667558 6.156142834347029
5.777702990808304 9.519425814667558 5.807240172387377
6.462305665668072 9.519425814667558 4.517548289438591
6.603647968691455 6.462305665668072 4.972598671487115
6.603647968691455 7.740196063109087 4.427167032193419
6.603647968691455 7.740196063109087 5.518236388954182
6.603647968691455 7.580108836731323 5.109675169447282
6.603647968691455 7.0174542666840445 4.618688760845493
3.277547663567621 6.3844155725444125 4.571019539130462
3.277547663567621 7.581226463788859 6.039001865405073
6.032892773214723 7.581226463788859 6.120513149215968
5.018329716751175 6.689127699986166 4.147211742635513
3.277547663567621 7.400070244970161 5.3616064637787915
6.032892773214723 6.346633087011835 6.114042324804876
3.277547663567621 6.630738893435911 6.016144455825354
6.032892773214723 7.986230566381593 6.295336588875211
6.032892773214723 7.986230566381593 5.858251147282657
6.032892773214723 7.986230566381593 4.558157436713595
6.032892773214723 6.630738893435911 4.418235077339279
6.032892773214723 5.940507833990875 4.984428702698534
6.032892773214723 6.432937992252199 4.812114667356639
6.032892773214723 6.432937992252199 4.602840647481515
4.236570359729804 6.717302614236473 5.826569215324719
3.9094238064813003 6.9822588473200735 6.1805060355116845
3.570987471504719 6.9822588473200735 5.042109772692965
3.570987471504719 6.163040964317187 5.144119223455577
3.570987471504719 6.453637244510368 5.4248974435677555
