3.6623766247489518 7.649206408314328 5.631125798043895
3.6623766247489518 6.6540881557953355 4.782657474031996
3.6623766247489518 6.514802764207822 4.89305749096867
3.6623766247489518 5.7007363949647605 3.6692684483932503
3.550105519175489 6.28524895100087 4.2816101180177775
6.238363539177051 6.330096358886827 4.8051343909790765
7.622059521276567 6.330096358886827 4.3378756657411435
6.238363539177051 6.769357964675656 6.205395111446433
6.238363539177051 7.622059521276567 5.670813014947952
6.238363539177051 6.829047067552803 6.191474767613799
6.238363539177051 6.70476370071086 5.703397606575407
6.238363539177051 6.621783579705461 4.228097192999667
4.041252278308491 6.2780763983491745 4.527968489345113
4.041252278308491 6.883469892901813 5.753303573283125
6.346466830631368 6.3420851450811995 4.29699183374221
5.6676642667999495 6.817533007281238 4.987809922909984
3.236636874910357 6.817533007281238 4.944197391234527
5.6676642667999495 6.346466830631368 3.8900887293181774
5.6676642667999495 6.346466830631368 4.054270778728295
3.236636874910357 6.0073631723619485 4.604097562158102
4.189353527819527 7.47251563733945 5.03476848103515
4.189353527819527 7.47251563733945 4.478676099111865
6.205065765586749 7.47251563733945 4.32895053868889
4.287795910783977 6.205065765586749 5.342597965908162
4.287795910783977 7.742355967766457 6.237763259185408
2.324289163385768 7.742355967766457 4.41103685968321
6.387063393130774 4.287795910783977 2.088333007094133
6.313723592322386 7.541560933414946 5.345056740169153
6.313723592322386 6.387063393130774 5.538891387022602
6.313723592322386 6.555578789985965 6.007190278094465
6.313723592322386 7.23858608660978 5.930747466926141
6.313723592322386 7.775583919149502 5.630890879408181
6.313723592322386 11.188025998285955 7.001537195654246
6.313723592322386 11.188025998285955 5.533053104287592
6.313723592322386 11.188025998285955 6.483679366689321
4.387272870040469 9.013627872563799 4.790899120426336
5.477093369618341 7.650968001722582 5.50096746036892
4.292919478971804 5.817500993762479 4.9922181593448185
2.450281198371425 6.569553287962179 4.699391860261746
3.9121693040408023 7.797886439012663 5.2736613639580625
3.9121693040408023 7.797886439012663 5.963586421593979
3.9146623093950272 6.9193143943575866 4.25812777749361
7.455984442981244 5.806377671937444 3.094750231801923
2.948993210573516 7.455984442981244 4.542230357984712
2.6350833884578795 7.455984442981244 4.66768428972846
4.184650376786465 6.360049689329497 4.347180479854256
4.067536989461537 6.360049689329497 5.256639616979632
4.067536989461537 4.032085039759462 5.437456805698076
4.032085039759462 7.731471171784799 5.920987406533488
4.032085039759462 7.731471171784799 5.31565905782231
4.032085039759462 6.549863381073795 5.124516489614487
4.032085039759462 6.637707761746917 6.204524299064668
4.032085039759462 6.637707761746917 5.558865498532624
2.806116361272601 6.693027025236571 4.948465896022498
2.806116361272601 6.693027025236571 4.783739961124089
4.377412858547597 7.608895192344457 4.839711523090564
4.377412858547597 7.608895192344457 4.517947268428501
4.377412858547597 7.608895192344457 5.538379080934633
5.413663865128115 7.608895192344457 5.09146953791811
3.155654637482702 7.134512270396085 5.442886868851965
4.326237879712771 6.47813149931854 5.17972385258887
4.326237879712771 9.364101319914795 6.351805729056398
5.200574953183608 9.364101319914795 4.241176139617267
4.326237879712771 6.5625138836338515 5.428137225256266
4.326237879712771 5.927795747609707 5.135106864255058
4.326237879712771 7.507432811103367 5.939212235510868
2.702176183817589 6.2761511436429736 4.3278943052823005
3.1903932985857257 6.3102301793161075 5.319007368019548
3.1903932985857257 7.660113719528358 4.676867337763167
3.1903932985857257 7.660113719528358 4.799414782817441
3.1903932985857257 7.660113719528358 4.9920377309761
3.1903932985857257 7.384955497073257 5.03245323330657
4.350057847500096 6.2654743113298075 4.049492778635644
6.463118871089595 6.143320558030457 4.37878037551617
2.4587565388875636 6.143320558030457 3.787335759683184
7.4319834727385015 6.566059815934171 4.552855259243447
3.3645395336627364 7.750354900708276 5.988756231590984
3.3645395336627364 7.441480491984263 5.700867913983639
5.444403823062647 7.782139492198613 5.441390918255532
3.6843946658467464 7.782139492198613 6.331018292210818
7.093789568201414 7.782139492198613 5.3909957591293605
4.387593793883575 7.466495612214809 5.536472954113837
4.387593793883575 7.331625969369037 6.411135725311474
4.387593793883575 3.416976720051928 7.9810522225446565
2.6469856527280773 6.368255688017303 4.71157999445905
2.415745372484246 6.30201683428383 4.872984155629661
5.242908423524611 5.795335299490748 4.232768829752947
5.242908423524611 6.158211938357542 5.382009259271195
2.6469856527280773 5.969643602810052 4.352977647733963
2.6469856527280773 7.254711804760991 5.03932235922354
2.6469856527280773 8.408341925098087 5.99576506693552
2.6469856527280773 8.408341925098087 5.688242715952075
1.683686150126395 8.408341925098087 4.664628410897831
1.683686150126395 6.810446033018291 2.8154795547071685
1.683686150126395 6.810446033018291 2.8112043582252477
5.355219110477616 6.162304838850808 3.21323248953567
5.355219110477616 7.324341448839446 5.52550621193809
5.268155885459297 6.316162109535156 3.6213031799085815
1.683686150126395 5.839795256624278 4.656075805690532
1.683686150126395 6.562667138726621 5.093087235804837
