2.6103969978305206 7.686823350439246 5.342434177935026
2.6103969978305206 7.4061462130643125 5.241810717286142
2.6103969978305206 7.4061462130643125 4.798888368061822
2.6103969978305206 6.96115656281351 5.2019096084705545
2.6103969978305206 6.167025819632467 4.868472105311919
2.6103969978305206 6.54645084406414 5.104850321222442
2.6103969978305206 6.54645084406414 5.874053027828165
2.6103969978305206 6.54645084406414 6.256849854284988
2.6103969978305206 6.54299764439623 5.260757029430521
2.6103969978305206 6.231176507862024 4.825839961354489
2.620827731004962 6.231176507862024 3.695062395794007
4.134905056634306 7.085956617719523 4.4877758484714265
2.620827731004962 8.17849028518999 6.626829179913683
2.620827731004962 6.630197836994192 3.837886652806046
2.620827731004962 6.264025205512279 4.901335865585835
2.620827731004962 6.659125152941478 5.440556284951786
2.620827731004962 7.6775712475724855 4.735286976077961
2.620827731004962 4.215057771633507 3.335070829593518
2.620827731004962 6.418891838498126 5.2732369218814945
2.620827731004962 7.268324436448136 4.968659992018029
2.620827731004962 5.66666041970198 4.23102779517998
2.620827731004962 6.61892322079359 4.647882636134252
2.620827731004962 6.673595785322316 4.8482689309132345
2.620827731004962 6.673595785322316 4.302793007400389
5.734089614281146 7.353601654955693 4.476975094253377
2.620827731004962 7.353601654955693 5.692617668078717
2.620827731004962 6.141479314887199 5.615072439940837
2.620827731004962 5.925108504417157 4.759197106066778
2.620827731004962 7.752666883029333 5.9254528414134775
1.7168814279427385 6.4675721136422695 2.810754924988351
1.7168814279427385 6.4675721136422695 3.8139159965534537
1.7168814279427385 5.9673137326486305 3.9936582025697214
1.7168814279427385 6.175290183588789 5.893529556862626
5.878728028135161 8.256480279701517 6.298235479139307
5.828914911075749 8.256480279701517 3.53499034172018
3.210227947866493 8.256480279701517 4.77893240416623
1.3940758875230945 7.5911727077078 5.054739845498144
5.9660376968646744 7.653575704570068 5.7031874274390235
3.320557925122501 8.833641836073927 3.9256991455748205
6.602173596226713 5.668622250103905 3.2994833156955496
3.0857359323220526 6.602173596226713 4.60829898664441
3.0857359323220526 6.602173596226713 6.099832846423263
3.0857359323220526 7.212271201848976 6.005456477978607
3.0857359323220526 7.212271201848976 5.573476589365165
3.0857359323220526 7.212271201848976 4.4998552931356945
3.9452593757519527 7.7373737150388155 4.920518572707515
7.2511717689665165 7.7373737150388155 3.992838445034384
3.0857359323220526 7.2511717689665165 6.133648025643729
3.0857359323220526 5.855865464008485 5.224783504371182
3.0857359323220526 5.855865464008485 4.600857157672189
