2.8075286466842546 7.544303601378623 5.033493657188699
2.8075286466842546 7.544303601378623 3.7052132785252585
2.0264600656319556 6.454965830991789 5.413206520323269
2.0264600656319556 6.638375431457614 4.651371916619804
3.7955703403921253 7.647130906961806 3.8308461864423613
3.407158428467373 4.722888440413264 5.893414025638288
3.407158428467373 5.406804626581248 5.203756994019846
3.9515207646246187 8.363493040843752 5.605992490200311
3.657826025957935 8.363493040843752 4.76606273448802
3.657826025957935 6.126242228546005 5.378568246877523
3.657826025957935 8.329692807848732 6.819175983666558
3.657826025957935 8.329692807848732 5.947982131949585
3.657826025957935 8.329692807848732 5.706697067586751
3.657826025957935 6.3012298021004405 5.755309667584063
3.657826025957935 5.9612950658945785 6.568863093537992
3.657826025957935 7.500721956117015 6.384096141125721
3.6066239146513372 7.500721956117015 5.236384284378873
3.6066239146513372 6.6202417145334245 6.088212811805534
3.6066239146513372 6.6202417145334245 4.077610327681212
3.6066239146513372 6.631951880121669 4.551290423995852
3.6066239146513372 6.631951880121669 5.385026403563318
1.5103449871543373 5.87982571933863 5.015265419336411
1.5103449871543373 5.87982571933863 4.257754934188298
1.5103449871543373 6.120034498183294 4.7007061533499614
1.5103449871543373 6.120034498183294 4.656223661879303
1.5103449871543373 6.434015983870442 6.182437104101939
1.483590347175309 7.5442645533988575 3.3152170941869117
0.42886185171025604 5.4350323745469495 2.193377403053522
0.42886185171025604 5.083347220418613 2.480877670563069
2.3236956409015943 6.081821100320269 5.016755058971448
0.42886185171025604 7.219713720226075 4.4529699186037295
0.42886185171025604 6.081821100320269 4.363330546122474
0.42886185171025604 7.405681599189052 4.69609888750285
0.42886185171025604 7.405681599189052 3.9459322545375057
0.42886185171025604 6.330593363767779 5.283318299329219
0.42886185171025604 6.330593363767779 2.866171101185502
0.42886185171025604 6.623570078891113 2.3692077419643183
0.42886185171025604 4.229781798433947 3.313163824165179
0.42886185171025604 5.59866136193688 4.859450294638839
0.42886185171025604 6.177270991183452 5.208846488268147
0.42886185171025604 6.674977812182782 4.181435874259169
0.42886185171025604 6.782219311749611 4.351095455032907
0.42886185171025604 5.577025486525983 4.271678451530193
0.42886185171025604 5.0934673195635085 3.464506770692405
1.0673192013238908 5.680439522141327 2.9822355745731937
5.435009766004406 5.693407016491047 2.582104466026176
6.202470789496932 5.435009766004406 2.9751958947642962
3.2273471708733337 6.557252210425979 5.197425173742012
3.105256133899545 7.359711252829284 5.761993149407669
3.105256133899545 7.359711252829284 5.2171853509647645
