1.8686076718999485 7.766967776516738 5.449946823931027
1.8686076718999485 8.7589503572513 6.674227280082379
1.8686076718999485 8.7589503572513 5.361004564308391
1.8686076718999485 5.881140379846304 4.65291390558442
1.8686076718999485 5.984301874750749 5.0060386781393555
1.8686076718999485 6.577260881517862 5.007430284676727
1.8686076718999485 6.577260881517862 4.2291864286281795
1.8686076718999485 6.577260881517862 4.843956938756154
1.8686076718999485 6.334775567429919 4.052280706387694
1.8686076718999485 5.839953963165794 4.697773331418589
1.8686076718999485 7.941556495261823 5.887694561212901
1.8686076718999485 5.839953963165794 4.6037728753492715
1.8686076718999485 5.725129644015578 4.263112781361639
1.8686076718999485 5.677757816581984 4.02274809762453
1.8686076718999485 5.677757816581984 4.408602462160152
1.8686076718999485 6.323686997001907 6.037864223708315
2.800434308184887 7.579773486357766 2.624997977196253
2.0975108620260063 4.216340506878357 3.1448516101898734
2.800434308184887 6.309811566291703 4.380782606102578
2.0975108620260063 5.986904257213599 5.122577143450058
2.0975108620260063 6.74333942554809 6.134376069091221
2.0975108620260063 6.74333942554809 5.863493257353217
2.0975108620260063 7.246368883790318 4.850618879377246
2.0975108620260063 7.256010732308939 3.929609164708763
2.0975108620260063 7.1524535649736745 6.335996244257157
4.08653237005289 7.1524535649736745 4.4928863460130914
1.8950374384671673 7.356957801542286 4.01235291525957
4.08653237005289 5.181540661853166 4.4449845189124115
4.08653237005289 7.581022970415541 5.978219688844233
4.08653237005289 7.581022970415541 5.475926443750996
4.08653237005289 6.5235367745549695 5.790701142548401
4.572043040860059 4.08653237005289 3.7764942216620456
2.88908028588487 6.649789441105057 4.478703989867977
1.0177194985472728 6.649789441105057 3.3439101909815916
1.0177194985472728 6.428901381227099 4.26263046039914
3.405045853996008 6.428901381227099 4.113645208349461
2.7417229674627 6.428901381227099 4.226089326655195
2.7417229674627 6.201186355851394 3.8251900815211037
2.7417229674627 6.418496286926679 5.760480883125865
2.7417229674627 6.418496286926679 3.608178338041912
2.7417229674627 6.053640304701656 4.5236504610735
2.7417229674627 6.329246152424471 6.0536280413349735
2.7417229674627 7.325498104456965 5.934605407650485
2.7417229674627 7.521034876506604 5.03308989234865
2.7417229674627 6.248267426321469 5.005945632446722
2.7417229674627 7.688078802412914 6.5547588793599125
2.7417229674627 7.688078802412914 6.115334804678892
2.7417229674627 7.404186364942019 4.3809684746330415
2.7417229674627 7.404186364942019 6.023179668216666
2.7417229674627 7.404186364942019 5.567450739815188
