5.944773919129151 7.578659715413915 5.444994803659157
5.944773919129151 7.58332608262212 4.9747730265960435
5.944773919129151 6.337264828846589 5.497618390842663
5.944773919129151 6.378975304767689 4.807280217050531
5.944773919129151 6.272937425456618 5.079892246541429
5.944773919129151 7.717429154002074 5.521021620970895
5.944773919129151 7.122467353870011 6.425207439745012
5.944773919129151 7.590688859134623 7.141527926624531
5.944773919129151 7.590688859134623 3.9535761731065735
5.944773919129151 4.703747157381859 4.151816811567969
5.944773919129151 6.302771757747347 4.614923339690348
5.944773919129151 6.852733331532804 5.354333072951928
5.944773919129151 6.852733331532804 5.386097685020806
5.944773919129151 6.469185436362469 4.39053286400494
5.944773919129151 7.747651343870668 5.835576507966748
5.944773919129151 6.7237228958749515 4.595997713391765
2.8582122949115534 5.944773919129151 4.041951469103226
2.873962747064301 5.944773919129151 3.0114839423060236
2.873962747064301 7.5944540757319565 5.810792515978239
2.873962747064301 8.985091090278274 6.985036518854957
2.873962747064301 8.985091090278274 7.088555131628566
2.873962747064301 8.625288973161025 5.1467482260228845
2.873962747064301 5.907119660801634 3.748297906729083
2.873962747064301 5.305408612413451 4.1653511653056965
2.873962747064301 6.487815314569687 4.822836743152078
2.873962747064301 7.453457102006686 5.509377834576042
2.873962747064301 9.244127901750316 7.252164498419489
2.873962747064301 9.244127901750316 5.687131198900351
2.873962747064301 9.244127901750316 5.374776134330321
2.873962747064301 5.994957406191503 4.517807473792588
2.873962747064301 7.109646976472838 6.64461145386954
2.873962747064301 7.594388669919281 6.040644831713265
2.873962747064301 9.334605811823879 10.049244015736324
3.145221977929151 10.649069586806197 5.044873817997388
3.145221977929151 5.865412487192533 4.807687699006658
3.145221977929151 9.274908000325766 6.302193767467341
3.145221977929151 9.274908000325766 7.366834847947169
3.145221977929151 9.274908000325766 5.71332639654586
3.145221977929151 7.585450147179078 5.5079402488475155
3.145221977929151 7.585450147179078 5.225796522289464
3.145221977929151 7.672693620822908 5.471106118193401
5.879751164699435 7.672693620822908 4.4747781514332345
3.7477101826339205 6.368575445338411 5.9782622339903515
3.7477101826339205 6.4034439599879605 5.229799821143777
3.7477101826339205 7.352067147193916 4.481311476651591
4.520582693236111 6.358964223640378 4.299643259991684
3.1212529142323686 6.431751095885829 5.376384478684673
4.520582693236111 6.431751095885829 3.4676223232681194
2.9611072927221334 6.049036346877642 5.425587120758881
1.0909231741700087 6.049036346877642 2.5304112818305926
