5.671159641715949 7.684389294328357 5.584546216345758
5.671159641715949 9.27518425207733 7.371985611715618
3.393099581065091 9.27518425207733 3.575484873784648
3.393099581065091 5.58137216099399 4.89660040652488
3.393099581065091 5.9401018995063595 5.343752886363164
6.10302485428798 6.7891589079739845 4.90401220707358
3.393099581065091 6.906419957923347 6.247393171130579
3.393099581065091 6.209596329905686 5.021038338082932
3.393099581065091 5.711148878348219 5.614775559929343
3.393099581065091 6.350323309352358 5.799348292779619
3.393099581065091 7.313367508702244 5.173725172379269
3.393099581065091 7.608103817188603 6.7119406914442825
3.393099581065091 7.608103817188603 5.650350431825941
3.393099581065091 7.426222649702645 6.835064975337729
3.393099581065091 7.719724645104096 7.355111157419546
3.393099581065091 7.719724645104096 6.030558132404259
3.1518341237666445 7.719724645104096 4.366392703564759
3.1518341237666445 6.6616820997602915 6.312030892552783
3.1518341237666445 6.6616820997602915 5.090258864709358
5.848313753010718 5.965615314096276 2.857300247802321
1.273245384091887 7.416923179120403 5.7036352162549235
2.9153512143932194 6.418796622238652 2.7631772925443765
5.848313753010718 5.542463409792653 3.298781767016551
5.848313753010718 5.542463409792653 3.793659249206216
5.848313753010718 4.7107533800843555 4.0951631609949795
5.848313753010718 7.305497409261179 4.793245727122526
5.848313753010718 7.305497409261179 5.839364711846684
5.848313753010718 7.305497409261179 5.690660262534798
5.848313753010718 6.999239070574003 6.14431268133497
5.848313753010718 6.625690646429131 5.349352566250421
3.9165274531900818 6.633023061553178 5.317496569961033
2.5737565403349802 6.633023061553178 4.2785226917923715
3.1168726423913857 6.621836835271598 4.618020246925184
0.38893903970828747 6.621836835271598 2.835080640393364
3.1168726423913857 6.550637698227931 4.561757179204768
3.1168726423913857 6.550637698227931 4.004575696425672
3.1168726423913857 6.157155356552888 5.019740598588099
3.300627990546538 3.1168726423913857 4.381516866410204
3.300627990546538 6.3901205006997905 5.517496025969189
2.768639662781624 6.3901205006997905 3.8116510440012457
2.768639662781624 5.851271391323571 4.170242559219507
5.422938756013906 6.710915730666468 5.666234668445603
5.422938756013906 6.710915730666468 4.997322992730415
5.422938756013906 10.513079163358682 7.040820085776906
5.422938756013906 6.616079705753609 4.89279436802113
5.422938756013906 6.616079705753609 4.899412280460982
5.422938756013906 6.7165400498075165 5.030554758971769
1.4695589749789275 6.640973223881968 4.953398145570365
1.4695589749789275 6.118849326830269 5.002880294974941
1.4695589749789275 6.340453501684912 5.465742618407488
