3.966194389618217 7.781675776445821 5.699981391426402
3.8339134616242707 6.340664346231314 4.450394881006178
3.0158211584060344 6.052998951675399 3.5785592529104053
3.0158211584060344 5.820963658386891 4.4005662647322055
3.0158211584060344 5.626287838780797 4.659605558080258
3.0158211584060344 7.094899060817534 5.584211777416974
3.0158211584060344 7.640468800645911 6.364516179381654
2.9741546266627563 6.310800809225416 4.137530115108574
2.9741546266627563 5.645560507801026 4.261562219297555
2.9741546266627563 5.552389371509133 4.2148392409119895
2.9741546266627563 5.552389371509133 3.2839093797245322
2.9741546266627563 6.337910826216188 4.6114929510880005
2.9741546266627563 5.157556198036733 3.2527204950037305
2.9741546266627563 5.615109708997817 4.3678655650083265
2.9741546266627563 6.980279724878763 4.380103100077102
2.9741546266627563 7.236468931103367 4.926617478886089
2.9741546266627563 3.2765657449985857 5.018823086880385
2.9741546266627563 6.576332026831729 6.014101990937324
2.9741546266627563 6.576332026831729 5.925707190519846
2.9741546266627563 7.7135871156960825 6.179038825650545
2.9741546266627563 7.7135871156960825 6.153798686574013
2.9741546266627563 6.434658932327036 5.524612742773911
2.9741546266627563 6.121010167606009 6.540877586199864
2.9741546266627563 7.622827937113545 6.329078875174372
2.9741546266627563 7.622827937113545 4.876065793065837
2.9741546266627563 5.818681077367849 4.80494532235805
2.9741546266627563 6.073615790627873 5.873835259479286
2.9741546266627563 6.207941533394649 5.864026320447652
2.9741546266627563 7.462899962467446 7.136833320889834
1.219634892704438 7.462899962467446 4.872651242702295
5.433692751190097 5.3365018856025905 5.282957778782898
2.9741546266627563 9.076079054509503 6.680230461806176
2.9741546266627563 7.705622349141425 5.887662885977362
2.9741546266627563 7.705622349141425 6.5383876208155565
2.9741546266627563 6.188383013800166 5.206376455648174
2.8762580810737117 6.207645749867293 4.891918224771451
2.8762580810737117 7.582916431280735 6.668664540831674
2.8762580810737117 7.582916431280735 5.172155166945725
2.8762580810737117 6.3871515918373305 3.8459649128803632
2.8762580810737117 5.183130795929593 4.29205707955617
2.8762580810737117 6.310125080495919 5.1879400627752315
2.7628862960634533 7.704250243954931 5.66945239776907
2.7628862960634533 6.001422963210931 5.150804035445138
2.7628862960634533 5.895665185798034 4.271781837897003
2.7628862960634533 6.257800881980991 4.440580151902085
2.7628862960634533 7.590674249423822 6.242849874053762
2.7628862960634533 6.980977570527873 6.5015022702697705
2.7628862960634533 7.57173941209302 6.411877949332075
2.7628862960634533 7.57173941209302 5.228777048842663
2.7628862960634533 7.57173941209302 4.529893743454292
