3.0239570429767366 7.6174753464716325 5.61039376967231
3.0239570429767366 7.458825268723661 5.793134576556683
3.0239570429767366 7.594098803142556 5.726438713626759
3.0239570429767366 7.594098803142556 5.585953773443234
3.0239570429767366 7.594098803142556 5.228352008977685
3.0239570429767366 7.120924940392806 6.247569115547515
3.0239570429767366 7.0701934124193375 4.7152596686188835
2.8555824366986227 6.525082747600898 4.624720386734063
2.7123636841509513 6.525082747600898 3.960023427462173
2.7123636841509513 6.426837892070079 4.153899161847311
6.260231629007837 6.426837892070079 4.404586559515039
6.260231629007837 5.51588215692092 4.384905554409277
6.260231629007837 5.51588215692092 4.538295978633193
6.260231629007837 4.910622931673654 4.455124712621498
5.137724365800533 6.260231629007837 4.466194403829105
4.488341952822999 6.71220585139978 6.319319964126265
4.488341952822999 4.985862950594779 6.795497720980672
3.4625713057784435 6.71220585139978 4.833959059081744
3.4625713057784435 8.134052880851867 6.912933389427712
3.4625713057784435 8.134052880851867 4.976939409216723
3.4625713057784435 8.134052880851867 6.24262040976108
3.4625713057784435 6.681857306988029 5.45016128089601
2.9400473544735033 7.617433107158094 5.185412584791945
2.9400473544735033 7.617433107158094 4.1894046479
2.9400473544735033 6.620541284503812 5.839156288316965
2.9400473544735033 7.725298811281204 6.808211554185284
2.9400473544735033 7.444206334566367 6.565422619475429
2.9400473544735033 7.457826830082876 6.88367618309293
1.358673282525189 7.457826830082876 4.149372765711806
3.6090828000943564 6.282905744289973 3.5190240279408544
1.358673282525189 5.435340029162173 3.1668987993951827
3.6090828000943564 4.419363244771969 2.7489525643280994
3.6090828000943564 6.705858526340197 4.406863799182733
3.6090828000943564 6.705858526340197 5.314849825347912
3.6090828000943564 5.457298941001699 4.668582079819363
3.6090828000943564 5.343726065208976 3.9561651285356523
3.6090828000943564 7.056921755254988 5.722774534405919
3.6090828000943564 6.965299633300761 4.722954702087849
3.6090828000943564 6.590605078073757 5.880951267505481
3.6090828000943564 6.590605078073757 4.6643053637893805
3.6090828000943564 6.263661200105762 4.747774323271848
3.6090828000943564 6.418619154485132 5.443632915704545
3.6090828000943564 6.418619154485132 5.058802401368984
3.6090828000943564 7.716391410130621 6.306831938589365
3.6090828000943564 7.716391410130621 4.680917185471314
3.6090828000943564 7.716391410130621 4.792721977068635
3.2751498366437883 7.332618738096686 5.180278285836192
3.092091088748717 6.0036262612604325 3.444472642865165
3.092091088748717 6.077613537348093 4.499102975110825
3.092091088748717 7.409267713497574 6.6037592325705985
