3.635707162143252 7.641125201532267 5.286715793365416
3.635707162143252 5.677043668260215 5.272191335321416
3.635707162143252 6.522335349897961 4.833918764089566
3.635707162143252 6.639864099492232 5.312836163997215
3.635707162143252 7.6101322009949115 6.72230764463664
3.635707162143252 7.6101322009949115 5.692072358590938
3.635707162143252 6.344909577456125 4.380497521994149
3.635707162143252 5.295331495053116 4.608166512666038
3.635707162143252 6.018243414431584 5.1684508511044385
3.635707162143252 6.018243414431584 5.106935489385902
3.635707162143252 4.561684963296312 5.850030171454083
0.28543101788938374 9.135355800162204 4.911814054262094
7.553528294182215 6.812662088006142 4.043340395044314
5.108497721935333 7.553528294182215 5.9485432763177
3.8482142743771885 7.553528294182215 4.128748214920082
3.086513581967648 4.808252965449508 3.927508502357904
4.024323291846596 7.1354938026075505 4.443250180942429
3.086513581967648 7.447945449395625 5.0176376955118345
3.086513581967648 6.337371389616518 3.695165816560382
3.086513581967648 6.253946064614894 5.271594655885178
3.086513581967648 6.3217397768515085 5.819244808551945
3.086513581967648 6.2505645778888415 5.295678275509724
3.086513581967648 6.6268102054830536 5.739805154287443
3.086513581967648 8.312910868020914 7.027966577216059
2.595789960765203 8.312910868020914 4.968573121574697
2.595789960765203 6.106618827954392 3.8989576222365714
0.2746388340521375 6.325872152958713 3.3155304786779016
2.902090396251378 5.726049223440548 4.0443112743307434
2.902090396251378 4.162816735813365 2.8582039393242393
2.902090396251378 7.036002901693209 5.161460986203443
2.902090396251378 7.036002901693209 5.188320583434104
2.902090396251378 8.663833891767297 6.575410078823974
2.902090396251378 8.663833891767297 4.549498998201042
2.902090396251378 6.666338180147484 5.575094210506847
2.6112792720082614 6.606201623834494 5.540706266519221
2.6112792720082614 6.606201623834494 5.6374542830437795
2.6112792720082614 6.499259320287159 5.1617095582333885
2.6112792720082614 7.599416611383834 6.775966687266841
2.6112792720082614 7.530181027937942 5.739016340436543
2.3966153563317794 7.674973289430076 4.273546429296273
2.3966153563317794 7.674973289430076 3.5116211567873767
2.3966153563317794 7.244434130046752 5.717834393748598
2.3966153563317794 7.244434130046752 6.159915898838461
2.0124742710964587 6.19787038934907 4.201443480176373
6.188160295538712 6.16907863507387 4.460728764055554
6.188160295538712 7.3788782772344845 5.004631286543417
6.188160295538712 6.25629559493003 5.5726037402282005
6.188160295538712 6.152098738405368 4.30272421405267
6.188160295538712 5.927463726550187 4.588174283375696
3.0852177884876686 6.807198392864313 4.985072543578088
