5.668610257030618 7.123131944738686 5.070528539687748
5.668610257030618 2.1818338714462766 1.1406574650755523
0.012887426572163907 5.668610257030618 2.8530159080554736
0.012887426572163907 0.012887426572163907 0.012887426572163907
0.012887426572163907 3.185417031057075 0.25692816537869534
0.012887426572163907 4.886989913153496 2.4671154216006554
0.012887426572163907 2.7703438685821777 0.11894344357254906
5.626975085200776 5.413043087541958 2.5052669624043764
0.012887426572163907 5.626975085200776 3.389677621987877
0.012887426572163907 5.255201497936429 2.432416997971055
0.012887426572163907 0.012887426572163907 0.012887426572163907
5.102435947290861 2.5392498628069124 0.9845652866624515
5.666620944541911 5.102435947290861 2.559593364211772
0.618855228390562 5.666620944541911 2.976744890717406
0.618855228390562 5.666620944541911 2.8980727627325256
0.618855228390562 3.2474192886373427 2.8028210353794445
0.618855228390562 4.675450365534861 3.2573384307113806
0.618855228390562 5.0057211363430305 2.7105014002060894
0.618855228390562 1.9939701745660163 1.2006346286955616
4.897240021261236 5.626880328853883 3.756902570302113
4.897240021261236 5.626880328853883 2.731703637271538
4.897240021261236 2.9348012769955543 2.8160641413981016
4.897240021261236 5.146076012269745 3.675267242720401
4.897240021261236 5.6497353339151 3.738027209955325
1.1154168153023005 5.805045258174918 3.6998205386443694
0.7272447366645278 5.805045258174918 2.5041076884955586
0.7272447366645278 1.1154168153023005 1.0407683386411901
0.7272447366645278 2.9245632985185286 1.2889566675445798
0.7272447366645278 5.618986039399921 3.0972721680869344
0.6302419839682334 5.618986039399921 0.9799947789685177
0.6302419839682334 5.820128263582202 2.7550949242275324
0.6302419839682334 6.305355784678397 1.1402278473750909
0.6302419839682334 0.8910668310238106 0.7012739353625388
0.6302419839682334 7.241253340823322 3.1847559396920184
0.6302419839682334 5.766631526431418 2.8086654603867554
0.6302419839682334 3.2346062231903123 1.637637244374522
0.6302419839682334 5.121091204441296 2.192194076384389
0.6302419839682334 5.742374190219305 2.596873552519318
0.6291805914745976 5.718749576665925 1.93258386683643
0.6291805914745976 5.601183862389423 4.8601363279820555
0.6291805914745976 2.77902084290081 0.8772390820237757
5.388680520390796 5.636572146229987 2.839266494668603
5.388680520390796 5.7327929253445475 5.399886436763804
3.158317481731974 5.7327929253445475 4.69542051682588
3.158317481731974 7.613911696858983 5.433901957036824
3.158317481731974 7.958277279460084 5.742233135015791
3.158317481731974 7.958277279460084 4.2700756972933025
3.158317481731974 4.56721435604322 4.379670743258977
3.158317481731974 6.627162880731603 5.076211098662084
3.158317481731974 9.754198761289311 5.939028552167371
3.158317481731974 6.394322218840021 4.607481126116814
3.158317481731974 6.394322218840021 5.943138088563336
3.158317481731974 6.394322218840021 5.342925042938822
3.158317481731974 6.394322218840021 4.031047873366277
1.4590642041394344 3.8828557245155975 2.785309443365368
2.622059725093106 5.738998601642027 2.582631211530127
2.622059725093106 4.038833410730948 3.482792793909683
2.622059725093106 2.638779157089545 2.1575637543085104
2.622059725093106 3.1995643302036787 2.1543502344410537
2.7505232532345656 2.622059725093106 0.3906978940971231
2.622059725093106 6.526592405912069 4.617712027370319
2.7505232532345656 6.651304309186408 3.5691674889215426
2.622059725093106 5.661952066933278 3.635813788926783
2.622059725093106 2.8597167941704353 2.384905467233261
5.579789496599869 3.1961331645733293 1.7545982558272004
4.555191371060069 5.579789496599869 3.0372562740070914
2.622059725093106 5.570091031873535 4.724390430196289
3.5058422446409527 5.570091031873535 2.3701133559791994
3.0766950404193563 3.5058422446409527 2.4347644713865195
3.0766950404193563 2.622059725093106 1.9557422749521238
3.0766950404193563 5.986276607138695 2.9155582977489334
3.0766950404193563 5.402760172017718 3.579715436321297
2.1164744446047696 6.173206205284195 4.90914239676464
2.009846035696587 6.173206205284195 3.653294941338078
4.262795855045255 4.728775634632726 3.08738708373886
0.7261305840566874 4.728775634632726 2.590080999507689
2.302625918815647 3.4418859860129705 1.0733348988954443
0.7261305840566874 2.670969704260536 1.7631507413793182
0.7261305840566874 5.543645386071898 2.984529907033294
0.7261305840566874 6.425389606438618 3.70279170429346
0.7261305840566874 2.442005955749384 1.4483529750952404
0.7261305840566874 5.682375163941849 4.433192924493337
0.7261305840566874 5.682375163941849 3.266321947306375
0.7261305840566874 4.295997685516944 2.800771210810516
0.7261305840566874 3.6540810971241773 3.27099676041886
0.7261305840566874 5.2921354089697665 3.4242252250604888
0.7261305840566874 5.61929383831551 4.226731543066547
0.7261305840566874 5.61929383831551 3.4792896028617326
0.7261305840566874 4.585367841226397 2.7049228649877146
0.7261305840566874 5.412361838784509 2.854453450133363
0.7261305840566874 0.7261305840566874 0.7261305840566871
0.7261305840566874 2.66114921398987 1.470368518646373
0.7261305840566874 0.7261305840566874 0.7261305840566871
0.7261305840566874 2.810437958926347 2.288782117261219
0.7261305840566874 2.810437958926347 1.6384873245762992
0.7261305840566874 1.2817757793216207 0.7475015531053384
0.7261305840566874 5.779840380449201 3.603958184794689
0.2635418532254161 2.6987438530465835 1.4989347273987417
0.2635418532254161 0.2635418532254161 0.26354185322541596
0.14925725159795578 0.2635418532254161 0.21958623721485435
