2.8524031895908455 7.768929332490792 5.189645482448595
3.597633337698231 6.641931397437332 4.222534728102919
3.597633337698231 6.600766600699103 5.593718351511645
3.597633337698231 5.578735034904927 3.750025775944899
3.259526048792225 3.597633337698231 3.532612705216306
3.259526048792225 5.193151542101848 4.185285932553006
3.259526048792225 6.71307467201596 6.114414393833319
3.259526048792225 6.71307467201596 5.520197918343468
3.259526048792225 6.454811973737666 4.321197157130595
3.259526048792225 6.203249151699552 4.619996746988553
3.259526048792225 6.203249151699552 4.7431423109436395
3.259526048792225 8.577360297471554 5.1861972816759785
3.259526048792225 5.22048410085079 3.623317677860199
3.259526048792225 6.780154029102686 5.843493217442829
3.259526048792225 8.947758044287571 6.839334263662532
2.7780932501677147 8.947758044287571 4.469297612804822
2.7780932501677147 7.76169276152393 6.130380136641046
2.7780932501677147 8.027320104508423 5.534135011190906
3.1600337207857128 7.76169276152393 3.3086319590398334
3.1600337207857128 5.884277834871643 4.01882183584216
3.132851484980375 5.884277834871643 4.632745276747013
3.132851484980375 5.267845398073394 4.604237500629486
3.132851484980375 5.733270619040294 5.4804629981906
3.132851484980375 5.733270619040294 3.6378716930867467
3.132851484980375 5.733270619040294 4.2606576099765725
0.142579301619421 9.72490716203823 6.164916486304942
5.6698322956514495 6.797423889956264 2.1036134687144257
2.9161959187531434 5.6698322956514495 0.7150893982555443
0.142579301619421 2.9161959187531434 0.9959997991990276
0.142579301619421 5.429741096857761 2.3794554457587185
0.142579301619421 0.3288860801015727 0.22856704553426016
0.142579301619421 5.222452575710204 2.3199225853364513
0.142579301619421 2.873255335057618 1.8671949895401818
0.142579301619421 2.6768340616140915 0.8895653211986385
0.142579301619421 5.66777748044553 4.3281755279116405
0.142579301619421 6.3529446672289644 5.4321146840801156
0.142579301619421 6.086890452315739 5.323881824621201
0.142579301619421 6.51668437105484 5.161768771335529
0.142579301619421 6.51668437105484 1.4034141697446714
0.142579301619421 0.26413204850376504 0.19400546376279723
0.142579301619421 3.6581005311541372 1.3641656021077588
0.142579301619421 5.57683562919291 3.7032673001758036
0.142579301619421 3.225266758481102 1.6317322018253348
0.142579301619421 5.590286289546185 2.3404159016386283
0.142579301619421 3.0097581597577343 0.29643923715679316
0.142579301619421 3.0097581597577343 0.8059219400894608
4.909904627970818 1.5705713110682784 0.1975020712136078
4.909904627970818 3.4257514571623564 2.709498302636327
0.142579301619421 4.909904627970818 2.9073425851100154
0.1047276214337498 0.142579301619421 0.1265651292331755
7.4084934876981094 3.1535734381064384 1.2773606278463225
2.888291162710296 7.4084934876981094 2.118959841453088
0.1047276214337498 2.888291162710296 1.0682688472602464
0.1047276214337498 4.424792224659932 2.098603592153527
0.1047276214337498 5.298815297157091 0.4706565552395005
0.1047276214337498 5.663981288557984 1.1941383029713104
5.606153000965488 5.53478699688392 2.2593895750135404
5.606153000965488 5.332107154002557 4.469937042000874
5.606153000965488 5.788280562572464 3.272270230664623
0.1047276214337498 5.606153000965488 3.41140934794363
0.1047276214337498 3.243109590618787 1.516419859942
0.1047276214337498 0.3229072754516591 0.289341174833519
0.1047276214337498 4.259391043533942 0.9188536850793978
0.1047276214337498 3.6318458014623087 3.0851287878774207
2.4940137587589857 3.6318458014623087 1.5335467237076987
2.4940137587589857 6.457492578678536 4.050483316446963
0.1047276214337498 5.0560052815552154 1.128864478415272
0.1047276214337498 5.96124842116016 2.8077372213074794
0.1047276214337498 0.36561228414825964 0.1950338508349262
0.1047276214337498 4.8849465563776135 2.3109825144847647
3.239300483239902 4.886427124525859 2.311665853630109
3.8932465870000077 3.242065089647984 2.8919559064056535
3.8932465870000077 6.230321011322662 4.358700758817511
3.8932465870000077 6.491981936696426 4.630559428641984
3.8932465870000077 7.995531535184412 5.643984202136455
3.8932465870000077 7.995531535184412 3.0916831914563336
3.8932465870000077 3.93850347555415 3.0504845122486923
3.8932465870000077 4.586457684908279 3.801229420580863
3.8932465870000077 6.542209646747086 4.636161239883166
3.8932465870000077 4.300269681947011 3.8844540362656463
3.8932465870000077 4.000580475415266 3.9057429022675767
3.8932465870000077 5.3290676912715185 4.4245837396843966
3.8932465870000077 7.535756138743844 4.019560351459687
3.6037827545113683 7.535756138743844 4.133725146316573
3.5385061613171342 4.473986444881508 3.7878532381731014
3.5385061613171342 6.133405977629938 4.962365752090306
3.5385061613171342 7.639784581296315 6.0903331121182225
3.5385061613171342 8.20728346821174 6.69615557233441
3.5385061613171342 8.20728346821174 4.798538231743128
3.5385061613171342 6.134892746319139 4.631972329134738
3.5385061613171342 6.051660646487804 4.678637806617469
3.0848141425849076 6.06677750240636 4.579492488595795
3.241585477773637 6.06677750240636 3.4979719066739268
3.241585477773637 6.640897351822009 4.473021027315401
3.241585477773637 6.670327194691662 3.938709011137237
3.241585477773637 4.963772317565322 2.2827582057752656
3.2639858625830986 5.561241563986446 2.8521629272236813
3.2639858625830986 2.3081677566194228 1.2190318777799054
5.277610071843668 3.2639858625830986 1.793920730203014
0.4203322332975934 5.560031312113395 2.9684570619155153
