3.0113230966129305 7.731018422518778 5.141800984352435
3.0113230966129305 7.383186432615339 5.065252965984181
3.0113230966129305 7.383186432615339 4.949532129953297
2.7082369621634013 6.661581488080589 4.085858785135868
2.7082369621634013 6.661581488080589 4.317689121706544
2.7082369621634013 6.3209348832113506 4.880562277750934
2.7082369621634013 6.32107036887032 5.127134869553729
2.7082369621634013 6.32107036887032 4.30024814209879
2.7082369621634013 6.131282555119071 5.487737354629305
2.7082369621634013 5.899040547797565 5.301024475807051
2.7082369621634013 6.639558691431212 6.021048706402818
2.7082369621634013 6.561861028116461 6.122391478711597
2.6223083808948613 6.639558691431212 4.3225900770924985
2.6223083808948613 4.999877232364206 4.2989458870847255
2.6223083808948613 6.6226645183073245 4.987935741185708
2.6223083808948613 8.494128086077735 6.330820193696591
2.6223083808948613 8.494128086077735 3.9084373688826024
2.6223083808948613 6.3993410111914315 5.037225245909618
2.6223083808948613 6.698047709997397 4.902575893968957
2.6223083808948613 4.365219760647349 3.689670409484359
2.6223083808948613 4.569078972710841 3.837197600912182
2.6223083808948613 5.936853907319605 4.340399430842455
2.6223083808948613 5.936853907319605 5.74134830420546
2.6223083808948613 5.936853907319605 4.814952005768327
2.6223083808948613 7.57320016660811 6.71464407462886
2.6223083808948613 10.639978548779283 8.506551733048289
2.6223083808948613 10.639978548779283 7.589034447780351
2.6223083808948613 8.527510300515656 6.317789684453297
2.6223083808948613 8.527510300515656 6.241952517162569
2.6223083808948613 8.993743303639263 6.732711195087067
2.6223083808948613 8.993743303639263 4.3397294417991015
5.634612621688785 5.3826792846904326 3.8224311973832075
3.256462721786392 5.634612621688785 4.327180542300746
2.3539676898448367 5.523623510613682 2.768532695274509
0.7127612842620548 5.523623510613682 2.09347147605908
0.7127612842620548 0.7127612842620548 0.7127612842620544
0.7127612842620548 0.7127612842620548 0.7127612842620544
2.791128159505494 0.7127612842620548 0.7127612842620544
0.7127612842620548 2.791128159505494 1.1923844093182328
0.7127612842620548 4.5219590684006015 3.0695128067432327
0.7127612842620548 4.5219590684006015 2.2030969734148718
0.7127612842620548 4.913538446572737 3.2368836266661516
0.7127612842620548 6.244467696826693 4.347123384208687
0.7127612842620548 6.381832243407036 5.548188884688771
0.7127612842620548 9.816466085956788 9.043620428690428
0.7127612842620548 9.816466085956788 4.908728690800636
0.7127612842620548 5.544351957288605 4.684845741332456
0.7127612842620548 5.592149634494074 4.409260947572002
0.7127612842620548 5.602870631153056 3.3763907086943856
0.2741501144803391 2.5683394711544065 1.3410012113063796
3.203381699716371 2.9733305277422315 1.7409484566317996
3.203381699716371 4.692120123242994 2.4284976034952765
3.203381699716371 6.668761184803078 2.6118217705663493
3.203381699716371 4.790459190650154 1.943889537696124
3.203381699716371 5.293429167189537 3.799244766958623
3.203381699716371 5.293429167189537 2.0782822937993877
0.2741501144803391 2.6102207977790113 0.5968945549391903
0.2741501144803391 6.647780132547826 3.5799053232789664
0.2741501144803391 6.218542211997516 2.7890852326606828
3.203381699716371 5.092453350135827 2.1273436666555274
3.203381699716371 5.278184552582015 3.481731676575662
3.203381699716371 7.660788567779077 4.936651298281371
2.7532488207195382 3.786114274898932 3.2307969603039037
0.42174079627370675 4.632347085890615 2.918986490495086
5.530383279943489 5.737721739378564 4.936401135632309
0.42174079627370675 5.737721739378564 1.8039829205249043
0.42174079627370675 0.42174079627370675 0.42174079627370653
0.42174079627370675 5.052142405158005 3.8505416437914954
0.42174079627370675 6.111341797064391 3.985685915270104
0.42174079627370675 3.2204076903446155 0.529381830661049
0.42174079627370675 4.241312083269918 1.8908066758876347
0.42174079627370675 4.241312083269918 0.6662584758085883
0.42174079627370675 5.5859516723864715 4.765927486168136
0.42174079627370675 5.5859516723864715 3.411075698025357
0.42174079627370675 5.5859516723864715 2.8259545228668013
0.42174079627370675 5.044175382588662 2.7359388616926408
0.42174079627370675 3.1524715589074046 1.6773589907392887
0.42174079627370675 4.139379818949202 2.231229479785079
0.42174079627370675 4.449917831666113 2.139653694871455
0.42174079627370675 0.5700922938227291 0.48449260197268357
0.42174079627370675 5.49703446462431 3.806512688222836
0.42174079627370675 5.49703446462431 2.0342562453486566
0.42174079627370675 2.994668787151856 0.7536987561834219
0.42174079627370675 4.573974585227866 2.1036555505803176
0.28930937655287936 2.8258044160397806 1.3693254777836492
3.643022974543428 2.8258044160397806 0.7911253806100438
3.643022974543428 0.740551407754261 0.6030032329216569
3.643022974543428 5.382657434585379 2.558290292324973
3.643022974543428 7.248838564214672 5.252870458765485
3.643022974543428 4.748203173476913 3.1697642625801596
3.643022974543428 4.8881064980974855 2.3575937909458613
3.643022974543428 5.695827527462683 4.179783951698815
0.29689550781994756 5.695827527462683 2.9063365627186286
0.29689550781994756 6.651872303931583 3.2401172260713134
0.29689550781994756 5.4142218133409195 2.7602102692562216
0.29689550781994756 5.4142218133409195 4.516419934571597
0.29689550781994756 5.10978572165682 3.785382464144323
3.0401703674572933 2.66648241960154 1.2082750892744059
0.29689550781994756 3.0401703674572933 1.5761520694263846
0.29689550781994756 0.29689550781994756 0.2968955078199474
