2.821293529660299 7.391838733131429 5.506857148237282
2.6052596814036133 6.914135360990288 3.686830294489952
2.6052596814036133 3.7431258017831337 3.663906632840737
2.6052596814036133 4.38826781951871 3.530309301166135
2.6052596814036133 4.60197171411161 4.292306314918435
2.6052596814036133 4.60197171411161 4.282052240834551
2.6052596814036133 4.60197171411161 4.2545919254531
2.6052596814036133 5.969846334895838 5.009678608658202
2.6052596814036133 6.6907475717871066 5.96314567071474
2.6052596814036133 7.311213234044974 6.198843224130979
2.6052596814036133 6.335552530950235 6.1259255700731545
2.6052596814036133 6.335552530950235 6.093603853522203
2.6052596814036133 7.3694128716192875 3.3501473690235906
2.6052596814036133 6.453912132954315 4.3020958919911685
2.6052596814036133 4.616784288538817 3.0158785727229263
5.48194584435069 2.949316039479037 2.8740819558616875
5.48194584435069 4.874597040506917 4.0118554325762235
5.48194584435069 5.930960206498749 4.810810522418146
5.48194584435069 6.685815455613007 5.216091770656157
5.48194584435069 6.685815455613007 5.029265782234011
5.48194584435069 6.916554833965794 3.8197786288570845
5.48194584435069 6.916554833965794 3.7846929227449757
5.48194584435069 6.916554833965794 4.393888903942139
5.48194584435069 5.837558596291959 4.690271455645901
5.48194584435069 7.121962080869624 5.364901593764589
5.48194584435069 4.731340341558191 4.154509393148958
5.48194584435069 5.768768121543857 5.2870862590613354
5.48194584435069 7.766433687438866 5.305267485689243
5.48194584435069 2.698148840757366 2.6923088309392043
5.48194584435069 6.122417865460836 3.7345397326136434
5.48194584435069 6.285143355767115 4.693149271134533
5.48194584435069 6.322991379865865 4.310504272647193
5.48194584435069 6.322991379865865 3.492614643875511
5.48194584435069 6.323593533565642 4.838077181385083
5.48194584435069 7.659024271398046 6.406002241343845
5.48194584435069 5.845684064606644 5.62043871274137
5.48194584435069 6.595781922075194 5.8800879710958665
5.48194584435069 6.595781922075194 4.777533327378659
5.48194584435069 6.171981144405571 5.776733916013664
5.48194584435069 8.465992121436749 6.242297652954083
5.48194584435069 9.851089775414948 6.417131047951601
5.48194584435069 10.405536981305696 6.1918352517922575
5.48194584435069 4.166442685188056 2.990856983118106
5.48194584435069 3.95335938209605 3.1958987953631137
2.7369430601520226 5.48194584435069 4.036139809215755
2.7369430601520226 3.95335938209605 3.906574138944359
2.7369430601520226 3.95335938209605 3.859788895792666
1.9129449099817184 6.67093367201468 3.9949722567151507
1.9129449099817184 6.67093367201468 2.9912662561196552
1.9129449099817184 5.643046419416962 4.2374448143332275
1.9129449099817184 6.475682903976757 5.65806408000122
1.9129449099817184 6.530819616417027 3.934320249765825
1.9129449099817184 6.106187642526169 4.360476018478391
1.9129449099817184 6.843900743565786 5.462466313972374
1.3205104984986424 7.810020686907517 4.439443965829099
1.3205104984986424 7.038764165923659 4.61973937193871
1.3205104984986424 7.038764165923659 4.201058884449465
1.3205104984986424 6.632514764844206 5.516749165467697
1.3205104984986424 6.558669465339744 6.228790623180895
1.3205104984986424 6.558669465339744 5.688593260262479
1.3205104984986424 6.436815650382069 1.517291465878774
1.3205104984986424 1.3205104984986424 1.3205104984986422
1.3205104984986424 1.3205104984986424 1.3205104984986422
0.7085692860252775 1.3205104984986424 1.0380760927417045
0.7085692860252775 5.670950311869142 2.443514886896353
0.567267216746242 0.7127199695771549 0.6398339514866259
0.567267216746242 1.0169508062567556 0.7402224434810546
2.8009956287303024 7.594287522928834 3.5575328689585146
5.6784207476671185 1.2494665039289719 0.8558899920927813
2.8009956287303024 5.6784207476671185 3.6252698773860654
2.8009956287303024 5.74966973429272 3.601497481005943
1.5155735208053156 5.160202515232324 2.5100219915376503
1.5155735208053156 2.856354043350177 2.701648598441156
1.5155735208053156 5.346418778741999 3.9286887859420525
1.5155735208053156 5.346418778741999 3.2419697787275608
1.5155735208053156 6.174394596407623 5.622967175234882
1.5155735208053156 9.152102435491718 6.774320439825429
1.5155735208053156 9.152102435491718 4.667211630419233
1.5155735208053156 3.402972344029522 3.076332495889591
1.5155735208053156 3.4862718168668967 3.227627248355733
1.5155735208053156 3.3971973992565307 3.057988872871123
1.5155735208053156 5.051353957222663 3.822419388461264
1.5155735208053156 6.728831992605977 4.641394642035727
1.5155735208053156 6.2223002887011845 5.259259610157467
1.5155735208053156 6.2223002887011845 3.8343497313177077
1.5155735208053156 6.2223002887011845 1.8961536601425162
0.24657158257539225 3.676650571043457 1.8425426329054264
0.06321708153275951 3.671557713936029 1.7497613543007269
0.06321708153275951 4.511427749846675 2.3114591843629473
0.06321708153275951 5.230676752920704 2.2776095828797605
0.06321708153275951 0.11551341365808954 0.11149061887921799
0.06321708153275951 5.441977577689769 3.595699354531127
0.06321708153275951 5.323082558141696 2.493750889609212
0.8566766554490504 6.729101540946225 3.1279644458965103
5.520610990227741 2.8583484027285206 1.015312554634343
1.990492976872201 5.520610990227741 1.895250207980222
0.03958769387860217 5.485045706353219 2.7186094074243248
0.036764938981403095 3.8667840433231686 1.8047917665503568
0.036764938981403095 0.036764938981403095 0.036764938981403095
0.036764938981403095 0.036764938981403095 0.036764938981403095
