6.197637377621678 7.778096641862485 5.866212271226982
4.309642888284159 6.197637377621678 5.223695309632708
3.853017179176373 4.390868056667557 4.139505145195343
3.214101220817899 4.509960000224012 3.9665772265812076
3.214101220817899 7.773454121798975 6.132413930175762
3.214101220817899 8.141654312927754 7.697962529415916
3.214101220817899 8.31614203686295 5.881858932706792
3.214101220817899 8.31614203686295 6.1999601917272855
3.214101220817899 8.31614203686295 5.596754748570351
2.073518331210878 6.253879587737334 4.203833257164667
2.073518331210878 6.253879587737334 3.704070064905555
6.080603521714831 4.8609262200889525 3.4480238764356534
6.080603521714831 4.558604045142307 3.0440998052532313
6.080603521714831 5.319882243695126 3.529918216082241
6.080603521714831 7.125771792078943 6.824920905382684
6.080603521714831 9.138719158151579 7.487155363469489
6.080603521714831 9.138719158151579 5.997215225417603
6.080603521714831 7.0355697473024925 6.510015606544032
6.080603521714831 7.125616290439291 6.593470218461333
6.004222075710029 7.125616290439291 5.997272811514721
4.307156577143662 6.545232483899873 5.624049365855466
3.9981195614197707 7.348243743400214 5.516409659401423
3.9981195614197707 8.85596780133187 7.307902667125865
3.9981195614197707 8.85596780133187 6.592891728948488
3.9981195614197707 6.280723387096913 6.164270689412594
3.9981195614197707 7.640253566432712 6.897011374168786
3.9981195614197707 7.640253566432712 5.054401323218264
3.9981195614197707 6.366389013707849 5.178454238810502
3.9981195614197707 6.366389013707849 4.508229253712453
2.480345178710231 5.898024165731702 4.198921776395739
2.480345178710231 5.898024165731702 5.372227398497627
2.480345178710231 5.898024165731702 5.089799611076022
3.2579132865079825 6.395736454538675 3.4720097370650276
3.2579132865079825 8.161727311873545 5.977767721862825
4.259392236112543 8.161727311873545 3.050253416534543
5.3023554838804685 4.259392236112543 2.4841187844317614
1.8139414276289298 5.3023554838804685 3.292555685657457
0.6157913454687756 5.322062725863077 4.777485831585715
0.6157913454687756 5.482658343767898 5.016451838651784
0.6157913454687756 6.485348438057532 5.136218947983175
0.6157913454687756 6.485348438057532 1.9885505941080965
0.6157913454687756 2.502116619773418 1.5324687018657457
0.6157913454687756 3.377600978545527 2.45272401896477
0.6157913454687756 6.102543362696643 4.6470939329819325
0.6157913454687756 6.645302725852112 4.227429172403212
0.6157913454687756 5.246258718658698 4.731108434698388
0.6157913454687756 6.466086885658054 5.265654916205808
0.6157913454687756 6.466086885658054 1.4751296837470973
2.531410984251736 6.59162771722103 3.7457609599499566
0.6157913454687756 6.59162771722103 2.7468787554511844
0.6157913454687756 4.068983505808426 2.017619854783371
0.6157913454687756 0.6157913454687756 0.6157913454687752
0.6157913454687756 5.673691464029687 2.7556721648599316
0.6157913454687756 0.6157913454687756 0.6157913454687752
0.6157913454687756 5.678684330096544 1.199971305233518
0.6157913454687756 5.6910094684898915 3.238197871588049
0.6157913454687756 5.6910094684898915 1.7699792746238445
2.9825039981780965 4.436913588507 1.8260075319781086
2.2592129012716033 5.350559020124535 1.4626144825390832
2.9825039981780965 2.2592129012716033 0.9280245459726829
2.9825039981780965 5.103476989866497 2.4579151103890333
2.9825039981780965 5.618130795718894 2.4859378570367943
0.5300088918299797 5.354210791787935 3.4285685897144074
5.737750632495203 5.354210791787935 3.874951312945196
5.737750632495203 6.528259510493513 4.198892040760639
4.196720975002599 7.707616831889185 5.834712432090171
4.196720975002599 6.353710155411594 5.410575319452187
2.8740498175155023 6.186337298215108 3.240039759279184
0.23722833493202033 5.271509291830785 1.3424933421917176
0.23722833493202033 5.472733038042271 4.8666059029140545
0.23722833493202033 8.125085447300487 5.329720588754224
0.23722833493202033 5.472733038042271 3.8145930264361954
0.23722833493202033 3.3330552635118917 2.654573617927645
0.23722833493202033 0.23722833493202033 0.23722833493202017
0.23722833493202033 0.23722833493202033 0.23722833493202017
0.23722833493202033 5.523572619963161 2.270437675328613
0.23722833493202033 5.523572619963161 0.4405492689716794
0.23722833493202033 3.2508554908099794 1.512224439341926
0.23722833493202033 2.758410994043935 1.400851100675981
0.23722833493202033 4.880805669375757 2.02321961741038
0.23722833493202033 4.965539868821406 2.237667830039067
3.1483899218937315 6.679756665355509 4.438185209302707
3.1483899218937315 6.276884340556265 5.030190683542255
3.1483899218937315 6.276884340556265 3.6308091331027543
1.0223002202931117 6.464511584692936 3.6405158284258903
1.0223002202931117 3.757829530124266 2.5185283190140852
1.0223002202931117 4.3312527776063945 1.1495676263436223
0.7562510368645907 1.0223002202931117 0.9916022375898206
0.7562510368645907 1.0223002202931117 1.0120675593920145
0.7562510368645907 3.8524687006844265 3.013763273683104
0.7562510368645907 6.5562213666564695 4.67173784204697
0.7562510368645907 3.6795574450977573 3.07390833161337
0.7562510368645907 7.176933713294652 3.6819724647657797
0.7562510368645907 5.257988865306881 2.314544900556152
0.7562510368645907 0.7562510368645907 0.7562510368645904
0.7562510368645907 5.325439664708622 4.33075508153957
0.7562510368645907 5.023854062391095 2.177659029338634
0.6419108862060097 0.8429249319427758 0.7556110033811518
0.6419108862060097 2.933903337013334 1.498623364566686
0.6364363403648885 3.5961624587582404 0.9293104661730159
