5.305672915086937 7.731750151879199 5.6535643736962005
5.305672915086937 8.585595300504535 7.0905976315378885
5.305672915086937 8.585595300504535 6.867965374089609
5.305672915086937 7.372857199759121 6.27731591469295
5.305672915086937 6.567734693863951 5.19774973484714
5.305672915086937 4.813616278657786 4.540393991314053
5.305672915086937 6.567369195695385 5.274775118630728
5.305672915086937 7.540308612763495 5.427431398296351
5.305672915086937 6.509421683919026 4.895708005147475
5.305672915086937 4.123347464837277 3.5134420048228914
5.305672915086937 6.662282886330928 4.9490622750428015
5.305672915086937 5.306021855710561 3.881884470320519
5.305672915086937 6.0726522715595515 5.591186876095813
5.305672915086937 7.171062773109304 5.887748375288897
5.305672915086937 8.439505562759251 6.244605736069461
5.305672915086937 6.576167055764831 5.540851339108963
5.305672915086937 6.576167055764831 6.2639221714324975
5.305672915086937 6.576167055764831 4.996190056200349
5.305672915086937 6.661453071577075 4.627555209873576
5.305672915086937 6.667416538550501 6.148494321337542
5.305672915086937 6.549092809554331 6.2311845085101245
2.6388176673917347 6.529742133779365 3.5767171068802224
4.288858794138825 6.529742133779365 3.7503455202609493
5.305672915086937 5.655656987652353 3.9133662556257036
5.305672915086937 4.288858794138825 3.7700762085770796
5.305672915086937 4.538647077698503 4.391229172994928
5.305672915086937 6.279323700626559 4.3710187826076465
5.305672915086937 4.538647077698503 2.8151154351494556
5.305672915086937 5.027603465774664 3.7902005731212203
5.305672915086937 6.541656950266745 5.997539640564295
5.305672915086937 6.541656950266745 5.947986059593897
5.305672915086937 6.532387609211085 6.128514250641492
5.305672915086937 6.454954736773445 6.036780689321787
5.305672915086937 7.200916027357049 6.285057160671163
5.305672915086937 7.200916027357049 5.88835764884721
5.305672915086937 7.552887123178197 6.889228819294678
5.305672915086937 10.071384146570637 6.610580900519071
5.305672915086937 10.071384146570637 3.5931009356716155
5.305672915086937 3.0712625376925655 3.0546300426809956
5.305672915086937 5.552001338290534 4.681883480182696
5.305672915086937 5.552001338290534 5.195841082040756
5.305672915086937 10.362341373140671 8.508665538571206
5.1300474563047445 10.362341373140671 6.600971085109531
4.188037057109657 7.6478664549693836 5.633817724875684
4.188037057109657 7.6478664549693836 5.420524644898958
4.188037057109657 7.630072087940352 5.561919165795928
5.604926029432388 6.353986120918652 3.796508969992728
5.604926029432388 4.861833716578918 4.513589698703457
5.604926029432388 6.622880621913627 4.744943760449654
5.604926029432388 4.58927162960785 4.337258759071596
5.604926029432388 6.095451729777995 4.3523877141000415
5.604926029432388 5.7260715245861 4.831960280086661
5.604926029432388 5.7260715245861 5.37866380463035
5.604926029432388 5.684707263225526 4.276452821942073
5.604926029432388 5.684707263225526 4.4729480027116075
5.604926029432388 5.824044556570382 4.361295831356236
5.604926029432388 6.517382131930798 4.3680540463784485
5.604926029432388 6.517382131930798 4.807123671791114
2.467327583625121 5.11713694237098 2.9542435434286913
2.467327583625121 6.189103336976437 3.671656616352451
2.467327583625121 6.808749053934388 5.098219527749453
2.467327583625121 8.150254177292453 5.983905351670202
2.467327583625121 5.576620393838631 3.2596122388651376
3.3963462499310855 6.477052667274286 4.099926241615941
1.10567433952215 6.477052667274286 3.884388201973981
1.10567433952215 3.3963462499310855 1.246148383926454
1.10567433952215 5.69479601700662 3.114308877482688
1.10567433952215 5.69479601700662 2.8283400528661216
0.8495423624740011 5.359186715227654 1.0989502647953917
0.8495423624740011 5.02845541354872 2.875310329879376
0.8495423624740011 5.02845541354872 3.335779945762265
0.8495423624740011 5.02845541354872 1.3728035303055464
0.8495423624740011 1.9953505922140597 1.7551945051055733
0.8495423624740011 5.79740654556803 3.5183695674932585
0.8495423624740011 5.79740654556803 4.234721411467535
0.8495423624740011 4.4938915923786205 4.151779764722501
0.8495423624740011 6.605907962249685 4.708400151016027
0.8495423624740011 6.903319803586136 5.500959015232372
0.8495423624740011 7.633048071764158 7.03534634378622
0.8495423624740011 7.633048071764158 5.462773634165924
5.797122455332115 7.633048071764158 2.2788126776792788
5.797122455332115 4.6374578623854035 4.266048234664597
5.797122455332115 4.6374578623854035 3.9350834418923517
5.797122455332115 4.148396627316274 3.7355884651953652
5.797122455332115 4.300497968247861 3.4518020167419268
5.797122455332115 6.48853541372997 4.65963932424103
5.797122455332115 4.397997130823686 2.8533767010383166
5.797122455332115 5.576663952678423 3.0099367223707296
5.797122455332115 5.765147251043814 3.648608917750856
5.797122455332115 5.8579089223779555 4.753622998206283
5.797122455332115 5.8579089223779555 4.58143001554289
5.797122455332115 7.362302158722423 6.815574739004806
5.797122455332115 7.709640867376013 6.937797988680198
5.797122455332115 6.168526518280679 5.267638109692928
5.797122455332115 6.204457022609393 5.979151571811802
5.797122455332115 7.7182057299226905 6.452286557189756
0.8495423624740011 7.626412630959997 3.020190331006378
0.8495423624740011 5.364085718233618 1.9912637401688094
0.8495423624740011 8.370742995508968 5.091495637797825
0.8495423624740011 7.269015226810804 6.020163157674437
