2.884841288256038 7.660899036573344 5.351102528220844
2.884841288256038 5.991278589147566 4.738219527324986
2.884841288256038 6.198371401023959 5.0651152729246185
2.884841288256038 6.198371401023959 4.4913868401870785
2.884841288256038 6.113006573776058 5.049310890907386
2.884841288256038 4.482256021195639 4.420816993005654
2.884841288256038 5.508865046101953 4.886494864536862
2.884841288256038 6.485632419163839 4.639468692681513
2.884841288256038 5.800921130578136 4.778376631408924
2.884841288256038 5.800921130578136 4.2614140958050575
2.884841288256038 5.965671368282937 5.3020569651802765
2.884841288256038 5.23746368250017 3.8269611808708146
2.6151667279250934 5.23746368250017 3.3874591768384112
2.6151667279250934 4.109790719259575 3.6743967522365395
2.6151667279250934 4.109790719259575 3.0926046759897465
2.6151667279250934 5.632948337364962 3.0513204140533294
2.6151667279250934 5.632948337364962 2.963372298245079
4.571519440616871 5.1443255893941995 3.9445445387222406
2.6151667279250934 5.1443255893941995 4.2579058993054355
4.571519440616871 6.457384054681128 5.693472542083774
4.571519440616871 6.457384054681128 5.322826562687839
4.571519440616871 5.986738676852255 4.721318550851662
4.571519440616871 5.986738676852255 3.885521041135407
4.571519440616871 5.872078893102611 4.24718249861912
4.571519440616871 5.872078893102611 5.467961932374129
4.571519440616871 5.872078893102611 5.346208527741841
4.571519440616871 8.04412539097053 5.778508024156419
3.8062950589849973 8.04412539097053 4.406284180172492
3.8062950589849973 4.576934513420703 4.257162670042097
3.69250791443783 4.5570012985504 3.8427007914122977
3.69250791443783 6.190224455942705 4.687745615124025
3.69250791443783 3.7742365328734953 3.7710931244721255
3.69250791443783 4.921280465868918 4.168146793585925
2.754490432646794 4.921280465868918 3.566884295409196
6.246080114605597 7.709619444183009 5.016965431677987
4.6710320647221835 6.324518190962969 5.36534147219801
4.6710320647221835 6.324518190962969 5.001102903855256
4.422691996956662 5.967545155421572 5.058247783580826
3.297133380239082 4.422691996956662 3.6109462573250326
3.297133380239082 6.459771406033546 4.85771440487244
2.815371154550878 4.204614861770128 3.5289595455731826
2.815371154550878 4.204614861770128 3.9107123432227118
2.815371154550878 4.6736833000100155 3.8801538807385443
2.815371154550878 4.729929862441374 4.529035164695436
2.815371154550878 5.833200799030259 4.897581715189494
2.815371154550878 6.444953761973654 5.863264898960194
2.815371154550878 7.835402355093343 6.1674752445631125
2.815371154550878 7.835402355093343 5.02972725158998
1.7812527019860274 10.046459489539908 5.798077212902824
0.38132249812803254 3.3090993174583585 1.7864475764288759
0.38132249812803254 4.532040972629872 1.8436116702648466
3.085184313798138 5.7101576820793625 2.840784890720954
3.085184313798138 6.779363381462909 4.948764726546141
3.085184313798138 6.779363381462909 2.2277206845929247
3.085184313798138 7.402203185704741 3.4768035241695867
3.085184313798138 3.431596486971842 1.86401995853655
3.085184313798138 0.4239643496917833 0.42232427847779264
3.085184313798138 5.738750669153646 3.9994733203197432
3.085184313798138 0.4239643496917833 0.42232427847779264
3.085184313798138 5.549913817988958 3.587509765708619
0.38132249812803254 5.549913817988958 0.7189081277741641
3.085184313798138 3.187116890006003 1.3591053489231604
0.38132249812803254 5.105436452898701 2.9442078660613507
0.38132249812803254 3.187116890006003 1.4010667256239666
2.646965716500578 4.9643775041433 2.496578654750464
0.38132249812803254 5.673904129808069 2.7654913131392083
2.5474131935473 5.673904129808069 2.2162051454081917
0.38132249812803254 4.986724011787022 2.5013373435616724
0.38132249812803254 5.620804125173144 4.564059187223737
0.38132249812803254 4.502993577715383 3.515111146542515
0.38132249812803254 3.292090853012422 0.7171803852300772
0.38132249812803254 5.512226535454598 2.552089590843118
0.38132249812803254 7.659378019583048 2.620724197037269
0.38132249812803254 2.8899595342484123 1.346182896635871
0.38132249812803254 5.639144176258981 0.9879942302200647
0.38132249812803254 3.2351862170218486 1.5887263791984934
5.441953209399244 2.179603743624899 1.1421337942997836
5.441953209399244 5.5260400555098315 3.4141283108233127
0.38132249812803254 5.5260400555098315 2.136313392264629
0.38132249812803254 1.1408746867132895 0.7026715009910256
0.38132249812803254 2.6471485364740457 1.5126687644237278
0.38132249812803254 4.770431890966574 2.575877194547303
0.38132249812803254 0.38132249812803254 0.3813224981280323
1.8138338070264166 3.921260705503905 1.7428371932725992
5.4541243705674844 3.2761011504779707 1.3833612624030112
0.38132249812803254 5.4541243705674844 2.7102134364218955
0.38132249812803254 5.658888790466964 2.66639788664362
4.961235386798965 0.38132249812803254 0.33641910632049454
5.435157506677193 4.961235386798965 1.1474330612941648
0.38132249812803254 5.435157506677193 2.4092769950987067
0.38132249812803254 3.278313249477709 1.0105724419162379
0.38132249812803254 1.2318535645462245 0.7327977987926094
0.38132249812803254 5.437384710205297 2.761776437467996
0.38132249812803254 4.983898943534044 2.3474186844063984
0.38132249812803254 5.6532141306780375 2.147674257312048
0.38132249812803254 2.6856420630706386 1.3562269294499043
0.38132249812803254 6.289698323795168 2.1992842906409984
2.8937006838910873 3.7563921613495244 1.5496158430893188
0.49867773317328146 3.7563921613495244 2.010629896086086
0.38132249812803254 2.8937006838910873 1.5471261337361173
