2.2732280209170814 7.759467625833317 5.102647632548249
2.2732280209170814 6.948957265189479 5.442143739333228
2.2732280209170814 6.948957265189479 4.376927105544606
2.2732280209170814 6.333047472049383 4.825510692980704
2.2732280209170814 6.333047472049383 4.257542852626763
2.2732280209170814 6.333047472049383 4.33610461657032
2.2732280209170814 6.6887593890945105 5.780916186947286
2.2732280209170814 6.6887593890945105 5.995873106721259
2.2732280209170814 6.774717138751658 6.016959843353795
2.2732280209170814 6.760316486896601 5.205078576989177
0.456464145067486 6.774717138751658 2.7926264644573426
2.7344010901417346 5.030249036258777 4.43897583435028
2.7344010901417346 6.43544718927097 5.8245312033259315
2.7344010901417346 6.4407405467578265 4.868002560258943
2.7344010901417346 6.4407405467578265 3.908230087680346
5.686605281866029 5.783302038388339 3.0917361790493696
2.7344010901417346 5.686605281866029 5.1633747334489035
2.7344010901417346 10.725887065243327 8.531238462435507
2.7344010901417346 10.73687466100552 9.077861496312233
2.7344010901417346 12.012908271212382 10.962159886606226
2.7344010901417346 12.012908271212382 9.344940426900497
2.7344010901417346 11.389165095229743 7.871830015879075
2.7344010901417346 6.025140029549775 5.276817135585666
2.7344010901417346 6.458365796846699 5.9386315600941275
2.7344010901417346 6.458365796846699 5.4645944871001095
2.7344010901417346 6.025140029549775 4.686138695642101
0.7986034731228568 5.0060804033672355 3.4719731351965235
0.7986034731228568 4.962515395858606 3.781505358861719
0.7986034731228568 4.974530214982671 2.512950045328817
0.7986034731228568 2.939649749498994 1.6220828101906026
0.7986034731228568 2.939649749498994 2.363214213551574
0.7986034731228568 2.939649749498994 0.880951406829631
0.7986034731228568 5.931607912147207 4.649562725371912
0.7986034731228568 0.7986034731228568 0.7986034731228565
0.7986034731228568 7.548120374362677 3.39457151206125
0.7986034731228568 0.7986034731228568 0.7986034731228565
0.7986034731228568 5.826298054757913 2.925705026891535
2.5349224385249163 5.826298054757913 2.5036942084232177
2.5349224385249163 3.615251129517145 2.417517994501634
2.5349224385249163 3.934479387567795 2.2564759439362856
2.5349224385249163 1.6531152681621646 1.2603715394022545
2.5349224385249163 5.185540974324827 2.601633964267366
2.5349224385249163 5.4899464728471585 4.79882684257864
2.5349224385249163 6.376195915770857 5.526689795656524
2.5349224385249163 7.450891553929852 5.86047942639981
2.5349224385249163 7.450891553929852 4.363890170622834
0.7986034731228568 6.60321592913175 2.751835765837494
3.4679998693397853 4.54637064101917 1.3473272774941376
2.5349224385249163 5.896375165970419 3.1636126861320872
2.5349224385249163 5.896375165970419 2.2298291638021173
2.5349224385249163 0.8191364000579822 0.8175569441398953
2.5349224385249163 5.724012445275086 2.8934865373830982
2.5349224385249163 5.552825066169909 3.5760629269861663
2.5349224385249163 5.856020598092847 4.771110075652836
2.5349224385249163 5.861963834930432 5.160927192283349
2.5349224385249163 6.918899589018746 4.789196203737058
2.5349224385249163 5.286741694968988 4.335073300648077
2.5349224385249163 5.286741694968988 3.6601595896554544
2.5349224385249163 4.5642211490126705 4.104683781445583
2.5349224385249163 4.5642211490126705 3.3956874636117225
2.5349224385249163 5.263674635063655 3.917225857251616
2.5349224385249163 6.612871543770243 5.4111873903259555
2.5349224385249163 6.612871543770243 5.233690744185211
2.5349224385249163 7.483992510792033 6.108470731287929
2.5349224385249163 7.483992510792033 5.808062899433597
2.5349224385249163 7.0897457981191465 3.5704031385972965
2.5349224385249163 3.189489058156845 3.1643134189402335
2.5349224385249163 3.4071333657504614 3.318890447277927
1.4106897845144073 3.573608818648833 2.6874327353611323
1.4106897845144073 3.573608818648833 2.74476988644569
1.4106897845144073 6.337854922008088 3.8621624536972927
1.4106897845144073 6.148959627650946 4.4002161857673325
1.4106897845144073 6.489919205803236 3.8771542465377618
1.4106897845144073 4.317130954120106 3.356691306310262
3.4420774817390734 4.206840790215843 2.5860941885225888
1.399498139157775 4.12516158487762 2.1072319351355713
1.399498139157775 1.4106897845144073 1.3999285870561071
1.399498139157775 3.2755264576847236 2.1936328756636634
4.877089340492482 3.2755264576847236 2.108280054409544
0.35666818622343444 4.877089340492482 2.868547322001505
0.35666818622343444 2.7605663448993387 2.6681087234118044
0.35666818622343444 5.730891839944359 3.8281077605874176
0.35666818622343444 5.730891839944359 3.233962830989523
0.35666818622343444 5.374269141780452 4.054784797802961
0.35666818622343444 6.654250982618244 6.3252062717666755
0.35666818622343444 6.4661193421394145 4.85829980241421
0.35666818622343444 7.647737844536158 5.611712416492759
4.788769823366181 0.35666818622343444 0.3566681862234342
0.35666818622343444 5.4107715878069484 4.165147092295342
0.35666818622343444 7.773315224076962 6.836147585934151
0.35666818622343444 7.773315224076962 2.8249667368288702
5.656182675896062 5.496023122684502 2.8655950549689964
0.35666818622343444 4.647405617677563 3.127987885307631
5.656182675896062 4.647405617677563 2.697705731000599
6.129538370093854 3.1992443761399163 1.6503361648274437
5.656182675896062 6.129538370093854 3.824841280610063
5.656182675896062 7.490662209995026 5.425562712005211
0.35666818622343444 5.656182675896062 0.9681506273395066
0.35666818622343444 1.1756003443337346 0.6401447024923842
0.35666818622343444 0.35666818622343444 0.3566681862234342
