3.0927314110756012 7.676793906525878 5.902029264836992
3.0927314110756012 6.374906846625301 4.389751563360754
3.0927314110756012 6.173303710837487 4.412439151610306
3.0927314110756012 5.823335799786875 4.779778939801286
3.0927314110756012 5.823335799786875 3.7298571163807757
3.0927314110756012 4.07399358283557 3.2956505994565797
3.0927314110756012 4.07399358283557 3.3259514217952555
0.7816400726826704 3.4069089230537952 2.710024856615991
0.7816400726826704 6.368610064241892 4.181305106060375
0.7816400726826704 8.00993548522761 5.519283759350346
0.7816400726826704 8.00993548522761 3.5174028646718045
0.7816400726826704 4.507006899137785 2.3467035409976407
0.7816400726826704 5.4652148175623445 1.7031098227286152
0.7816400726826704 6.033877871440314 3.1055508786471178
0.7816400726826704 9.863912639804004 8.06921383194137
0.7816400726826704 11.610483462930468 5.786474404857061
0.7816400726826704 11.610483462930468 3.284882145960225
0.7816400726826704 2.2819421376792453 1.3011562805035197
0.7816400726826704 7.528891144358143 4.944099158015512
0.7816400726826704 7.528891144358143 3.8574052276502537
0.7816400726826704 7.528891144358143 3.509554342705527
0.7816400726826704 5.710527691685993 3.8131937152022934
0.7816400726826704 5.5307110817593 4.077888859332291
0.7816400726826704 7.258878518621065 4.018221221611247
0.7816400726826704 1.243385670481342 1.225626224412162
0.7816400726826704 2.9666131066538814 2.3666740462256666
0.7816400726826704 2.9666131066538814 2.055532392965396
0.7816400726826704 2.877133065338065 1.3335396548704226
0.7816400726826704 5.266147012016514 3.1460667417873553
0.7816400726826704 5.529110855806419 3.088237898865892
0.7816400726826704 4.888424102701073 3.0251828347858454
0.7816400726826704 4.888424102701073 3.8947789998844824
0.7816400726826704 4.888424102701073 3.707627867577986
0.7816400726826704 6.034215822828617 4.736765585987767
0.21477182080142088 6.034215822828617 1.6181716260999628
0.21477182080142088 5.854105050123803 1.944012847930986
0.21477182080142088 5.87534356647291 3.0266596902160834
0.21477182080142088 2.438256131410292 2.1945268850030764
0.21477182080142088 5.699596782833712 4.681464309485639
0.21477182080142088 5.699596782833712 0.9311462101615334
0.21477182080142088 1.243076626526634 0.6102736691572717
0.21477182080142088 4.62576357182656 1.9113071096572443
0.21477182080142088 0.21477182080142088 0.21477182080142077
0.21477182080142088 4.647590427779594 2.4018233532856224
0.21477182080142088 5.427839260339294 2.620802946741977
0.21477182080142088 3.967943004297354 3.0708155130610986
0.21477182080142088 4.450544729875869 2.169743932681936
0.21477182080142088 4.336085912508807 2.1252984945304703
0.21477182080142088 2.6403748787502193 1.305194929593378
0.21477182080142088 6.589273961528686 3.8432096024377906
0.21477182080142088 5.522870447837544 3.3389796450627682
0.21477182080142088 3.300245915188015 1.9870035023025587
0.21477182080142088 3.8183449299508827 1.7393604439031167
0.21477182080142088 3.3308492727860686 1.5331122812564644
0.21477182080142088 2.8724814510853283 1.3391874336138432
0.21477182080142088 3.264903840120916 1.2705867505658617
2.407849573880974 4.939489655424236 3.850124539470881
0.21477182080142088 4.939489655424236 0.7304767127167318
0.21477182080142088 5.5633873259646265 2.683363592415209
0.21477182080142088 3.2239636960078824 1.4878914603118472
0.21477182080142088 3.189654707073015 1.473376118839403
0.21477182080142088 0.21477182080142088 0.21477182080142077
0.21477182080142088 4.321938543167157 3.092298578835337
0.21477182080142088 4.321938543167157 0.3727397716616413
0.18147834707898314 4.138052778651261 0.6533723847476784
0.18147834707898314 2.649616973743943 0.287417868212482
0.18147834707898314 0.21477182080142088 0.19506189363412976
0.18147834707898314 5.678238202610789 3.8660948561214097
0.18147834707898314 1.2922190667454037 0.2744955704880223
0.18026333353820378 3.1805943997870405 1.2212838172137888
3.3266364495326433 0.19270056544048986 0.1826201346586096
3.3266364495326433 3.1727131617528284 0.5277084415516629
3.3266364495326433 0.19468416692299373 0.18653009072368698
3.3266364495326433 0.19468416692299373 0.19175511291709116
3.3266364495326433 5.648514401481137 1.7174160988540756
3.3266364495326433 5.648514401481137 0.7982935799344671
3.3266364495326433 1.8257569227053172 0.8841987623160998
3.3266364495326433 5.69500285095269 4.486416777973989
3.3266364495326433 2.3587499167363757 1.1929290963220625
3.3266364495326433 3.2364214775322613 1.7149981747897511
3.3266364495326433 0.19468416692299373 0.19357487204724055
3.3266364495326433 5.513404805002377 3.9473075519152414
0.19468416692299373 6.457543778800797 3.0350329775776603
0.19468416692299373 3.3266364495326433 0.3151438701002878
4.049724829334469 5.474530834873978 2.428465449517641
4.991175849563948 4.049724829334469 1.205015361993403
4.991175849563948 5.262677081053745 4.140151646804929
4.991175849563948 5.474454643487473 4.143767805525633
4.991175849563948 5.262677081053745 2.772673426963605
5.125800804525856 4.991175849563948 1.9581631681777272
0.38547065008984704 5.125800804525856 2.792036394514567
0.19468416692299373 2.7064169151472623 1.1974249322336454
1.2296356296456428 2.658077704140862 1.502688545713562
1.2296356296456428 5.845768266023619 2.7184117753554253
1.2296356296456428 7.387280613169624 4.641344250651508
1.2296356296456428 7.387280613169624 3.0553012345437414
0.5653001170846896 4.963532087792629 2.4228469599372437
0.5653001170846896 4.963532087792629 1.8537643498995435
0.5653001170846896 3.3213158557337974 2.042376523689037
0.5653001170846896 3.3213158557337974 1.8720539290752003
