0.9676770723774379 7.632372454793659 5.117579417390346
0.9676770723774379 9.868009991130826 6.753503593588165
0.9676770723774379 9.868009991130826 4.856122506789443
0.9676770723774379 6.349372904396269 5.587716480909892
3.4160039308598305 6.249051228696981 1.170806847620497
5.79571790903784 3.4160039308598305 2.1668679723358233
5.79571790903784 5.634210086608228 4.718735115256518
5.79571790903784 6.4572068608651065 4.6396184608387685
5.79571790903784 3.19842305522241 2.072095402564887
5.79571790903784 3.8693091363128826 2.3279706938019187
5.79571790903784 1.391097973556239 1.3585271350040236
5.79571790903784 3.728060353518089 2.2573588196047356
5.79571790903784 5.349251850402837 4.758558162123605
5.79571790903784 6.3833591267486085 4.815664198783869
1.391097973556239 8.399308790951505 5.927857011363974
1.391097973556239 8.399308790951505 6.233332160872707
1.391097973556239 10.299127370549535 8.261731447203159
1.391097973556239 9.621020242218894 5.782490384564032
1.391097973556239 6.653961049343245 4.964007919145309
1.391097973556239 7.517352135356482 5.615032885376161
1.391097973556239 7.943779965487725 5.741711334993596
0.5594883935613173 7.943779965487725 3.897580392770354
5.676241921755786 6.425074298355355 2.2898591166734956
3.16277842799331 5.676241921755786 4.065577800091096
3.16277842799331 5.749915229769162 4.608039857171405
3.16277842799331 6.282888815163812 4.859237438675935
1.9631600956130524 5.749915229769162 3.623578591341521
1.9631600956130524 3.604388226548654 3.447957604170563
1.9631600956130524 4.223060719539511 3.5342265164010147
1.9631600956130524 5.978705265702995 4.268554859226461
1.9631600956130524 5.681195872886192 4.239469882931372
1.480453546854687 6.413592075954067 2.902602956674956
3.2124970630253817 5.681195872886192 1.8681034213883874
3.2124970630253817 5.888434023542295 3.309577519539901
3.2124970630253817 5.7078437243163584 4.257620220724255
3.2124970630253817 6.517364441403661 5.1599117345840515
3.2124970630253817 6.5825143630946705 5.287663804239786
3.2124970630253817 6.5825143630946705 5.425218303491329
3.2124970630253817 7.244737448173204 6.742225153281327
3.2124970630253817 7.644903857618468 6.283016037761162
3.2124970630253817 7.244737448173204 3.48885910727099
3.2124970630253817 7.231950863599751 5.597508410708785
3.2124970630253817 7.231950863599751 2.9349856222770563
3.2124970630253817 3.9012275552087385 2.898411594705302
3.2124970630253817 5.286727882240406 3.1064280978027026
1.7251763683849295 5.286727882240406 2.823237976917314
1.7251763683849295 5.819675380322611 3.7503188805861813
1.7251763683849295 5.862865888593582 4.731535119965113
1.7251763683849295 5.286727882240406 3.134249666755239
1.7251763683849295 5.411387314291389 3.7909542313183735
1.3299278920653639 5.411387314291389 2.614188046647845
1.3299278920653639 3.4703121952726375 2.400120043669001
5.753657598583274 3.4703121952726375 2.184387739813263
5.753657598583274 3.3781794934915053 3.0786191399349545
3.0656946633374145 5.753657598583274 3.463507660154436
3.0656946633374145 7.442796181052222 6.461202767684837
3.0656946633374145 7.442796181052222 4.57288337828893
3.0656946633374145 5.440449095610024 3.796388334805909
3.0656946633374145 3.0656946633374145 3.065694663337415
5.073034467303291 6.128557760920394 4.243718931638559
3.0656946633374145 6.128557760920394 3.5257760329725327
2.729688513107917 4.425887182250342 3.511927594327693
5.5408725719073075 3.0656946633374145 3.0398480363966844
3.5495563350843935 6.276620125383985 4.510585461098095
0.3695161302472738 3.774131805816055 2.1768581704691186
0.3695161302472738 5.6990642193949235 2.624324937194358
0.9081339697959909 5.6990642193949235 1.3439604534581013
0.3695161302472738 3.2717308080934697 1.6493586124547395
3.298839739673927 3.942543538199058 2.0186057031480984
0.3695161302472738 5.644789472159484 2.064630292143007
0.3695161302472738 0.3695161302472738 0.3695161302472736
0.3695161302472738 5.153735161011451 2.02559194858872
0.3695161302472738 5.510648727309356 1.2731258993886194
0.3695161302472738 4.999018991951335 3.7581329574745133
0.3695161302472738 4.999018991951335 0.9342856014518135
0.5133391813239219 3.110997706734683 1.5293737202996396
0.3695161302472738 5.707675851218635 2.4614137821002346
3.1284849217161015 0.5133391813239219 0.3750477860579139
4.946151973474905 5.668846905171769 2.6047192944807565
4.946151973474905 4.981989921594565 2.7155759225467553
3.1284849217161015 5.750022830621628 3.8170342201581016
0.7678717161124671 5.750022830621628 2.320873503979028
0.5084882992046933 5.141722951271163 2.00804646109868
0.5084882992046933 3.4744981403789272 1.3377140815508732
0.5084882992046933 3.184725052191365 2.0259624777300886
0.5084882992046933 5.357019929404462 2.6177419283157226
0.5084882992046933 6.235712959768591 2.3823916730820867
0.5084882992046933 1.4988075234918594 0.6485582578127337
0.09893974381452653 5.661704591529709 2.9032675170527003
0.09893974381452653 0.5084882992046933 0.26829017484554724
0.09893974381452653 3.1866058437322207 2.11097096597505
5.175912656940056 5.038503307833427 2.188755097822522
0.09893974381452653 5.175912656940056 0.6847443107136257
0.09893974381452653 2.8465092779979924 1.0500215056472644
0.09893974381452653 0.09893974381452653 0.09893974381452653
0.09893974381452653 0.09893974381452653 0.09893974381452653
0.09893974381452653 0.09893974381452653 0.09893974381452653
0.09893974381452653 5.403967998973894 3.543279439565895
0.09893974381452653 0.09893974381452653 0.09893974381452653
0.09893974381452653 0.09893974381452653 0.09893974381452653
