3.1822718081957224 7.7573556327431135 6.287202756063006
3.1822718081957224 8.40807894581819 7.368040971109055
3.1822718081957224 8.40807894581819 7.501139821139888
3.1822718081957224 8.597766749332882 7.298047506788259
3.1822718081957224 8.597766749332882 7.734856445478495
3.1822718081957224 10.36291474372442 6.278683690837877
2.8763431824158663 10.36291474372442 3.8281475223102928
2.8763431824158663 4.968713529031856 3.8694511615248297
2.8763431824158663 6.6456949366402895 5.519849428225395
2.8763431824158663 6.345071476665684 5.135542844936779
2.8763431824158663 6.345071476665684 5.49670549788009
2.8763431824158663 6.537762708817869 5.762447528778068
5.503303403650889 6.537762708817869 3.9279398914062105
5.503303403650889 8.11532380742903 7.342192889778601
1.4103680866432602 8.11532380742903 4.9137582399907
1.4103680866432602 5.503303403650889 1.567788675758938
1.4103680866432602 1.4103680866432602 1.41036808664326
1.4103680866432602 1.4103680866432602 1.41036808664326
1.4103680866432602 5.767985467238898 3.2539754399721845
1.4103680866432602 5.767985467238898 1.9131700920966024
1.4103680866432602 3.627634889987761 2.0926040261338756
1.4103680866432602 6.534703957619584 1.607457927834657
1.4103680866432602 1.4103680866432602 1.41036808664326
1.4103680866432602 3.1674855602819574 2.018601058287425
1.4103680866432602 5.374751878326201 3.360031621203902
1.4103680866432602 4.8169791256519225 3.7450486523497095
0.6199881648652483 5.573697538631475 2.738812658457644
0.6199881648652483 5.649943926407179 2.562692962734396
0.6199881648652483 5.644598638204311 2.5525306546110422
2.8514042208029875 3.293027292652305 1.6480801370910392
2.8514042208029875 5.629449080183001 3.374205522244396
2.7969984843389963 4.50758599974235 3.5311712286373367
2.7969984843389963 5.630781029644943 4.045275578273418
2.7969984843389963 5.630781029644943 4.8676618354228305
2.7969984843389963 5.288277723658471 4.926766109321905
2.7969984843389963 6.250809127258545 5.536664963501282
2.7969984843389963 7.636207592253623 6.166033191739226
2.7969984843389963 6.347638062514459 5.224837756440663
2.7969984843389963 6.385134636380204 5.288980138410575
2.7969984843389963 5.701377838422349 5.229181591921488
2.7969984843389963 5.517789599970872 4.102328776538824
1.7171215274418867 6.067590292864441 3.1533653238655046
1.7171215274418867 3.826369499871895 3.1951644973028737
1.7171215274418867 3.826369499871895 3.349804343624565
1.7171215274418867 3.798727411755618 3.1254291676016566
1.7171215274418867 4.963852336704576 4.209741015011264
1.7171215274418867 4.963852336704576 3.5378778605423125
1.7171215274418867 5.928479485984305 4.586646446591671
1.7171215274418867 5.928479485984305 3.0975379162748427
1.7171215274418867 3.7908499509064417 2.8894308322662354
1.7171215274418867 3.905401030945925 2.828864540508493
1.7171215274418867 3.905401030945925 2.700385868627893
1.7171215274418867 2.7348909035642675 2.6545725105655653
1.7171215274418867 3.250495386855349 2.9609914512647344
1.7171215274418867 4.4886960953515 3.4772580942231737
1.7171215274418867 4.4886960953515 3.2391425733585297
1.7171215274418867 4.28931388264208 3.560197823495437
1.7171215274418867 4.28931388264208 3.0936590909932256
1.7171215274418867 5.115540005010406 3.8047240984550323
1.7171215274418867 5.115540005010406 3.266391037459228
1.7171215274418867 5.115540005010406 3.6862991841751276
1.7171215274418867 5.115540005010406 3.443267242738418
1.7171215274418867 3.891181783295441 2.859065509881945
1.7171215274418867 7.321385439659037 4.872618953820988
1.7171215274418867 7.685695712087879 6.865728565764592
1.7171215274418867 7.685695712087879 5.977402317305977
1.7171215274418867 9.766759030211498 6.963714595171964
1.7171215274418867 9.766759030211498 2.5635114948466895
1.6103696878792992 2.6401477488129292 1.7470651446386645
1.6103696878792992 3.0461114054133103 2.236755528689681
1.6103696878792992 5.846693435724372 3.5861324067133875
1.6103696878792992 5.846693435724372 4.082116027038421
1.7755049025989398 5.846693435724372 2.5285178190286186
1.7755049025989398 6.4898410473917245 3.6090519276335495
1.7755049025989398 6.4898410473917245 3.115037629078565
1.7755049025989398 6.424609466731418 3.5039769043528493
1.7755049025989398 3.368695711938973 2.253696959576664
1.7755049025989398 6.440088451926904 3.7683856788077295
1.7755049025989398 2.0865995900905543 1.9428269019195015
1.7755049025989398 5.669032969983654 3.697540116562481
1.7755049025989398 5.669032969983654 1.8360852617816663
1.7755049025989398 4.693768604558894 2.5868902805963647
1.7755049025989398 5.57689944699829 4.1589614874423795
1.7755049025989398 6.794142139664867 1.7077496283249596
1.7755049025989398 6.294533609919014 2.053124059366337
1.7755049025989398 1.3071082591410144 1.274733823296682
1.7755049025989398 4.522490251679045 3.080289590128032
1.7755049025989398 7.1172647642409785 5.316109598013638
1.7755049025989398 7.1172647642409785 4.122388586181781
1.7755049025989398 6.598631628636028 4.4843581155085905
1.7755049025989398 6.598631628636028 4.1367059692147405
0.3802862727962162 5.6850011436369705 3.085323118595272
0.3802862727962162 5.6850011436369705 3.5745520428169595
0.3802862727962162 5.507891225816966 2.8670992014574597
0.3802862727962162 6.636505938809815 4.127565774070896
0.3802862727962162 7.709659472255529 5.506928936684341
5.711015733902354 6.636505938809815 1.9198889245765771
2.808972014388854 5.711015733902354 3.2471887386628344
0.3802862727962162 5.507880408604855 3.027101151814738
0.3802862727962162 2.6397539613068273 1.3362149102430132
