3.1684589608902596 7.677968410933241 5.338032785444073
3.1684589608902596 7.214186519864587 6.790737080065205
3.1684589608902596 7.214186519864587 6.988110349596445
3.1684589608902596 7.130902298591977 6.602120450308551
3.1684589608902596 7.740035773077626 7.2567309024518645
3.1684589608902596 6.175681542903007 6.499114065934558
3.1684589608902596 7.770385243900018 6.451786756275778
3.1684589608902596 9.240557864161582 7.428299312629173
3.1684589608902596 9.240557864161582 6.205944559158757
3.1684589608902596 8.048307082124946 4.75079321949311
3.1684589608902596 4.5588431088366015 4.151166222952906
3.1684589608902596 5.0772994764818264 4.573940212014966
3.1684589608902596 6.345113734983897 5.256599237636918
3.1684589608902596 6.6175593200707254 5.975097740844307
3.1684589608902596 6.6175593200707254 4.90082604595812
3.1684589608902596 6.497568850048296 4.700611626942275
3.1684589608902596 6.497568850048296 4.6727104479946
3.1684589608902596 6.497568850048296 3.5933674652675416
3.1155282103236677 3.259641524060229 2.965129090450335
2.7945777346071776 6.523230970181803 4.276842950838913
2.7945777346071776 6.523230970181803 4.521509351466041
2.7945777346071776 7.566176236301418 5.599669446017828
2.742751904416942 7.566176236301418 4.528885296020323
2.742751904416942 7.566176236301418 5.038495044902207
2.742751904416942 6.450425881431439 5.866797562994254
2.742751904416942 7.588386114065409 6.177372137889849
2.742751904416942 6.902071319135153 5.391286046728475
2.742751904416942 9.40257604384649 6.674686436741311
2.742751904416942 9.40257604384649 6.334662859523086
2.742751904416942 9.40257604384649 4.402705720395746
2.742751904416942 12.552640169169399 7.111907967317799
4.978149734171836 13.838469424940333 6.8478803725248465
1.5656906475578407 13.838469424940333 2.744591362575852
1.5656906475578407 4.978149734171836 1.9055714130123085
1.5656906475578407 2.9218008513583773 2.1114821588387658
3.5839204625814074 2.9727248652274736 2.5137951549570214
3.5839204625814074 6.28185358857122 3.9214373202331414
3.5839204625814074 5.696902287534403 4.771329721886661
3.5839204625814074 7.749183087716592 6.404142994453922
3.5839204625814074 8.951391952692413 7.398458495828399
3.5839204625814074 9.055156826015422 7.461575920570555
3.5839204625814074 9.09331548025866 6.465890461318209
3.5839204625814074 9.09331548025866 4.821516193714155
3.5839204625814074 6.5754754090597345 4.020297900310714
3.5839204625814074 6.169182976034637 3.870084074715634
3.5839204625814074 4.257097221764589 4.039760250678297
3.5839204625814074 4.257097221764589 3.5512615965823375
3.5839204625814074 4.637043811614969 4.13941147670988
3.5839204625814074 4.637043811614969 4.296940090898479
3.5839204625814074 6.139986742476019 4.324460166889296
3.5839204625814074 6.524575881180514 5.62156891875751
3.5839204625814074 6.524575881180514 4.965240179456533
3.5839204625814074 5.85072013485869 4.047901408450229
3.043074277196109 5.2611045932757 4.031266600795783
1.8596020139056333 4.377281904131326 3.067126281059434
3.800429128509198 4.888302690831065 3.1409753772202387
3.800429128509198 5.4828977873959275 4.881741179761776
3.800429128509198 5.4828977873959275 5.320671215470729
3.800429128509198 6.583218151746628 5.068528999380157
3.800429128509198 6.623401818582227 6.121619113427373
3.800429128509198 6.622661759756159 6.150724521642336
3.800429128509198 5.918754271709037 6.903118206505211
3.800429128509198 7.749213361309234 7.174635660769768
3.800429128509198 8.06061573758161 6.680865239864058
3.800429128509198 8.06061573758161 6.439154658778462
3.800429128509198 7.392752324185752 6.048493915943313
3.800429128509198 6.69344915141081 4.955989924718774
3.800429128509198 4.528581147229016 4.006385329968692
3.800429128509198 4.569281184392512 4.387036742710834
3.800429128509198 4.608321821350714 4.238487092949262
3.800429128509198 5.041917529839424 4.5876558821371285
3.800429128509198 5.041917529839424 4.74139112171062
3.800429128509198 5.041917529839424 4.637787202830682
3.800429128509198 5.041917529839424 4.919520779226586
3.800429128509198 6.479338022192504 4.715593355261875
3.800429128509198 6.503048475911299 4.832534997204208
3.800429128509198 6.008842814515688 4.633149537821942
3.800429128509198 6.574390647576312 2.7065392327605506
3.800429128509198 2.2692812014424395 2.042150172112783
3.800429128509198 5.316380445422897 3.4236103151359925
3.800429128509198 6.453480473365882 4.695124052502242
3.1554888870565603 6.453480473365882 5.695386968538939
3.1554888870565603 6.294523957254196 5.386314469902806
3.1554888870565603 6.2639218452932575 4.747888937255448
3.1554888870565603 4.8872104411942665 4.357469476760619
3.1554888870565603 6.399969985095591 5.159299714118725
3.1554888870565603 6.145819954789463 5.705347748675451
3.1554888870565603 7.740899742750711 6.548486070186252
3.1554888870565603 5.901185743902854 5.795582018639537
3.1554888870565603 6.067952260965949 5.853308889930608
3.1554888870565603 6.060432609651336 5.754838955301027
3.1554888870565603 6.622153912467123 6.105824154841012
3.1554888870565603 6.622153912467123 6.274714942059304
3.1554888870565603 6.622153912467123 6.250469373001184
3.1554888870565603 6.5845454641548855 6.08881448231113
3.1554888870565603 7.528819753855121 5.591331765767624
3.1554888870565603 6.313215430218193 4.098659791445568
3.1554888870565603 6.422057990460399 4.942885593243681
2.8204607570687483 6.422057990460399 3.9275219517339295
2.8204607570687483 6.422057990460399 3.5674358343362416
