3.0751049274059317 6.785367943571417 5.540650976365953
3.0751049274059317 7.646773464994245 6.060283920683343
3.0751049274059317 7.563809325077385 6.8194661521163615
3.0751049274059317 7.563809325077385 6.2121893232692
3.0751049274059317 6.667187647191639 5.443694849325696
6.527409180568714 8.189903216372343 5.359902299191451
3.0751049274059317 8.261706900509383 7.067804508576424
3.0751049274059317 8.428711338436353 7.224388168384551
3.0751049274059317 6.890948067232095 5.403294420306437
3.0751049274059317 7.511301884481933 4.1609183723180045
2.8089779405658075 5.803024814283294 4.168694357097935
4.093130474964507 4.5459026529772295 3.6948733528631132
4.093130474964507 6.3291555271057796 5.159945717076042
4.093130474964507 6.3291555271057796 3.967199968879998
4.093130474964507 6.1722326819942985 5.163981412674183
4.093130474964507 5.093135331653915 3.885016603193714
3.59075521591522 5.093135331653915 4.198227566316305
3.59075521591522 6.640892569803409 4.976468606820935
2.0950164295030835 6.640892569803409 3.590572234861488
3.4121493392503486 4.309075072885044 2.1556667975130797
0.9170332752839951 3.59075521591522 1.7559472559861184
2.9775023197301462 5.806170167192139 3.1650051290160848
2.9775023197301462 5.295019027414984 3.408246695389626
2.9775023197301462 6.383184126432123 5.456107757895594
2.9775023197301462 6.59594509014056 4.702382912886138
2.9775023197301462 6.256203912551502 5.560489704191091
2.9775023197301462 6.256203912551502 5.438110299615246
2.9775023197301462 6.092199131629403 5.188661291182907
2.9775023197301462 5.293235120665734 5.142847556481508
2.9775023197301462 7.27266001347431 5.884672932855198
2.9775023197301462 7.27266001347431 4.449348293490204
2.9775023197301462 4.631120310727752 4.409166610960106
2.9775023197301462 4.631120310727752 4.277992742172374
2.313193877562217 6.595743179299859 4.315305418447587
3.320912930026488 6.595743179299859 3.472684146115046
3.320912930026488 3.2115815020995204 2.9648562014586357
3.320912930026488 3.3182550801337176 2.987242433569504
2.7349478655665327 3.320912930026488 3.041896974557811
2.2417934912319386 3.2824673645915436 2.850167144630991
2.2417934912319386 5.769470972579292 4.247256646519599
1.0194575896489586 6.822027425749042 3.138397835084916
1.0194575896489586 3.9703079953902045 3.540540471095518
1.0194575896489586 6.170609706323482 5.146504282449715
1.0194575896489586 5.97295021053721 4.260565946074808
1.0194575896489586 5.99876659133524 4.827571852391105
1.0194575896489586 6.431040831296098 5.270493692468088
1.0194575896489586 7.5475203991178645 6.718424193461353
1.0194575896489586 8.860743067294555 5.795796179126584
1.0194575896489586 8.860743067294555 1.8504827333050522
1.0194575896489586 1.0194575896489586 1.0194575896489584
1.0194575896489586 5.065451261564981 4.107994321288034
1.0194575896489586 5.951470042728172 5.35284551091904
1.0194575896489586 7.777624555336498 6.7283807123128225
1.0194575896489586 7.777624555336498 5.708236047698659
1.0194575896489586 7.777624555336498 3.664841581046753
1.0194575896489586 4.0072601434416555 3.159214362421228
0.47786162548129285 6.436756451748231 2.5399053619733896
0.47786162548129285 3.596676452244385 1.758743729165071
0.47786162548129285 3.596676452244385 1.5726223079595898
0.47786162548129285 3.3639534318791715 1.9176915246108466
0.47786162548129285 3.3639534318791715 1.6920497610587204
0.47786162548129285 0.7888978928890258 0.7649720261653538
0.47786162548129285 5.685541486921924 2.5933048088679813
0.47786162548129285 5.232743124936324 2.5261464230168995
0.47786162548129285 5.7074767603044165 4.481328354503909
0.47786162548129285 5.670544865018403 3.195058147604303
0.47786162548129285 5.721185398814342 3.4506260668848574
0.47786162548129285 3.343470015278666 2.3346253661755227
0.47786162548129285 3.343470015278666 1.7124976372348135
0.47786162548129285 2.131981197809765 1.752947101723045
0.47786162548129285 4.384335633643616 2.182179278162823
0.47786162548129285 5.7159542153167 4.460847327618692
0.47786162548129285 5.7159542153167 3.9816098900425585
0.47786162548129285 3.4330636744573018 3.1840288587493024
0.47786162548129285 0.47786162548129285 0.4778616254812925
0.47786162548129285 0.47786162548129285 0.4778616254812925
1.2625270524210106 2.8332875684095 1.2026080694592023
1.2625270524210106 3.0315419080712975 1.5582648219616797
0.47786162548129285 4.684940175665364 3.126189758100935
0.47786162548129285 3.851660824869342 2.714216823201245
0.47786162548129285 6.122828388787646 4.312576443566234
0.47786162548129285 6.122828388787646 2.9187061197216506
0.4640595971688275 1.818315955192745 0.9886433578775361
0.4640595971688275 5.682408007668599 2.3294382116724184
5.749562579658967 5.682408007668599 1.5838448557766815
5.749562579658967 3.2003129922669804 1.6267841346722967
0.7233975316537387 5.749562579658967 1.604664603040019
0.7233975316537387 5.665395156506992 2.814242680630116
0.7233975316537387 5.665395156506992 1.8837309106495543
0.21301017015878232 0.7233975316537387 0.5074644171751029
0.21301017015878232 5.663637615945902 2.938323893052342
0.21301017015878232 5.6427571663434115 2.301374399460563
0.21301017015878232 5.6056516667457785 3.5936885136893006
0.21301017015878232 5.6056516667457785 0.5510780045118339
0.21301017015878232 2.877477448106181 1.3402847877519122
0.21301017015878232 5.596967881012549 2.7842270684916532
0.23759991648709589 5.596967881012549 0.4200854667300807
0.14035271354513812 0.23759991648709589 0.2046266174725925
0.14035271354513812 3.003826811985498 1.0642851898165169
0.14035271354513812 5.153687639864966 3.5680730187294944
