6.077278185212492 7.675224734396714 5.346169778174126
6.077278185212492 7.554578485311167 4.563704735920536
6.077278185212492 6.559552970900931 5.447513228142426
6.077278185212492 6.559552970900931 5.947640019720475
6.077278185212492 6.559552970900931 5.740074907688783
4.055185609074606 6.32232242425054 5.6072556346481885
4.055185609074606 7.4139042431580595 6.0282018259473364
4.055185609074606 7.4139042431580595 5.827203695856732
2.977743134319177 6.668012001206542 6.095231117878334
2.977743134319177 6.554164698067659 4.9518908342441135
2.977743134319177 6.727803516478129 5.61357764769976
2.977743134319177 6.663771584790755 5.411658037756897
2.977743134319177 7.241439602491784 5.709770394191529
2.977743134319177 7.719856090259842 5.960251743005504
2.977743134319177 7.719856090259842 5.084066495998819
2.977743134319177 7.719856090259842 5.3548786487828215
2.977743134319177 6.4289672130994475 5.904786725347627
2.977743134319177 6.27599350351365 5.115853516534172
2.977743134319177 7.158803364841038 5.691251076655675
2.977743134319177 7.208826300198593 6.590545962015664
4.233758722333871 7.5859422054783785 3.9382167262876213
3.6667331553339513 5.98537276753914 4.987342458456787
3.6667331553339513 6.343039917903141 5.977532444425366
3.6667331553339513 7.730575280676822 6.239513923119553
3.6667331553339513 4.385372636291763 7.049736903996872
3.6667331553339513 7.9185359166904465 6.8280607291670785
3.6667331553339513 9.391198142364102 6.503709455098491
2.9847298068719863 9.391198142364102 4.246440715250907
2.9847298068719863 6.393654829479647 4.211885903185969
5.75120922650013 6.42245767303071 5.573412495200278
5.75120922650013 7.774105206078927 5.691131190245341
7.465683187254351 7.774105206078927 5.169242675033737
5.522287016866013 7.465683187254351 6.537176814825816
3.7145018409691954 6.917009841494018 5.584938010745904
4.569905569740854 6.917009841494018 3.9400123235861804
4.569905569740854 4.430896268298465 4.059163162360032
3.7371563841286357 5.176902684337449 4.369539745937078
3.7371563841286357 6.420820320990963 5.375128034675128
3.7371563841286357 7.663991730397816 5.673827365858915
3.7371563841286357 6.621888978246584 6.131865882007579
3.7371563841286357 6.621888978246584 4.791773590814383
4.553085421605672 6.532581195568163 4.334012407017354
3.9447220675611523 6.491486209312875 4.65949506602914
3.9447220675611523 6.062501526069575 4.810484491913055
3.9447220675611523 5.668987947967391 4.650086429677359
2.7878637661599055 5.699197153058833 4.838452594266492
2.7878637661599055 7.704124332392892 6.488190909066643
2.7878637661599055 9.057008394933257 7.927212324347504
2.7878637661599055 9.057008394933257 5.561720118456507
2.7878637661599055 7.583373033609085 5.170011154301336
