1.260240291893855 7.7547925584783695 5.235549621315219
1.260240291893855 6.971170544354866 3.963184316006182
1.260240291893855 6.1752301041847595 5.252380305609623
1.260240291893855 6.513742327163062 5.8053022546935145
1.260240291893855 6.615149345311647 6.189949804014179
1.260240291893855 6.615149345311647 4.870557214622702
1.260240291893855 6.39322483402891 4.848184483181915
1.260240291893855 7.390225016300429 3.256812140572088
1.260240291893855 4.113837064501624 2.707048272811916
5.7165808187521066 6.230994589732628 4.153558965707389
5.7165808187521066 7.493302235276861 6.122405178635298
5.7165808187521066 7.493302235276861 5.751059740189345
1.260240291893855 6.245664094456583 5.47394894407385
1.260240291893855 8.006657171249214 6.846439763368188
1.260240291893855 6.450483702692356 4.5958247449653395
3.0557650706149677 6.51062661799801 3.5383395845484014
1.0439299289675898 6.527691639354682 3.641811915897214
3.699338369518817 6.527691639354682 1.1477776050172013
6.246968891057136 6.696137801568689 5.89350221862886
6.246968891057136 6.696137801568689 4.8587945972221895
6.246968891057136 7.7170651342038905 6.876784891729772
6.246968891057136 7.7170651342038905 5.395467975743109
6.246968891057136 8.390397621052392 5.952694331199992
6.246968891057136 8.390397621052392 5.110275433134353
4.177394378756315 7.648095524515293 6.56119286749717
2.9612094601404917 7.648095524515293 5.3028066429544705
2.9612094601404917 5.6749551032656385 4.636971252268717
2.9612094601404917 6.331127631830444 4.884044125278794
2.9612094601404917 6.331127631830444 4.816940618449165
2.9612094601404917 6.512208444580377 4.44453692417455
2.9612094601404917 6.512208444580377 5.114637484327299
2.9612094601404917 6.530630013608395 5.41806096411523
2.9612094601404917 8.57850073433827 6.812067439943527
2.9612094601404917 8.57850073433827 6.321548995741798
2.9612094601404917 8.57850073433827 6.427618488385726
2.9612094601404917 11.316586198686894 8.189891316724271
2.9612094601404917 11.316586198686894 6.551530531888566
2.9612094601404917 7.591900479296999 5.8347925221940065
2.9612094601404917 7.591900479296999 5.577570533553561
2.9612094601404917 6.783904090554239 5.397017848200945
2.9612094601404917 7.157594358495944 6.6088154397194705
5.267951321299577 7.703492463247061 4.0852552915118405
6.349712782987702 6.147850282621736 4.793888766029229
6.349712782987702 6.147850282621736 4.349224340083636
4.050170811878889 6.572827939948983 5.222075356128868
3.743934107860199 6.572827939948983 4.320066529646635
3.174368307913771 6.361668255745901 3.6796993544578736
3.174368307913771 7.438958302080755 6.4551334564610965
3.174368307913771 7.104762930171139 5.917721368134288
3.174368307913771 6.621633081243825 5.936839978888363
