3.7538744159586206 7.782893110642826 5.509729093271407
3.7538744159586206 8.190099082950693 5.827776205157948
6.169707345499752 9.211144067662152 5.8750259596936925
6.169707345499752 7.683917517617703 6.3301977136574905
6.169707345499752 7.183955831076091 5.449876869850408
6.169707345499752 6.984336296797066 6.317461197531335
6.169707345499752 9.290506128940699 7.435326578015912
5.791285270062854 6.9322175375556245 3.972260920176252
5.791285270062854 6.840298003659338 5.610070085030402
6.169707345499752 6.840298003659338 5.674168558795467
6.169707345499752 7.35054300414858 6.1628729149849475
6.169707345499752 7.35054300414858 6.426225189495151
6.169707345499752 7.35054300414858 5.563285881613269
6.169707345499752 7.35054300414858 5.26318262560128
6.169707345499752 6.630004967823922 5.42579315268203
6.169707345499752 7.484970755897873 5.675699223053618
6.169707345499752 8.353105157050562 5.6425353222438615
6.169707345499752 8.353105157050562 4.451430644034435
6.169707345499752 6.453867575635982 4.828157429008795
6.169707345499752 6.453867575635982 4.326016553851552
6.169707345499752 6.453867575635982 3.7305322836218098
6.169707345499752 6.5073955007482915 4.934088678160588
6.169707345499752 6.614753762859227 5.2373126147767906
6.169707345499752 6.614753762859227 4.9275766977324915
6.169707345499752 10.018432612949129 7.405168195696803
6.169707345499752 10.018432612949129 6.50207820673911
6.169707345499752 7.399690251372283 6.076830361232189
6.169707345499752 7.399690251372283 5.684633395944209
6.169707345499752 7.399690251372283 5.935968207554368
6.169707345499752 6.551437728770434 4.67994282241828
6.169707345499752 6.167442891567873 5.4027492435973645
6.169707345499752 6.884335036470235 6.300241538206986
6.169707345499752 7.104737419321667 5.298493316372676
6.169707345499752 7.6476451969853425 6.592060787406288
6.169707345499752 7.6476451969853425 5.462303241408231
6.169707345499752 7.264362106769145 6.107028111200848
6.169707345499752 7.264362106769145 4.609737851302653
3.6404584050568443 6.429773997689843 5.474279870112472
3.6404584050568443 7.766306072779328 6.092047486398185
3.6404584050568443 7.766306072779328 6.06575160296297
3.6404584050568443 7.766306072779328 5.93279562537027
3.6404584050568443 7.623086244474724 6.395624115572274
3.6404584050568443 7.623086244474724 5.465606875699735
3.6404584050568443 7.623086244474724 6.329785523204045
3.6404584050568443 8.349642363057804 5.8698791317691255
3.6404584050568443 9.1954815510728 6.859008126613512
3.6404584050568443 9.1954815510728 5.348736989972517
3.6404584050568443 9.1954815510728 4.907982303012177
3.6404584050568443 5.8119969492588694 4.831470694741292
3.6404584050568443 7.265908412636623 6.508382645956857
