2.8790826662595035 7.774766968124631 5.5785292758918965
2.8790826662595035 7.655763783115345 5.3140807262505465
2.8790826662595035 6.295563709551367 4.539085237551067
2.8790826662595035 4.54050046462622 3.924161950126737
2.8790826662595035 5.119127908724369 4.886873587865877
2.8790826662595035 5.119127908724369 3.8167578970494587
2.8790826662595035 6.594714781232764 5.708682803387226
6.233706893998793 6.912375052681551 5.98347961169036
6.233706893998793 6.912375052681551 4.216182557324496
3.296964776723993 7.506095579902924 5.919243026202412
3.296964776723993 7.506095579902924 5.386266473654316
3.296964776723993 7.506095579902924 5.947643180335417
3.296964776723993 7.002337021498482 6.222977508026699
3.296964776723993 6.672562020404481 4.646288112268476
1.8777458540961693 6.496689849412775 3.3583825688336275
3.8916409685536704 6.580668380625724 5.490334697038775
3.8916409685536704 6.580668380625724 4.4771428861959235
6.080208098680004 6.580668380625724 3.7925492149354914
3.5804589657439014 6.080208098680004 4.841261009281712
2.2508697049078035 6.212042172379579 5.449635941121669
2.2508697049078035 7.782597169136736 6.496773966458155
2.2508697049078035 7.782597169136736 5.6845084332455516
2.2508697049078035 7.782597169136736 6.535445282036568
2.2508697049078035 7.659704395877805 5.761289854054584
2.2508697049078035 7.1740072127187045 5.949136537001344
2.2508697049078035 6.32894994513163 4.360525412994471
6.081474760788215 7.005583682771384 5.749694035044954
6.081474760788215 6.947954339870035 6.29252744133321
6.081474760788215 6.947954339870035 6.118094041152229
3.025007627213029 7.6893498436932255 6.068468426904612
3.025007627213029 7.6893498436932255 5.448983519898635
1.8475084824973966 7.617474629804917 4.069114796396153
1.8475084824973966 7.617474629804917 5.489814518564799
1.8475084824973966 6.655915666491211 4.048596911198431
2.3974433910944204 6.088975765429854 4.058380959208263
2.3974433910944204 6.151123348086195 4.981072563203721
2.3974433910944204 7.703695014574723 5.000091321819507
2.3974433910944204 7.703695014574723 4.94630120639863
2.3974433910944204 7.703695014574723 5.694356157518473
2.3974433910944204 6.039437026886031 4.736706822636
2.3974433910944204 7.543758034319897 5.388884304383315
2.3974433910944204 7.543758034319897 5.596850842118961
2.3974433910944204 7.543758034319897 5.338741471839804
2.3974433910944204 6.665540107037149 6.135891704807728
2.3974433910944204 6.665540107037149 4.524900552085759
2.3974433910944204 6.617562915294393 5.8908974114295685
2.3974433910944204 6.617562915294393 4.493250064850198
2.3974433910944204 6.617562915294393 3.6171575928938977
2.3974433910944204 7.658939698663172 6.533826865916204
2.3974433910944204 7.647168095220811 5.107849495531953
