5.705089065607186 7.755276393363355 5.549889878656578
5.705089065607186 7.732677194382298 4.673220782809653
5.705089065607186 6.414431470869854 4.914682371046662
5.705089065607186 6.414431470869854 4.172855355993095
5.705089065607186 7.2832842923991805 4.357754902126829
5.705089065607186 7.2832842923991805 5.397212246433959
4.651647732802413 7.220711511049846 5.673433853256008
2.806311057593334 7.220711511049846 4.32691035069733
2.806311057593334 7.6563194338572895 5.030474651860303
2.806311057593334 8.303022200527451 6.704510332060966
2.806311057593334 8.303022200527451 6.17381928297531
2.806311057593334 7.372642613435934 5.195025714493823
2.806311057593334 6.637378920863455 4.264804331267732
3.5116177104720987 6.637378920863455 3.998568682325252
2.806311057593334 6.786421201739614 5.613221717345314
2.806311057593334 6.683342736046679 3.816446236575649
2.806311057593334 6.683342736046679 5.36350530804821
2.682112819390117 6.683342736046679 5.422878803078809
2.682112819390117 6.663918619343999 4.316619555255361
2.682112819390117 6.317659014970605 4.84347404143374
2.682112819390117 6.265130688419955 4.7342923093639335
2.682112819390117 4.879092803206401 4.484928952628076
2.682112819390117 7.696209132131017 5.908886064689771
2.682112819390117 7.696209132131017 4.679419144193915
2.682112819390117 7.696209132131017 5.912283952003578
2.682112819390117 10.444732589737532 7.906623304707458
2.682112819390117 10.444732589737532 5.232557330567671
2.682112819390117 7.154388500175633 6.106467003899422
2.682112819390117 7.154388500175633 5.414617944376207
2.682112819390117 6.292502439905334 5.97049963524034
2.682112819390117 6.292502439905334 5.402718212642184
2.682112819390117 7.661740661840497 6.637387855901795
2.682112819390117 7.661740661840497 5.00787202795813
2.682112819390117 7.661740661840497 6.036888664471808
2.682112819390117 7.416142971289485 6.027171503133526
2.682112819390117 10.445195840043368 6.4469964548125684
2.682112819390117 10.445195840043368 3.8804398546525816
2.682112819390117 5.715485625782399 4.5010042723179
2.682112819390117 6.0981227863417935 4.441148818911201
2.682112819390117 6.0981227863417935 4.298421941983985
2.682112819390117 4.546735240265839 3.8615263794253525
2.682112819390117 4.546735240265839 3.5171990997095155
2.682112819390117 6.717044949215367 4.99091299228964
2.682112819390117 6.717044949215367 4.781289111897879
2.682112819390117 6.717044949215367 5.005956391540356
2.682112819390117 6.437196511937984 5.361269150973036
2.682112819390117 6.437196511937984 4.909702135237334
2.682112819390117 7.756524329121822 5.34138807727767
2.682112819390117 7.756524329121822 4.491415182685959
2.682112819390117 5.724833566585158 4.557879100633699
