2.591229805143286 7.715717919882616 5.575277789880602
2.591229805143286 7.032719183425893 4.439768805102946
2.591229805143286 7.771852982705724 5.383791178709766
2.591229805143286 7.771852982705724 5.640624733227642
2.591229805143286 7.771852982705724 6.580791415748065
2.591229805143286 7.771852982705724 4.962889966773642
2.591229805143286 7.631416425212414 5.388980606605414
2.591229805143286 7.742402511847352 5.922359037741737
2.591229805143286 7.512443823581341 5.66404799417435
2.591229805143286 6.257471411430828 5.265322359669563
2.591229805143286 7.467432902123205 6.496702869400889
2.591229805143286 10.238209212148487 7.550050221797963
2.591229805143286 10.238209212148487 5.035274664352105
2.591229805143286 6.362534996374251 5.185081735653869
2.591229805143286 6.7941117609772 6.1014015486001
2.591229805143286 6.7941117609772 6.090285823439336
2.591229805143286 6.7941117609772 5.390863643218701
2.591229805143286 7.5114283068044365 5.90454354095911
2.591229805143286 7.5114283068044365 5.716298947147669
2.591229805143286 7.611231450886802 6.109432898403726
2.0986029417693826 7.611231450886802 3.5537380055263683
2.0986029417693826 5.818757815374148 5.099200285708909
2.0986029417693826 7.231819722256894 4.866323305474322
2.0986029417693826 6.179828162513388 5.05014551944782
2.0986029417693826 7.631735812715403 5.9023671789161565
2.0986029417693826 7.631735812715403 6.560318081845312
2.0986029417693826 7.631735812715403 4.820323630310115
2.0986029417693826 6.508177200174067 5.616020085334518
3.3050104836683087 6.508177200174067 3.1025459851043324
0.5696957587247842 7.376113556648461 4.383184383850924
3.9420924394065193 7.376113556648461 3.372211381937567
3.9420924394065193 5.021916466398185 3.6772802421860984
3.9420924394065193 6.191116781850532 4.5248515416279265
3.9420924394065193 6.676411725996136 4.990307009150507
3.9420924394065193 6.944950846812704 5.633612075867704
3.9420924394065193 6.934483349766184 6.278414138521395
3.9420924394065193 8.101189142097825 7.457333725029038
3.9420924394065193 8.852687030152788 8.364882405979593
3.9420924394065193 8.852687030152788 6.8900227141185955
3.9420924394065193 8.852687030152788 6.8239455193907155
3.1476770283823794 8.30441239829145 6.0772222174786785
3.1476770283823794 8.624746175983853 4.86506078130135
3.1476770283823794 7.594438160771116 4.260208515581582
3.1476770283823794 6.89603663795736 5.232425490026244
3.1476770283823794 6.915280616391655 6.295049806372369
3.1476770283823794 6.946788324179927 4.749848523460778
3.1476770283823794 7.008824429139848 6.018195105042488
5.634685578253169 7.008824429139848 3.8789325555513408
3.8153366436128526 7.008824429139848 5.446991151730319
3.8153366436128526 7.6490527502512045 5.119820285360538
