2.217511656032919 7.762122245979889 5.38830606234726
2.217511656032919 8.452917420061766 6.359982446386433
2.217511656032919 8.452917420061766 5.314425366561008
2.217511656032919 5.636526518113364 4.957578157371408
2.217511656032919 5.636526518113364 4.16187941146925
2.217511656032919 7.6160729139111645 6.064859812326738
2.217511656032919 7.6160729139111645 5.465650955435154
2.217511656032919 7.65760893954689 5.9653065663019795
2.217511656032919 7.650108744223115 5.866123821549869
2.217511656032919 7.684954641093453 6.838998545766905
2.217511656032919 7.684954641093453 5.536878133217707
2.217511656032919 7.289183827551323 4.559331275956681
2.217511656032919 7.289183827551323 5.212000522500959
2.217511656032919 8.446335635966676 6.350890707399568
2.217511656032919 8.446335635966676 4.392042668602582
3.102663484695132 7.67405657607091 4.584443444631072
3.102663484695132 7.67405657607091 5.593084747780247
2.568372615061286 7.67405657607091 4.74077343767668
4.625985299907192 7.364372920973109 3.0314958049019247
4.625985299907192 5.96362859029956 4.243774862577539
2.7492252036751634 6.321000710073516 5.535373687606662
2.7492252036751634 4.625985299907192 5.167497901837485
2.7492252036751634 5.7785405749202 4.582048714663923
2.7492252036751634 7.630347623538906 7.026346625107595
2.7492252036751634 7.657695598961059 7.217300758694044
2.7492252036751634 7.47549348586354 6.671898604356322
2.7492252036751634 8.097044799759527 6.004352310335385
2.7492252036751634 8.097044799759527 4.855545600428637
2.7492252036751634 6.334759727323348 4.833156662186715
2.7492252036751634 6.3478003282881446 5.059017238915696
2.7492252036751634 6.966285092902325 5.756254789836647
2.7492252036751634 6.966285092902325 5.178189785740787
2.7492252036751634 6.966285092902325 6.070583315304149
2.7492252036751634 8.801508722290224 7.109116346281866
2.7492252036751634 8.1507789195591 5.486781140089347
2.7492252036751634 8.1507789195591 4.798004099808478
4.112917111889473 5.382816425461964 3.6594096486699534
2.7492252036751634 6.293728326282828 4.92692399162756
2.7492252036751634 6.293728326282828 5.38506559451534
2.7492252036751634 5.628601606043965 4.258810076554321
2.7492252036751634 6.654615135066518 5.3335555691824075
2.7492252036751634 6.654615135066518 3.989814713253294
2.7492252036751634 7.497253376093008 6.0265394954565075
2.7492252036751634 7.497253376093008 6.102514873191874
1.7793216399488192 7.497253376093008 3.1194848989098882
5.904249017740877 4.874054183294966 5.582116115721111
5.904249017740877 6.48841375378483 5.741785670387026
3.951810597801668 9.14761663585239 7.658799701097828
5.904249017740877 9.14761663585239 5.789379031047544
2.390400558127443 6.64956648507345 4.066319111584533
