3.81254375020572 7.783850370860616 5.355178816382701
3.81254375020572 7.431449254383015 3.2340076333444494
3.81254375020572 7.73548017113462 6.159033381718216
3.8026127258415596 7.73548017113462 5.507437710210089
3.8026127258415596 7.73548017113462 5.5969258421938015
3.8026127258415596 6.324552271270903 5.247837214779992
3.8026127258415596 6.33387664061215 5.070013303998615
6.073402506019743 5.650144605090155 3.6959064139893707
2.336576586931138 5.7645830010377495 4.39311615269855
2.336576586931138 6.705644652471008 3.9375222847360067
6.073402506019743 7.5035475795032465 6.325275753687219
6.073402506019743 7.5035475795032465 4.995783276200251
6.073402506019743 6.1557742705681875 4.694585383427273
6.073402506019743 6.1557742705681875 3.5043482759395874
6.073402506019743 7.591774319484957 5.323010756553718
6.073402506019743 7.473784152003466 5.2805996203346615
6.073402506019743 7.473784152003466 4.806553802751478
6.073402506019743 6.3029093019172 5.131116957677807
6.073402506019743 6.2586879163299045 5.603457046203353
6.073402506019743 7.366729969050089 6.270481761496756
6.073402506019743 7.1404774464136285 5.263092184713932
6.073402506019743 7.1404774464136285 4.935320096857799
6.073402506019743 7.749526151592052 7.210734050607325
6.073402506019743 7.749526151592052 5.3340035466833555
3.882080165023297 6.37848943545178 4.134260043829366
6.073402506019743 8.562332897271926 6.337030054334455
6.073402506019743 8.562332897271926 6.222872342659704
6.073402506019743 8.562332897271926 6.0961968686034105
6.073402506019743 7.651229502326791 5.545106413718303
6.073402506019743 7.651229502326791 5.020330357601472
6.073402506019743 6.639466644419006 5.7549300418708205
6.073402506019743 6.4954405979099725 5.150095851170125
6.073402506019743 6.6070416283764715 5.568537066253245
6.073402506019743 7.448737460923343 4.910643289197303
6.073402506019743 7.448737460923343 5.151051898523364
6.073402506019743 6.235857901793125 4.92400967676139
6.073402506019743 6.298681407759705 4.836428753391337
6.073402506019743 6.733450426183348 5.586181617777628
6.073402506019743 7.179757952641435 4.732400502796102
6.073402506019743 7.179757952641435 4.7330338937980105
6.073402506019743 6.32800602263719 5.329061069058215
6.073402506019743 6.32800602263719 5.004897006080979
2.639104091707932 6.406989066675031 5.271607967567742
2.639104091707932 6.406989066675031 5.535243555108984
2.639104091707932 6.406989066675031 5.697690984603321
2.639104091707932 7.718506388785489 6.620798861862758
2.639104091707932 7.718506388785489 6.782331999622041
2.639104091707932 7.740959892598868 4.3874097494220425
2.639104091707932 5.363782148872399 4.790399862477036
2.639104091707932 5.363782148872399 3.5403983419284555
