4.9663197319955295 7.6739663602116845 5.6273399945687075
4.9663197319955295 8.328264618569994 7.115229303872002
4.9663197319955295 8.492071758933735 6.113232525175658
4.9663197319955295 8.492071758933735 4.850844541468504
4.9663197319955295 6.362629395266037 5.324519876425695
4.9663197319955295 5.2213749119982324 3.265765237970173
4.9663197319955295 6.48615251321916 5.1100467051548195
4.9663197319955295 6.48615251321916 4.898379056306885
4.9663197319955295 7.6009091125289086 6.570377520176386
4.9663197319955295 8.619810032578226 6.775677844359209
4.9663197319955295 9.209290544113273 5.910564160175206
4.9663197319955295 7.6571553750638905 5.14708324083907
4.9663197319955295 7.6571553750638905 6.385344497400328
2.9588098875804474 7.6571553750638905 6.202001693911702
2.9588098875804474 7.299480369332185 5.86417164873444
2.9588098875804474 7.299480369332185 5.758618560372084
2.9588098875804474 7.995916907006389 6.702370882276092
2.9588098875804474 7.995916907006389 4.709282501957258
2.9588098875804474 6.237845625160059 5.085204577947164
2.9588098875804474 6.237845625160059 3.9351912007418344
2.9588098875804474 6.212109463333977 3.952058485777221
2.9588098875804474 6.283139021272479 5.553631758756193
2.9588098875804474 6.464959214356533 5.909590260284597
2.9588098875804474 6.74005771254625 6.3390193557250845
2.9588098875804474 7.684263929862132 7.067919223855338
2.9588098875804474 7.684263929862132 5.39825522598948
2.9588098875804474 6.881811226060837 5.562990104712366
2.882716659953179 6.5840932026960886 5.871309695818718
2.882716659953179 6.62358483156822 6.0201775087409635
2.882716659953179 7.897413976471251 7.173649817437671
2.882716659953179 7.897413976471251 4.736649988712478
2.882716659953179 7.751449031277556 5.894997553151052
2.882716659953179 6.417180679823215 5.424471650259252
2.882716659953179 6.288700930594199 5.957344487811659
2.882716659953179 9.664086536532889 7.410496352066599
2.882716659953179 9.664086536532889 5.310378856272813
2.882716659953179 9.664086536532889 4.022613715190331
2.882716659953179 3.2833472242279744 3.176383058406626
2.682463916480217 5.91783796710056 4.571823800058713
2.682463916480217 4.427187888936103 3.983140024124453
2.682463916480217 5.663597899419809 4.289207281049218
2.682463916480217 7.667484479043736 5.152059640291903
2.682463916480217 7.667484479043736 3.968482883563161
2.682463916480217 9.844170447871775 7.511801539259086
2.682463916480217 9.844170447871775 5.892235952612063
2.682463916480217 6.332850976912287 4.77621478585724
6.125704486535561 6.332850976912287 3.9799527113848017
3.7584937647041845 6.416057426256941 5.878795777250577
3.333190876802082 7.9546633620300184 5.704429729641525
3.333190876802082 7.9546633620300184 4.081946980894738
