5.384725941971986 7.692174557479968 5.269440434617479
5.384725941971986 7.632179492703102 4.3119864683066655
5.384725941971986 7.032916130128553 5.296380556175293
5.384725941971986 7.032916130128553 5.653386798618197
1.6661548884588275 6.430289988247164 3.9273971723358483
1.6661548884588275 5.899691847663487 2.1331741508348063
1.6661548884588275 6.6301938723709135 4.660675143518393
1.6661548884588275 6.6301938723709135 5.4031543414802945
1.6661548884588275 7.63813816866371 7.256379773946109
1.6661548884588275 5.763183445434041 5.619689701358603
1.6661548884588275 7.653640820267235 6.272911393375676
1.6661548884588275 7.829935709498949 5.874312344801268
1.6661548884588275 7.829935709498949 4.89089037819992
1.6661548884588275 7.829935709498949 5.466946054014753
1.6661548884588275 6.309647574101305 5.534308935931104
1.6661548884588275 6.74692573894273 6.145741412938641
1.6661548884588275 6.400383464207188 4.9263756780053605
1.6661548884588275 6.287960839269978 4.673490817635035
1.6661548884588275 7.236110051518066 5.419835816802819
1.6661548884588275 7.236110051518066 5.5546702231642255
1.6661548884588275 7.236110051518066 4.44483671513038
1.6661548884588275 8.870434134725125 6.841343060808192
1.6661548884588275 7.283843298009414 6.09739634253389
1.6661548884588275 7.283843298009414 5.221691083492499
1.6661548884588275 7.283843298009414 4.933087009354851
1.6661548884588275 5.724167469299367 5.007568576250723
1.6661548884588275 6.668823874921127 5.875938024992291
1.6661548884588275 6.668823874921127 5.359430392431651
1.6661548884588275 6.5616613004898205 4.35244950760626
1.6661548884588275 6.75318425837137 5.886411920521913
1.6661548884588275 6.75318425837137 5.193569039130034
1.6661548884588275 7.328208291258264 4.465797522375816
3.4931676440708945 7.00424151342823 4.233305355470934
5.704446881987636 8.12317909052822 4.7254466164905224
3.4931676440708945 5.899163043202574 5.626158013635312
3.4931676440708945 7.647512641466063 4.50029298722593
2.7876153399091774 7.647512641466063 4.544679118745554
2.7876153399091774 7.705340018399207 5.672671584518138
2.7876153399091774 7.705340018399207 5.3376302529463295
2.7876153399091774 5.924039902308444 4.413983397112583
2.7876153399091774 5.567774682119463 4.892406574041108
5.314265095524497 5.955613879411416 3.9448424155243953
4.415113498426134 5.955613879411416 4.422752411267194
4.415113498426134 7.62136432323431 5.441755321226509
3.9113810268420903 6.610090539188501 5.265134760268113
4.414592214283655 6.610090539188501 5.21746288085043
4.414592214283655 6.645602565158427 5.7291101050966
4.414592214283655 6.645602565158427 5.202567861072238
4.414592214283655 6.5773851734303435 6.001737389199206
0.7766513071225103 6.5773851734303435 2.8862679357410217
