5.2474629821686065 7.693681734745349 5.47795627403528
5.2474629821686065 6.542659514479727 2.644314652335818
5.2474629821686065 4.734363801011426 3.3659023065495353
5.2474629821686065 6.535973405857209 4.530477837972744
5.2474629821686065 6.332474626403162 5.46671209822709
3.295455047763529 7.047370191541162 5.407119141285599
3.295455047763529 7.047370191541162 4.546823509695328
3.295455047763529 7.047370191541162 5.725263097161851
3.9515074807866353 6.512363157103163 5.165378210143245
3.9515074807866353 6.523668138653932 4.225004388966802
3.9515074807866353 6.652696184613223 6.42186969077703
3.9515074807866353 7.517839110148872 6.693820625455112
3.9515074807866353 7.417233661346653 6.618018262464829
3.9515074807866353 7.761552525720829 5.591528450412201
3.9515074807866353 7.761552525720829 5.309700764880051
3.9515074807866353 6.6238437350802 6.324164958496889
3.9515074807866353 6.6238437350802 5.35853134812943
2.4759181244511628 6.531562295110561 5.666003067863849
3.1517229366392496 6.531562295110561 4.670439011002553
3.1517229366392496 6.215832262163342 5.631827205140418
3.1517229366392496 6.000278391813616 3.9831377210994128
3.1517229366392496 6.859936803576797 5.398760023464401
3.1409814242143566 6.638186148230293 5.329009757657808
3.1409814242143566 8.806740642400099 7.069884345465075
3.1409814242143566 8.806740642400099 5.682787566156834
4.317053602111834 8.806740642400099 5.001650095121449
2.720044719887533 6.656446712292134 4.632162902499525
2.720044719887533 6.419360534175816 5.772970087898362
6.264316557788465 7.702331175540616 6.17891052715767
6.264316557788465 7.681460038534894 6.580690254551165
6.264316557788465 10.01117803683823 8.200867814340285
6.264316557788465 10.01117803683823 6.860925845130343
6.264316557788465 10.01117803683823 5.809305812951829
6.264316557788465 7.119495991846273 4.227812511838279
6.264316557788465 6.094662828196551 5.303323216747721
6.264316557788465 6.37533343578917 5.995199266281902
6.264316557788465 6.37533343578917 3.782134214320668
6.264316557788465 5.7370368494482875 5.228104586937561
6.264316557788465 6.061499081352192 4.629515359830505
6.264316557788465 8.322808973145392 6.6033164267992115
6.264316557788465 8.542027266799924 5.091889950161593
5.973018381742392 8.542027266799924 5.610201395013628
3.8770327718691466 8.9697346972026 7.188794576825045
3.8770327718691466 9.091425967075617 8.53950109175823
3.8770327718691466 9.41667678453849 7.055924880426666
3.8770327718691466 9.41667678453849 7.371125868724581
3.723868188475653 9.41667678453849 5.621892234178875
6.211621212167117 6.949321340760401 4.886576151810975
6.128349101970024 7.578797759427802 5.772108297462004
3.9288733055948772 7.578797759427802 5.034440613216947
