4.595466785050299 7.773560590048323 5.306432712036042
4.595466785050299 6.554458044184866 5.2702127768745095
4.595466785050299 6.2727386315486875 4.457259569575556
4.595466785050299 6.264556874202228 5.399719668718847
4.595466785050299 6.264556874202228 4.626553294178694
4.200570277216173 6.521498875214746 5.055108397479203
4.200570277216173 7.121413554794964 6.567892954674339
3.9156102302861737 7.121413554794964 5.312432874215406
3.9156102302861737 7.715255174191938 5.879401214853393
3.9156102302861737 7.715255174191938 4.819386246732045
3.9156102302861737 6.351342637463063 5.7262928485612745
3.9156102302861737 7.632450438344298 6.715621211706525
3.9156102302861737 8.642928702994698 6.76591556742486
3.9156102302861737 8.642928702994698 6.170036261118319
3.9156102302861737 6.429309740016649 4.41381503617332
3.9156102302861737 6.429309740016649 5.184957203205211
3.333065147801943 5.675762884478942 4.607682889835599
3.333065147801943 5.845626876701484 5.131876229020674
5.78165947044608 6.421280916152011 4.8316958751829615
3.333065147801943 6.421280916152011 5.096012906470438
2.2357704639130387 5.49463507573758 3.9899888301032003
6.420879842532052 6.323861088025794 3.408789959801078
5.035372212347465 6.420879842532052 2.2712401743731983
5.035372212347465 6.420879842532052 4.865681408914765
2.6729345152735537 8.639360950157478 6.708025218542044
2.6729345152735537 7.583243637579885 6.653053783673869
2.6729345152735537 7.583243637579885 3.8108637559511696
6.146688279226375 4.608794971925388 2.7658620163072607
2.6729345152735537 6.146688279226375 4.396142052357571
2.6729345152735537 6.301035582519365 5.4054023107503175
2.6729345152735537 6.301035582519365 3.4092201610244524
2.6729345152735537 7.223000944999143 4.822089129529391
2.6729345152735537 7.223000944999143 4.621595192000537
2.6729345152735537 6.92308067092555 5.336995715459455
2.6729345152735537 5.565210117791029 3.501236920660512
2.6729345152735537 5.565210117791029 3.6916557012953217
2.6729345152735537 6.237676334385689 5.045732715771518
2.6729345152735537 6.622184671182314 4.767868466537272
2.6729345152735537 6.622184671182314 4.135879935554853
2.6729345152735537 6.647816232115577 5.991889369986286
2.6729345152735537 6.647816232115577 3.973578956501727
4.234330994182997 6.647816232115577 4.426542100702298
5.9607339302693845 6.280763811583451 4.571208668537681
4.503038383834859 6.441940613286462 4.9648027153861305
4.503038383834859 6.544157029778962 5.003798255994505
3.6540538455707865 6.919715518722514 5.2963942813967
3.6540538455707865 6.919715518722514 6.0774554703095705
3.6540538455707865 6.608526603848404 5.376309214297893
3.6540538455707865 6.608526603848404 4.941453297701663
3.2029366372479946 5.626057405253686 4.0611469090248535
