5.29481517420621 7.701984364920859 5.500108378361888
5.29481517420621 7.295446946771117 5.868777739930677
5.29481517420621 6.636734781092368 5.386450738697083
5.29481517420621 7.723870690714612 7.040004159605261
3.393628661241611 7.723870690714612 5.445697903124403
3.393628661241611 6.726234733679442 4.6672940686915725
3.393628661241611 6.298414210079979 5.283432803659043
3.393628661241611 7.332835691337605 6.176029993873873
3.393628661241611 7.332835691337605 5.57847541523541
3.393628661241611 7.332835691337605 5.169610712871538
5.35757761658212 7.215156404999423 5.814121843415818
2.485637666588947 6.6565595597430445 5.892694156246136
2.485637666588947 6.6565595597430445 5.886961608799569
2.485637666588947 7.543248125500606 6.0221485817603755
2.485637666588947 8.021695455266817 4.06154714649069
2.485637666588947 6.479467767714922 4.961136311324408
2.485637666588947 6.479467767714922 4.806908153675201
2.485637666588947 6.0274255256414655 5.638609357808399
2.485637666588947 7.60285214704424 7.051476962389302
2.485637666588947 7.60285214704424 6.23559881461977
2.485637666588947 8.23489581011502 6.52653893201961
1.1887053860873817 6.755691739222014 4.343185715472362
4.931499182857358 6.143799825828751 3.596530954800969
3.8816751596481613 6.143799825828751 4.81977850641643
3.8816751596481613 5.444764747919393 4.708404171361019
3.006258832784479 6.578796026771336 3.628916677020022
3.006258832784479 6.811583169863535 5.138855823932189
3.260761781597353 7.739106347349113 4.812015404881158
3.260761781597353 6.2225995285624265 5.474732140517534
1.9188881469178871 6.26687830140229 3.472896073876569
1.9188881469178871 6.936300949000303 4.945102299797032
6.917250497141129 4.899119731146278 1.999429275741969
1.9188881469178871 6.917250497141129 5.549141298098055
1.9188881469178871 7.6499713883465414 6.198044323002077
1.9188881469178871 6.453327897024607 5.196354320665552
1.9188881469178871 6.382033421640184 6.009914635772518
1.9188881469178871 6.382033421640184 5.2184391516382345
1.9188881469178871 6.382033421640184 4.328234649301219
1.9188881469178871 6.759563149689409 5.157044647405552
1.9188881469178871 9.671603879278244 7.391857857103222
1.9188881469178871 9.671603879278244 6.228252865568246
1.9188881469178871 6.590951772136169 4.863824595701658
1.9188881469178871 7.571347240391489 6.145126315889601
1.9188881469178871 9.244556472271112 6.701426339818957
1.9188881469178871 9.244556472271112 5.911270520432392
1.9188881469178871 8.315067194843218 5.99199362066772
1.9188881469178871 8.315067194843218 6.167345035425769
1.9188881469178871 7.614681913732621 4.071739580326331
3.4005920058386647 5.984698217566866 3.776609123183908
1.4082214207249106 6.66417269136722 4.000846070004211
