2.1933839709106064 7.624387669462797 5.448811834032535
2.1933839709106064 7.361382390746195 5.6027970192641865
2.1933839709106064 7.361382390746195 5.210930792764885
2.1933839709106064 7.1568210830713195 4.204974378045797
2.1933839709106064 7.05858168002543 6.177585403194234
2.1933839709106064 7.05858168002543 6.173907322028499
2.1933839709106064 7.05858168002543 4.923297651648791
2.1933839709106064 6.574753508298901 4.369242550226941
2.1933839709106064 7.631986242299384 5.206511261267228
2.1933839709106064 7.631986242299384 4.339102666436628
2.1933839709106064 10.169576124530673 6.353632063499291
2.1933839709106064 10.169576124530673 5.849229806401451
2.1933839709106064 6.74555782587089 4.444032201778054
2.1933839709106064 7.195326851079965 5.390846148057691
2.1933839709106064 7.195326851079965 3.7534301079724686
3.011069106983982 7.195326851079965 3.9648792642385877
1.0809616908998447 5.76568777460394 2.249448249947189
1.0809616908998447 5.76568777460394 4.968652622210135
1.0809616908998447 5.76568777460394 3.7258026926690713
1.0809616908998447 5.596219404578658 2.192034371481823
5.7210139754245155 5.596219404578658 1.9133362790864445
2.995596787813309 5.7210139754245155 1.9488582196204425
1.0809616908998447 5.7210139754245155 1.7612292246685586
5.254283803955978 3.408963979668553 2.147767536374994
5.254283803955978 3.726476302034254 2.691750340409344
5.254283803955978 5.788213764835994 4.040227242434939
3.1429723611555187 5.788213764835994 2.8277103934124246
4.794104690679529 6.5801325216572195 4.194266451236053
4.794104690679529 6.5801325216572195 5.003237253421634
4.794104690679529 6.301804837444642 4.2300298934681715
4.794104690679529 6.301804837444642 4.8421467716717395
4.794104690679529 7.6646389992337465 5.318277706276296
2.116772874938349 7.6646389992337465 3.9583076198262246
2.116772874938349 7.6646389992337465 4.204116814578742
2.116772874938349 7.407183918713088 5.513247051683517
2.116772874938349 7.407183918713088 5.35073745008156
2.116772874938349 9.7146806584894 5.513249349966054
2.116772874938349 9.7146806584894 4.272936705160922
2.116772874938349 9.7146806584894 3.8522210323955557
2.73036780701008 4.730465779030091 2.683431262724172
2.3307421133119246 6.07925388347876 3.532803469948878
2.116772874938349 6.07925388347876 3.7719487276511305
2.116772874938349 5.929197163623751 4.27325064184239
2.116772874938349 5.929197163623751 3.842451551875706
2.116772874938349 6.6190025440706535 4.594611126101872
2.116772874938349 6.6190025440706535 3.5051598102580885
2.116772874938349 6.6190025440706535 3.7232876541468345
2.116772874938349 6.6190025440706535 4.4092163316435125
2.116772874938349 6.6190025440706535 3.229416884406129
2.116772874938349 5.67956041236522 3.72222370225335
5.360402544611112 5.67956041236522 3.1451146495110867
5.360402544611112 5.707136406922544 2.982306031678426
5.360402544611112 5.668021449554903 2.8736559096273737
5.360402544611112 5.2937432384691405 3.241529777902142
5.360402544611112 5.678921236530201 3.7135963103657086
5.360402544611112 5.678921236530201 3.435067833466972
5.360402544611112 5.807495972507109 3.9206947393123652
2.9456059013930553 7.618192747922279 4.899213232432719
2.65313343496835 7.618192747922279 4.051733310469346
2.65313343496835 6.114731526874063 4.6773173140891355
2.65313343496835 6.114731526874063 4.6729076771831535
3.70704052020329 6.287799913519226 3.8399761427553987
3.7693244858097334 7.592511610795775 5.439524950230613
3.7693244858097334 6.171570969631205 4.416102324354222
3.7693244858097334 6.171570969631205 4.6490105631636265
4.361091284050804 6.682856537238351 5.3601736475505035
3.7693244858097334 10.755837425155995 6.448007132396972
3.7693244858097334 10.755837425155995 5.184569250695706
3.7693244858097334 6.444010623103988 5.279967137915004
3.7693244858097334 6.444010623103988 5.228953787822049
3.7693244858097334 7.45966272634211 5.971646019796119
3.7693244858097334 7.45966272634211 5.24188991154541
4.586498457362172 8.105270467143825 5.461149388911216
3.6940262088987343 8.105270467143825 5.671132761673196
3.6940262088987343 7.7506613232136985 6.889585206265122
3.6940262088987343 7.7506613232136985 5.351668783348112
3.6940262088987343 7.7506613232136985 6.470772853386411
3.6940262088987343 7.7506613232136985 6.655698273453095
3.6940262088987343 7.642319975689585 6.581880189353296
3.6940262088987343 7.642319975689585 6.1174322855000165
3.6940262088987343 6.764823470129494 5.221465031014119
3.6940262088987343 5.386828980673144 4.457595901047465
3.6940262088987343 6.661786279277379 4.911078533819876
3.6940262088987343 7.568500333624659 5.480861133498264
3.6940262088987343 7.568500333624659 5.838031540620772
3.6940262088987343 7.568500333624659 4.670593762411115
5.880243793541634 9.059677616257138 6.097808840207304
3.549449864621693 9.059677616257138 5.382533409881585
3.2927877326664654 7.305468478314655 5.660322803021156
3.2927877326664654 5.874842391142284 4.572762106644437
3.2927877326664654 6.402545726633367 4.689355012144022
3.2927877326664654 7.281910306268372 5.362142870561805
3.2927877326664654 7.356594372467972 6.242991052998985
3.2927877326664654 7.356594372467972 6.548922165121199
3.2927877326664654 7.300123925901691 6.05193205447467
3.2927877326664654 7.300123925901691 6.643208533620334
3.2927877326664654 7.591427522807054 6.802962312064096
3.2927877326664654 7.591427522807054 6.655451544439953
3.2927877326664654 7.591427522807054 5.962207275447244
3.2927877326664654 8.597747742848409 6.197109885787564
