2.8863355009010445 7.7758991614932444 5.467474382097805
2.8863355009010445 7.711319924390089 5.092366245486295
3.2711629588250344 6.684774113758468 5.025910382029384
0.19790395202587208 6.218892274139744 2.53007414619851
4.118285500122234 3.2711629588250344 1.754035937872927
4.626929776469154 4.118285500122234 1.6952828796192745
2.243036231387944 4.626929776469154 2.9906904701840644
6.6201174552633795 6.654738268629593 4.034967863899713
6.264809484902312 6.584830183568968 5.847479389560029
6.621890783332162 6.6201174552633795 5.251020165220008
6.264809484902312 7.7567513401643176 6.706675361729331
4.398411279619676 9.073057427620023 6.638010285443338
4.398411279619676 9.073057427620023 6.197977431249461
4.398411279619676 8.076719533128959 6.672578050985685
4.398411279619676 9.840447623752416 6.803903622705912
4.232110031779655 9.840447623752416 5.631591039324235
6.283676575357795 9.840447623752416 4.413647205687423
2.926732930116945 6.283676575357795 4.240278157223563
2.926732930116945 4.565548699322015 3.4175279003134507
5.135211617996191 6.7344773552243105 4.107900638764969
2.926732930116945 6.7344773552243105 3.4245061585145593
4.13120266495201 6.742188598960791 4.353102853416139
6.207461672126502 6.742188598960791 3.803687663138987
2.9267313473986616 6.6072006710052555 5.386526169842309
2.922469894191153 6.6072006710052555 5.405115086136494
6.207461672126502 6.6072006710052555 5.513398552851444
6.207461672126502 6.659304605014743 5.973925306355982
6.207461672126502 6.6154226022955775 4.6776268687595515
6.207461672126502 6.684927718019804 4.6584545685664125
6.207461672126502 6.61444579328386 5.180154360500242
3.4197201673037765 6.61444579328386 5.571908986981016
4.441410595174666 6.860166213938324 5.5739295364758155
4.441410595174666 6.573336155567414 5.483978099690051
6.451463098450908 7.69069561283656 5.7514590955119
6.451463098450908 7.69069561283656 5.979599285092676
6.451463098450908 7.69069561283656 5.595712360123177
4.018560094210905 7.69069561283656 5.912248676574128
4.477951978898858 9.14644144414788 6.128462936021805
2.7375931936373665 9.14644144414788 3.838954918209467
2.7375931936373665 9.14644144414788 4.307487257061614
3.851069169170572 5.967655453801012 3.555408208120356
2.2712594211903654 5.961870292766292 3.5544570218872376
2.2712594211903654 5.961870292766292 3.837717741113502
2.2712594211903654 6.010667840449901 3.869582846759684
2.2712594211903654 5.906330462661568 4.1284571108155355
2.2712594211903654 3.8260565139358538 3.439835391908501
2.2712594211903654 6.196259857847064 3.7649675675856407
5.844173868587273 6.196259857847064 3.40270933042329
5.844173868587273 5.935678932596112 3.5800976504412523
5.844173868587273 4.448978870261406 3.2697063774944404
5.844173868587273 4.59399413366901 3.3533946644705783
5.844173868587273 4.6827284478174 4.011285994326635
5.844173868587273 4.837731622468105 4.107817589899185
5.844173868587273 4.994180473721421 4.32572317760714
5.844173868587273 5.683471219151087 4.474957991073622
5.844173868587273 5.683471219151087 4.359687013835855
5.844173868587273 6.521723856357031 5.211129521082382
5.844173868587273 7.526772351413834 5.964889308955375
3.672612633442711 7.569168201373918 5.507760019758608
3.672612633442711 7.569168201373918 4.077448113008317
3.672612633442711 8.185257119576663 4.447149120824453
5.82643270132532 8.185257119576663 4.224232804654994
5.82643270132532 8.781240348673876 6.404630552332849
2.9066862165916416 9.579341970933548 6.818968924488088
2.9066862165916416 9.579341970933548 5.385404915539998
2.9066862165916416 9.579341970933548 5.88258660115134
2.9066862165916416 7.431440104717874 6.547977978107995
2.9066862165916416 9.674761565246683 6.645580270307762
2.9066862165916416 9.674761565246683 4.2732519008515215
2.8920744197932007 7.431440104717874 3.2976682906154617
3.7734944112266544 7.431440104717874 4.612394173876406
3.7734944112266544 5.999807242932139 4.821976844301376
3.7734944112266544 5.999807242932139 3.716207504811595
3.7734944112266544 5.0600387022991455 3.8439767701388683
3.7734944112266544 6.644500296838476 4.537352172243567
3.7734944112266544 6.644500296838476 4.133359610795981
3.7734944112266544 5.440772005787448 3.559710868676068
3.7734944112266544 4.744939796214254 3.2708724023615416
3.7734944112266544 6.63309633736764 5.24484602260137
3.7734944112266544 8.239078526776806 5.724619282552643
3.7734944112266544 6.86084691017189 4.303307745034712
3.7734944112266544 6.63309633736764 4.673382767365753
3.7734944112266544 7.875255670305119 5.09565702450258
3.7734944112266544 7.875255670305119 6.159357154866483
3.7734944112266544 7.285270207371166 4.744141586869387
3.7734944112266544 7.285270207371166 4.685814649866811
3.7734944112266544 6.662667772115224 4.0905015232975845
3.7734944112266544 4.602718918345619 3.394015182216535
3.7734944112266544 6.03387363485702 4.569198971095883
3.7734944112266544 6.03387363485702 3.355853031487439
3.7734944112266544 6.460335703471845 4.740387228072751
3.7734944112266544 6.535901279771473 4.835191002792283
3.7734944112266544 6.425819689612645 5.364588270662374
1.7938142644047628 6.425819689612645 3.546029174866421
4.547504650092748 3.219848726811492 5.187171764830218
4.547504650092748 5.570966000881995 3.914781915297641
3.219848726811492 5.570966000881995 4.125339511321692
3.22898534861513 5.2290824773363695 3.47566553431653
3.219848726811492 6.563544954258134 4.371053716970295
2.8957928262239823 6.563544954258134 3.3846143611018267
