2.9718250176291474 7.745898479433052 5.682967166410631
2.9718250176291474 7.745898479433052 5.158689146109324
2.9718250176291474 6.447536145630888 5.158923787184046
2.8717705626692553 6.522612181039438 4.998123531941077
2.8717705626692553 6.522612181039438 4.408366929921968
5.61335512018502 6.522612181039438 4.305545411416689
3.6587243937634644 6.522612181039438 5.136191136801415
6.4739564165366765 9.467754284038637 5.202713946192205
6.4739564165366765 5.920154660354189 4.453934693959161
4.329799519398602 10.43029136543817 7.7803566287063255
4.329799519398602 10.43029136543817 5.60012232866581
4.329799519398602 6.424794443367052 4.900917032988515
4.329799519398602 6.651822430083172 5.2501939362998415
3.4130766754941253 6.651822430083172 4.519748427091095
3.1938231763869465 5.967940151659594 3.899908274218062
1.7214372954655635 5.986499826160898 4.314608290152257
1.7214372954655635 6.5242443689480645 3.3613149241278877
6.3036388862402895 6.113343918678524 3.992345556275536
6.3036388862402895 6.113343918678524 3.8315439050765665
6.3036388862402895 6.131076470512124 4.350214785244886
6.3036388862402895 6.131076470512124 3.5194097149024963
6.3036388862402895 6.048536134436674 4.222964798206359
6.3036388862402895 6.131076470512124 4.968596241437604
6.3036388862402895 6.65437015056397 5.626483659568602
6.3036388862402895 6.65437015056397 5.119154667762921
6.3036388862402895 6.606862995254769 6.002472459328073
6.3036388862402895 6.606862995254769 5.014447960761683
5.773650719524891 8.405262911316985 5.5596714200817425
4.0860005109129744 8.405262911316985 5.032719802513019
4.0860005109129744 6.925428681297944 5.330496677716873
3.1503331150288223 6.925428681297944 4.497444984966936
6.38461520412778 6.584113287367533 4.479231823345623
2.822021730090331 6.584113287367533 3.9827245755729126
2.822021730090331 6.640644055577859 4.671591865177442
2.822021730090331 6.640644055577859 5.751557211491172
2.3045133154158823 7.767135771881753 5.923637275394667
2.3045133154158823 7.767135771881753 6.055089246122171
2.3045133154158823 8.17931635579785 5.674904296684612
0.974356783125867 8.17931635579785 2.7578608177933095
4.069573494938812 3.2182029534914 2.6287430413784048
4.069573494938812 6.149316652315193 3.7259012429078604
4.069573494938812 6.149316652315193 4.043743236800208
4.069573494938812 6.616569575535287 4.846954855588677
6.328156673959516 6.616569575535287 4.126078978164793
3.7016795034253396 6.328156673959516 4.440597648471264
6.218726173595165 6.616472797561052 5.246467045801305
6.218726173595165 6.552968540350822 4.673743005168792
6.218726173595165 6.552968540350822 4.905425384176291
6.218726173595165 6.552968540350822 5.248863449111618
6.218726173595165 6.775454253549999 5.4309766533165575
6.027655476476916 7.001627769401676 5.2339421656350655
5.266697712186783 7.521681581367645 6.2705218975891635
5.266697712186783 7.521681581367645 5.814415726908878
4.5592086109609475 7.521681581367645 6.515825705167368
4.5592086109609475 7.521681581367645 5.897448376747666
4.163208008157746 7.172048184172521 5.0254090324492395
4.163208008157746 6.210605758357801 5.580766918753292
4.163208008157746 6.561810107004376 5.6797534092061115
4.163208008157746 8.260193139462366 6.293565640752406
4.163208008157746 8.307821128829318 6.89753259764895
4.163208008157746 8.307821128829318 6.180790143395812
4.163208008157746 7.143790464159036 6.157803873813386
4.163208008157746 7.143790464159036 5.241183987979574
4.163208008157746 7.5801657386091605 5.526447941037695
3.878298774855161 7.750316734441597 5.870017261117288
3.878298774855161 7.750316734441597 4.836729273952254
3.878298774855161 7.750316734441597 4.602656732339853
3.878298774855161 7.655392746154606 5.088347485404927
3.878298774855161 6.539200187648973 5.867370428089327
5.874383685569516 6.539200187648973 4.946475792972132
3.3028824085802673 7.361322094134721 5.497582140490856
6.648464406767751 7.361322094134721 4.030492478102926
6.251586697682395 5.974972096008212 4.925015779590272
6.251586697682395 6.648464406767751 4.385354016059839
6.251586697682395 5.974972096008212 4.656345819999866
6.251586697682395 5.709666064573465 4.505210694729531
6.251586697682395 6.6739354934798705 3.872086335462082
6.251586697682395 6.110003574597243 4.54019214089349
6.251586697682395 6.110003574597243 3.9222077857192037
6.251586697682395 5.488587512822566 3.3311825280842435
2.3991050604996578 4.053745067208542 5.769073556742728
2.3991050604996578 6.251586697682395 4.520475382755555
2.3991050604996578 6.251586697682395 4.080214868346771
2.3991050604996578 5.32083703555416 4.22899192766479
2.3991050604996578 6.070120799466892 4.38687798425966
2.3991050604996578 7.763433110998655 5.380857235467341
2.3991050604996578 7.763433110998655 4.064784261463143
5.447829256832364 4.583674114189375 2.843560324253724
2.3991050604996578 6.280119564914624 4.745933706751947
2.3991050604996578 8.07419879367811 5.548583612620126
2.3991050604996578 8.644526235683642 6.949865636959463
2.1369502675165504 6.391826837033236 4.548632644768361
2.1369502675165504 6.391826837033236 3.752817267077469
2.1369502675165504 6.391826837033236 4.0404395683331895
2.1369502675165504 6.274573227350022 3.4990786577342323
2.1369502675165504 4.609997202010778 3.904949059835033
0.5370044211066269 6.266553974764516 4.07820798009127
0.5370044211066269 7.473860961182192 4.416548387177715
0.5370044211066269 7.700875553248853 4.689280762122349
0.5370044211066269 8.142749581336775 0.822383583197487
