2.751475257360003 7.648537111644647 5.483189755719554
2.751475257360003 7.648537111644647 5.178149031801252
2.751475257360003 6.264525324821541 5.036668039333193
2.751475257360003 6.035799624052039 4.195380061433784
2.751475257360003 5.570668988108917 5.0701595077339725
2.751475257360003 6.597558183795986 3.7423362465688768
2.751475257360003 6.597558183795986 3.2950968510228824
3.1271702069784024 6.614452364455829 3.5744320219661545
2.9592804180176633 6.614452364455829 1.912691252827551
3.1271702069784024 6.614452364455829 2.6782614830395617
3.1271702069784024 5.7958863780631695 4.172744731703518
3.1271702069784024 5.8052426924521505 4.575500733626788
3.1271702069784024 5.8052426924521505 3.572782152972182
0.7178831359372855 5.8052426924521505 2.6687588922879195
0.7178831359372855 5.255661263065939 1.894264464736223
0.7178831359372855 3.853006915161569 2.5963817076197335
0.7178831359372855 5.583694776753166 3.5337690900352188
0.7178831359372855 5.827431524933996 2.5452845930321497
0.7178831359372855 7.619098836570124 1.6578595428804141
0.35109433253587286 7.619098836570124 2.1001915520724816
0.323855558109877 4.860889281182576 1.0389266034396183
0.323855558109877 3.281952246200515 1.3500188198532006
5.705745361376454 7.7499338903375 3.3681601753348303
2.58998104967726 5.705745361376454 4.517025982809377
2.58998104967726 6.420924411505901 4.55446376662971
3.8043238992672497 6.420924411505901 2.6273966615819053
2.339484286558186 4.963103460852707 3.150010364835383
2.704910281718615 7.7757324008597415 3.586778550950707
0.6567361308071722 7.668730747559495 2.5485585073570207
0.6567361308071722 2.867959312279162 0.8713364877319499
3.249378660853797 5.787655187705063 2.524352521097324
5.644376038822365 6.586862662096902 3.611825062548121
5.644376038822365 5.703427135107269 3.551506191804867
0.4187647427375727 5.703427135107269 2.6002892031376565
5.6724830189871795 5.644376038822365 0.8552362958510952
5.6724830189871795 5.629642670924415 1.917948642918799
5.6724830189871795 5.641943313448998 3.150643369869874
5.6724830189871795 2.8325961665259567 1.051173037079128
5.6724830189871795 6.294374889549921 3.4183742701601982
5.6724830189871795 5.654468059256587 1.5826779428943394
5.6724830189871795 7.653766837168881 3.0265446235948725
5.6724830189871795 5.639914341864014 2.872614286891627
5.6724830189871795 5.155863300622062 3.2575614408700058
3.103545341824351 5.6724830189871795 4.083896037328849
3.103545341824351 6.176355003251608 4.436666907982824
2.6030100844322246 7.304287299579267 4.179315651304503
5.09731186667182 6.282650176821313 3.80905927972493
2.2669032245675003 5.967459039381758 5.066764081464564
2.2669032245675003 5.967459039381758 4.684973634606187
2.2669032245675003 7.761292811436604 5.448731479677977
2.2669032245675003 7.761292811436604 4.534273053867107
2.2669032245675003 7.761292811436604 5.405628183063839
2.2669032245675003 7.761292811436604 5.268601253598916
5.483951580325719 6.200190201797685 3.732731484872224
1.0629557742853817 5.594201627774744 2.958233483654935
3.985219882703476 8.621754716506944 6.345927730701365
3.985219882703476 8.621754716506944 5.614242505702118
3.985219882703476 8.166173802128368 6.151862033647135
3.8553379780677735 8.166173802128368 6.234085440081088
4.38094990162363 8.166173802128368 5.280183990951635
4.38094990162363 6.642582879312506 4.457661892318864
2.656022637849486 6.642582879312506 4.205818058341977
5.924690580820581 5.836159564142282 3.4483427646122875
3.3850992486944205 5.924690580820581 4.225027510255429
2.4986290072765347 5.924690580820581 3.324900825248883
6.168837224679052 5.531155674846776 3.395478856904625
2.656022637849486 6.168837224679052 3.8335416002582496
2.656022637849486 7.50453470545958 4.8760499451393216
2.656022637849486 7.50453470545958 4.862069899347322
2.656022637849486 7.50453470545958 4.6918501386849405
6.461950578526505 5.8158062839946325 3.7318132957337133
0.9895042255309403 6.461950578526505 4.201372865748239
3.261937399160868 7.678326681296102 4.4077779297396145
2.7227489180521762 7.678326681296102 4.651448739258679
2.7227489180521762 6.760136699468992 4.114016381309685
4.227803380704117 5.48648471183305 3.7140145098224053
2.7227489180521762 6.630689574490074 4.91733600644722
1.3380101843585241 6.630689574490074 3.3075071417593485
5.2390069099667755 4.227803380704117 3.07982345844419
1.3380101843585241 4.227803380704117 3.053352210673894
5.2390069099667755 6.951206596160997 4.131175824450034
1.3380101843585241 6.951206596160997 3.4102372710061712
5.2390069099667755 5.78472083093401 4.199416195903639
3.272010187858179 6.534219106043199 5.745563136846154
3.5570776303088327 6.534219106043199 4.514639340731715
3.6715145911841067 5.9577268288881555 4.83874128710366
3.6715145911841067 3.899753660245445 5.512997566688929
2.3940693338638046 6.256246022765993 4.39517077329087
2.3940693338638046 5.945026611919747 4.486617783671826
2.3940693338638046 6.304675393441691 4.97796273502431
2.3940693338638046 7.508671712749726 5.313556053915822
5.840932024135551 7.508671712749726 4.25875893862449
5.840932024135551 6.32473185209016 2.8296587064900685
5.840932024135551 5.058758151948357 2.582046785925473
3.043853404355709 5.058758151948357 2.6790895906723704
3.043853404355709 6.62066447386842 4.246084186546454
3.043853404355709 6.62066447386842 3.5031751018321238
3.043853404355709 5.608671903201557 3.6146113693609356
0.4944787665240544 5.608671903201557 3.002829062962332
0.3558917315028869 4.839361361588843 1.8159795045549532
