3.1520722560788426 7.745399828060389 5.650022370841936
3.1520722560788426 7.745399828060389 5.087448332984066
3.1520722560788426 6.356566582895741 4.744170185054083
3.1520722560788426 7.717437955300868 5.44600924445271
3.1520722560788426 7.717437955300868 5.194474507030538
5.931885240408885 6.846530692550694 4.990395195461293
2.1939957236061187 5.919211903597997 3.2918736536018387
2.1939957236061187 6.1424129584972995 4.650194684879397
4.797470863108817 6.1424129584972995 3.8281632095238187
4.797470863108817 6.665843172821226 4.230553442340119
4.797470863108817 6.665843172821226 4.3823967372522565
4.797470863108817 6.625119855577481 4.590398555557623
2.1939957236061187 6.625119855577481 4.41499004916852
2.1939957236061187 6.625119855577481 4.852737050803659
2.1939957236061187 6.625119855577481 4.1909124615226485
2.1939957236061187 7.576903687151999 5.692194334510248
2.1939957236061187 7.6697406549077005 5.66703037579117
2.1939957236061187 7.6697406549077005 4.6895456761163405
2.1939957236061187 7.6697406549077005 4.126646760957141
2.1939957236061187 7.438437042496259 5.265145643257515
2.1939957236061187 7.438437042496259 5.014553682269883
4.061089440463707 7.438437042496259 4.493937686452748
2.1939957236061187 6.382515140297105 4.015360534912208
2.1939957236061187 5.669739343536023 3.9818321760615287
2.1939957236061187 6.292794030302385 4.720271517900461
2.1939957236061187 6.292794030302385 4.654075483475184
2.1939957236061187 6.252239399719901 4.561975661639377
2.1939957236061187 5.268477539291876 4.024977208187206
2.1939957236061187 6.063249987643619 4.209814997283937
2.1939957236061187 6.377342743018104 5.029998628444038
2.1939957236061187 6.96507754488346 4.88508235479618
2.1939957236061187 6.377342743018104 4.606117464223417
2.1939957236061187 6.301236400178219 5.1363019289532135
2.1939957236061187 6.301236400178219 4.1969045520345665
2.1939957236061187 6.301236400178219 4.399151556747726
2.1939957236061187 6.420839586046839 4.3019720854863515
2.1939957236061187 6.420839586046839 4.569860330161112
2.1939957236061187 6.420839586046839 4.590350068397273
2.1939957236061187 7.707430284220596 5.262971253272025
2.1939957236061187 7.707430284220596 5.900787381463676
2.1939957236061187 7.2063508641014575 5.713787741984003
2.1939957236061187 7.2063508641014575 6.329098027351191
2.1939957236061187 7.2063508641014575 5.638816446694998
2.1939957236061187 7.2063508641014575 5.752368871335201
2.1939957236061187 7.525513764370119 5.856910249665418
2.1939957236061187 8.906469870850753 6.704605055883434
2.1939957236061187 8.906469870850753 5.9652926397189985
2.1939957236061187 8.906469870850753 4.678256066765545
2.1939957236061187 7.355651763941813 6.013471771152711
2.1939957236061187 8.743418773962453 6.751697888834648
2.1939957236061187 7.651539779773676 4.5321970713878725
2.1939957236061187 9.979614848272515 5.762180132759979
5.658578160401667 10.336078189770662 3.4849508088167886
1.3403130565620853 5.658578160401667 3.673818304514161
3.7340501794402567 6.5679162503735995 5.2799971643888215
3.7340501794402567 6.732586623516697 4.671659305307337
3.7340501794402567 6.732586623516697 4.200227902349012
3.7340501794402567 6.5679162503735995 4.954279230888381
3.7340501794402567 6.377458915083107 5.161204455737502
3.7340501794402567 6.625987464822082 5.493040989963314
3.7340501794402567 6.667479429184926 5.0995460672607615
3.049681836591706 6.2735815866266265 3.930662521584159
3.049681836591706 5.968434501137988 4.218833800078209
3.049681836591706 6.746195963342204 4.868103699982802
3.049681836591706 9.007208924330861 5.928555293064687
3.049681836591706 9.007208924330861 4.541224809043438
6.492427837646748 9.007208924330861 3.597398423760826
6.492427837646748 6.111957705360499 4.088349232645431
6.492427837646748 6.2130984390615716 4.233493756595634
6.492427837646748 6.2130984390615716 4.310394271052246
6.492427837646748 5.634858124818692 4.937746112488882
6.492427837646748 6.104461280640109 4.071111231850544
6.492427837646748 6.104461280640109 3.4436934738897884
6.492427837646748 5.476016996090504 3.4299005937624396
5.964599699483681 4.570993321868567 2.418873695011079
6.492427837646748 5.964599699483681 5.311184070900196
6.492427837646748 6.665922688001459 5.076212410205647
6.492427837646748 6.665922688001459 6.225071425034272
6.492427837646748 7.646539923883253 6.1559832837302615
6.492427837646748 7.646539923883253 5.942638474993563
6.492427837646748 7.646539923883253 5.46600262366014
6.492427837646748 6.824307844029976 4.944315271702847
3.329347825402149 6.004282946276756 4.208663937696411
6.210607892980136 6.146695880978015 2.9042652730472382
3.7973033199263644 6.492427837646748 3.6835082483110364
3.7973033199263644 6.492427837646748 3.9657670011569177
5.101448301579087 6.492427837646748 4.05442442266778
5.101448301579087 6.563070829783943 4.93489928096704
5.101448301579087 6.83859191271895 5.139715912997942
5.101448301579087 6.83859191271895 5.036914630058307
5.101448301579087 6.481029012998334 4.123572417198605
5.101448301579087 6.182898810432132 5.212891182116123
5.101448301579087 6.300117347906106 4.992250851052129
5.101448301579087 6.311014076547384 5.06430673656299
5.101448301579087 6.300117347906106 4.891200955001162
5.101448301579087 6.300117347906106 4.83290355755065
3.998470175545276 6.144027529451083 4.515711868232108
3.998470175545276 6.184583199303081 5.882918617616971
6.11140984977613 6.558437735312797 5.131665274910882
3.420440509666378 6.558437735312797 4.8356696696223995
