3.339427073531294 7.777448757952222 5.192497663896174
5.996806092672163 7.637694037601163 4.382665630942413
5.996806092672163 6.354299147994219 5.375576033226456
5.996806092672163 4.108681772560118 5.5723427361954805
5.996806092672163 6.530973034006358 4.931268454341862
5.996806092672163 6.530973034006358 4.373748477815264
5.996806092672163 4.220840272642896 5.49774151670872
5.996806092672163 6.474932155512835 4.826444506034942
5.996806092672163 8.851581820519915 6.583390652173312
5.996806092672163 8.851581820519915 5.630664904345471
5.996806092672163 10.077422482542735 4.63943315962508
5.996806092672163 10.077422482542735 3.253043659056323
5.8695448873930935 5.996806092672163 3.9953883563966937
3.3640364323570258 5.8695448873930935 5.24443275858303
2.98317569113684 7.99136980749161 5.364105653112826
3.8406499697051655 7.99136980749161 4.1294858927707505
3.8406499697051655 7.99136980749161 5.116759619362825
3.8406499697051655 7.99136980749161 3.695228136635575
3.177824245274199 5.881480297338506 4.092160707734104
3.177824245274199 7.743708586428706 5.507581210450273
3.177824245274199 7.743708586428706 5.32067960474324
2.9780583341202456 6.466548015009035 4.793892748718366
2.9780583341202456 6.466548015009035 4.111461362777887
2.9780583341202456 6.466548015009035 4.1219494671679495
2.9780583341202456 7.762312048350392 5.196629439894418
2.9780583341202456 7.762312048350392 5.2290964475649995
2.9780583341202456 7.762312048350392 5.460338937450995
2.9780583341202456 6.495068482047035 4.790477670510153
2.9780583341202456 5.831762082518576 4.600115567056891
2.9780583341202456 6.374664063838598 5.159325393007873
2.9780583341202456 6.374664063838598 4.826997086355668
2.9780583341202456 5.542365810660542 5.1132123083868315
2.9780583341202456 7.315193835046127 4.602036993859285
2.9780583341202456 6.331690523930508 5.130701864430081
2.9780583341202456 6.331690523930508 4.695347822779326
2.597509248935037 7.156347057540787 4.958408423294666
6.26310496953894 10.712927988640606 6.491702955835701
2.235294476270209 7.156347057540787 4.092866533400113
2.235294476270209 6.26310496953894 3.121971890607035
2.235294476270209 6.422164478798489 4.257345740685313
5.2921560698044345 6.26310496953894 3.8082080242896166
5.2921560698044345 5.743802703004285 4.574051340544254
5.2921560698044345 5.743802703004285 3.7486593374127803
5.2921560698044345 5.578026268709586 4.004620975289753
5.2921560698044345 5.59329791466698 4.019564323869113
5.2921560698044345 5.2077037081510085 4.147173930807269
5.2921560698044345 5.9458270530448765 4.664634856953783
5.2921560698044345 6.315397994991049 5.080310621925322
5.2921560698044345 6.447329600908358 5.781594058890305
5.2921560698044345 6.861017164177994 5.836574337720057
5.2921560698044345 9.369992731682261 7.43647471428624
5.2921560698044345 8.123366158931574 6.3641822876654945
5.2921560698044345 8.123366158931574 5.455533282012401
5.2921560698044345 8.123366158931574 6.904809552445955
5.2921560698044345 9.006949085610596 7.087856224084128
5.2921560698044345 9.006949085610596 4.545857384520298
5.2921560698044345 9.006949085610596 3.2415858556624526
5.2921560698044345 9.006949085610596 4.124050728030648
5.2921560698044345 9.006949085610596 4.889291200309882
5.2921560698044345 8.091930112064954 6.064637173228306
5.2921560698044345 9.253008407840412 6.89416456018856
2.759185539701545 9.253008407840412 4.945916602774034
2.759185539701545 9.253008407840412 5.82049787147003
2.759185539701545 9.218546909169435 7.206411064203265
2.759185539701545 8.516119347442546 7.878014770816472
2.759185539701545 9.06326779007403 4.5407346750619375
1.3269595632281974 6.314739770728462 3.712426863640295
5.765344074775779 7.442693063484397 4.270838701655599
5.765344074775779 7.442693063484397 4.30500721144109
3.6724082638282636 5.732642588406495 5.497435036132569
3.6724082638282636 6.737409258963487 6.085993880920724
3.6724082638282636 6.478361804440912 4.530154416361339
3.6724082638282636 6.890044771433374 4.6320868880148645
2.2808108876868336 6.890044771433374 5.340921639583768
2.2808108876868336 6.664842676984783 5.739541674329754
3.1869231250185632 7.446667476700464 3.6032993982157393
5.727526358594215 7.446667476700464 3.085289454275687
3.93221338586508 6.327738109153568 5.661549261852949
3.93221338586508 6.327738109153568 5.353837439449729
3.93221338586508 7.42335644164087 7.211902778061236
3.93221338586508 9.787846472904853 6.781002866382561
6.615381171185888 9.787846472904853 4.666671639214485
3.93221338586508 9.229031155033233 6.225543165433159
3.93221338586508 9.229031155033233 6.7458253873004095
3.414076455517151 9.229031155033233 5.153597430788481
3.414076455517151 6.615381171185888 5.131440355900249
3.414076455517151 6.615381171185888 4.55076387703033
3.4287946553603885 4.70095314297917 3.3785199139132147
5.487623046590549 6.209147533460026 3.0711912734010256
1.561307545998663 6.209147533460026 3.399427620562709
5.487623046590549 7.536010778342574 5.568901430856212
5.487623046590549 7.536010778342574 4.176214628317518
5.487623046590549 6.060867002954492 4.6598638882586565
5.386409694638079 6.060867002954492 2.8175242268986267
5.487623046590549 6.186794417962961 4.236390905618718
5.487623046590549 6.186794417962961 4.824587184483537
5.487623046590549 7.647890317208239 4.831742697090029
5.487623046590549 7.647890317208239 4.9360351322566025
3.350504402602628 6.793995098304661 4.360605992022184
3.308184717270269 6.667081124773418 4.722436250966964
