6.27819077656126 7.681754003189596 5.226878530653093
6.27819077656126 7.669284592143088 5.178036896389824
6.27819077656126 7.58946952079854 3.483860158916747
6.27819077656126 6.071340469524969 4.15941091843226
6.27819077656126 6.071340469524969 4.694064393333321
6.139512442438075 6.27819077656126 4.462082984511019
3.899123889428694 6.27819077656126 4.904735927107127
3.377227310433153 6.6891223893606835 5.201743390860088
3.377227310433153 5.688582444653498 4.788073840343315
4.909296973941693 6.7696223639584865 4.81401908565632
3.0418517907083253 6.7696223639584865 4.299513844941287
2.6973553310617757 6.328749684223347 3.778077659161882
2.6973553310617757 5.453899689269637 4.346851143893581
3.8603817779215963 6.527310607479638 5.610915477142531
3.235833644087496 7.175540205537583 5.409375208626633
2.6973553310617757 7.175540205537583 4.428443154957342
1.9375284248424518 7.175540205537583 4.41440239673572
5.224748030150444 6.650374224243929 4.329033503881857
4.322802576769519 7.88253402383126 6.050016120980008
4.322802576769519 7.503954030500196 6.46559700949464
4.322802576769519 7.503954030500196 6.718084388781706
4.322802576769519 6.978142312827828 5.592787622064704
4.322802576769519 6.89005708857669 5.381422432011122
4.322802576769519 7.187653249623436 5.609474685699431
4.301076690039881 7.187653249623436 5.604100349389403
4.301076690039881 8.831220172143325 6.527355284725474
4.301076690039881 8.831220172143325 4.7243904732420585
6.405949282215065 8.831220172143325 5.074961583179469
4.301076690039881 7.701483613758567 5.894588951064586
4.301076690039881 8.458674426855216 6.608226971570921
4.301076690039881 9.213158109950477 6.8738488854899025
6.392053374771528 9.213158109950477 6.14607935507069
3.6032922219733803 7.5226901337241845 5.1426067630415835
4.339780848581459 10.156463419664773 6.934704629430825
4.339780848581459 10.156463419664773 5.854276181364817
4.072016199353847 3.986894754827507 5.272888196222424
2.9387306473250097 9.115448326493283 5.182728775755688
3.7380224412612333 9.115448326493283 4.152523391801189
3.7380224412612333 5.252835813706497 4.900951090882985
3.7380224412612333 6.1588806265848 4.824210565934296
3.334334780278667 6.1588806265848 4.242475190757769
3.334334780278667 5.252835813706497 3.8170355978446615
2.914649016888163 5.968001849964352 4.285701291992296
2.914649016888163 6.708649935382159 5.595401733798143
2.914649016888163 7.379523272540048 4.469283260283775
2.914649016888163 8.208095506649144 5.28798824896616
2.914649016888163 8.208095506649144 7.098480887769653
2.914649016888163 8.208095506649144 4.6739318938689145
2.7847111486001705 6.328153722950034 3.5803082736666494
2.613167505483404 4.195612047721269 3.381626551825696
2.613167505483404 6.113266565420513 4.24541580678651
6.095715882997148 6.65818709348456 4.9036389240220215
6.095715882997148 6.29524312342577 5.201377605189902
6.095715882997148 6.29524312342577 5.694018226809038
6.095715882997148 6.131981107171232 5.0671127823913
6.095715882997148 7.034460649371958 5.395052997329214
6.095715882997148 6.550186478142297 5.905720055848592
6.095715882997148 7.633292067287252 6.671298927434034
6.095715882997148 7.633292067287252 5.646194693991165
6.095715882997148 9.565800378924989 6.531290026701418
6.095715882997148 9.565800378924989 5.378020490941886
6.095715882997148 7.50594843415255 6.14550080273718
6.095715882997148 7.637525365083965 5.710939271234297
4.786227203920433 6.65370139272321 5.780651234696235
3.0938586457233517 6.6714330180624515 5.025792817678865
3.0938586457233517 6.6714330180624515 4.871844635243453
1.6317617342719193 6.6714330180624515 3.1502967046173196
1.6317617342719193 4.229115711021105 2.635998629381314
6.770568526871001 5.683702449995611 4.522535555610554
6.770568526871001 5.683702449995611 3.526736743938522
3.314400008580066 5.668354600400981 3.9856961106878077
3.314400008580066 6.770568526871001 5.073893323673282
3.5192695580371525 5.804565989556494 4.27851581031216
3.314400008580066 6.430955027265547 5.546259257088216
4.14692996644272 8.589222964423387 5.4012631676118055
3.314400008580066 7.680297101873771 5.697439479356268
3.0492457976568095 7.680297101873771 4.404356604425736
4.560948654651419 6.147105011584642 4.461309346689138
3.0492457976568095 6.147105011584642 5.285601833266324
2.8681687850173927 6.6412501349662065 3.9137179450362636
2.8681687850173927 6.5236740321542435 4.876865613459574
2.8681687850173927 6.5236740321542435 4.918039713668475
2.8681687850173927 5.9448427505078385 5.01074715604168
2.8681687850173927 5.9448427505078385 4.8198640173918905
6.544730607631447 10.516001780810852 5.867483734662942
2.2697124878564208 6.544730607631447 3.5096165876814736
2.2697124878564208 6.544730607631447 3.618449942104636
2.2697124878564208 6.544730607631447 3.679736554224448
2.2697124878564208 5.6191765534241895 3.665336687885267
2.2697124878564208 5.961313802232308 4.752693375368852
5.125981409702796 6.204704379854334 4.66750760719087
5.125981409702796 7.323211245159218 5.915298138405254
5.125981409702796 7.323211245159218 4.791158599423356
5.125981409702796 7.323211245159218 4.773917683701522
5.125981409702796 6.66088025433363 5.077125892352629
5.125981409702796 6.66088025433363 2.3567999712605388
5.725029562488057 7.745779527492129 4.816821815169804
5.764733187493807 7.745779527492129 4.337323093216043
3.13403150218554 7.745779527492129 5.031497462498097
3.13403150218554 6.14686032413206 5.296084232884921
