2.4139036723952896 7.616523950843906 5.416209296740737
2.4139036723952896 6.92903734451178 5.15395178751509
2.4139036723952896 6.92903734451178 3.967597204013461
2.4139036723952896 6.199855727345849 4.2607556587242685
2.4139036723952896 6.474659372889459 4.551973831654902
2.915217341517995 6.619374052972027 3.8226315922471565
2.0879445930636966 6.619374052972027 3.551696944207571
0.42589196883378877 6.59458995161933 2.6107268822628105
0.42589196883378877 5.393053242823097 2.0099523582596883
0.42589196883378877 5.586849574303127 2.8344781828329575
0.42589196883378877 3.3444532415585866 2.165951694721999
3.2932664824351794 3.3444532415585866 1.3056359094717243
0.42589196883378877 2.7102061071723047 1.290261270940841
0.42589196883378877 5.0950619234210635 2.6646496406482516
4.8900331196128874 6.831669383582232 4.231638425869743
2.7183243153799848 5.671165286354139 3.270757420282753
5.664816985996957 4.227276962927835 2.86920587147913
2.7183243153799848 6.279594706528471 5.185029652472829
3.2932664824351794 6.186946220472667 3.3626318770521992
3.2932664824351794 6.0016898599436175 1.6731162693269541
2.7183243153799848 5.663749442001588 2.7556843687913983
0.42589196883378877 6.410966875118522 2.8189769058582503
3.309830431767509 6.903120022727771 2.903241388743288
4.325127208777872 5.126819582191477 2.7775292965320597
4.325127208777872 5.99591403340353 4.0890338134277995
4.325127208777872 6.055453984278142 2.784120660387806
4.325127208777872 6.6331216478105155 3.409060728807065
4.325127208777872 6.6331216478105155 1.4241855085073651
5.668273064652649 5.5514073449199195 3.4773153590442654
5.524655862832521 5.830050196914435 4.155304157026627
6.431850182646439 4.311894586318793 5.212028151808441
6.431850182646439 6.2501028866875465 5.151051434324035
6.431850182646439 6.2501028866875465 4.741528653556959
6.431850182646439 7.470876576489346 5.288106135587907
6.431850182646439 7.470876576489346 5.115135717749453
6.431850182646439 7.470876576489346 5.464041959645768
4.968032471013377 8.016412573646875 6.540012814084958
3.8572282820924397 8.016412573646875 5.728893763646177
3.8572282820924397 8.644975216638981 5.24733296878355
3.8572282820924397 7.606128302090754 6.587266167635095
6.574532248285109 7.606128302090754 5.466465190720196
6.574532248285109 7.473347818746976 5.502551762621291
6.574532248285109 5.67490605746594 6.0071192566696405
5.67490605746594 7.0770487000223365 6.248122827258446
5.67490605746594 7.0770487000223365 6.030185442305088
3.070586191509801 6.327126192270281 5.202938388384247
2.2383908686533407 6.3099292227746275 4.655439179798903
2.2383908686533407 5.832461723790505 5.082319324102562
2.2383908686533407 5.832461723790505 5.25631231395311
2.2383908686533407 5.832461723790505 4.678856502390743
2.2383908686533407 5.815681679718484 3.1967503290682413
2.2383908686533407 7.587396754499409 4.289320526825418
1.778195476919628 7.587396754499409 3.7007001974382745
1.778195476919628 5.723443516167244 3.3939119457877522
1.778195476919628 6.380984010139432 3.283642477618007
1.778195476919628 7.237653312961362 5.296543521199223
1.778195476919628 7.63544150986575 6.5264599090545055
5.435071047832114 7.63544150986575 5.470434416991098
5.435071047832114 9.019353250891772 6.649902021416749
5.435071047832114 9.019353250891772 6.109036504540893
5.435071047832114 6.677552561623063 4.838901567695288
5.435071047832114 6.677552561623063 4.56016582966845
5.435071047832114 6.570985563258223 4.322906302151026
5.435071047832114 6.48625885463667 4.212528701223846
3.0664131232558707 5.693537405828362 4.372895894202213
3.0664131232558707 5.693537405828362 3.9437817823183976
3.0664131232558707 6.600014365236387 5.500935394651251
3.0664131232558707 7.332446670134068 6.491856245739971
3.0664131232558707 7.380961165820105 6.008765592085535
3.0664131232558707 8.392991147511298 6.561461669907617
3.0664131232558707 8.392991147511298 7.152703350702527
3.0664131232558707 8.392991147511298 5.979394249504354
3.0664131232558707 8.392991147511298 5.903683466963915
3.0664131232558707 8.392991147511298 6.235464269556867
3.0664131232558707 6.528568542783191 5.777254705090155
3.0664131232558707 6.528568542783191 5.866185895883689
2.675337369623126 7.680734257054368 4.886429635536732
2.675337369623126 7.680734257054368 5.547388074648933
2.675337369623126 7.654855105083213 5.602009951132464
3.2418598686311353 7.654855105083213 3.7734577388926023
3.2418598686311353 5.25674470523807 2.7732007882410152
1.0664068087334688 7.206139712061292 5.650180413734632
2.735388346405419 7.270421297955499 3.2753874748382583
3.2418598686311353 6.028864471597391 2.5908383797050805
6.289260421900622 6.028864471597391 2.0958223967917275
3.900658188515927 5.1735937778796774 3.4252111341193783
6.289260421900622 5.1735937778796774 3.8101859518973384
6.289260421900622 5.1735937778796774 4.189902612446514
6.289260421900622 5.1735937778796774 4.292916370143409
6.289260421900622 7.773190604069171 5.119429175753392
6.289260421900622 7.773190604069171 4.533494873023114
6.289260421900622 4.590843711687139 4.27380044660475
6.289260421900622 6.312699298831198 4.42662689740836
6.289260421900622 6.312699298831198 4.893098146804669
6.289260421900622 8.418687475482523 6.470969958007445
6.289260421900622 8.418687475482523 6.329188825284069
6.289260421900622 8.418687475482523 6.181795388204384
6.289260421900622 8.418687475482523 6.457079873406339
4.020605257360639 8.418687475482523 5.776701725071429
4.020605257360639 6.5391419674946185 6.105691331787369
