3.0179300007301326 7.7141743320333 5.379315123778471
3.0179300007301326 7.500197374727703 4.109087939091721
3.0179300007301326 6.6009420766314015 3.177797901507378
3.0179300007301326 7.079651148367068 5.560538709240322
3.0179300007301326 7.079651148367068 4.03267386471187
2.827355139727303 6.0845150687539125 3.8873951164498353
2.827355139727303 5.981088470254587 3.681395374786797
2.827355139727303 5.177650045656328 4.204970572017828
2.827355139727303 6.413059737017559 5.654628775949853
3.2788532627743696 7.288485288838377 4.161344069326399
7.654062978401452 6.226052801618046 3.557216431493367
2.827355139727303 7.1251003701211815 4.891407128459654
2.827355139727303 7.654062978401452 5.163407494011169
1.3178108793624088 7.654062978401452 4.278305217556984
5.873712272613101 8.105082564687343 5.120823368480368
2.504824361382117 8.105082564687343 5.633797930100218
1.9765940000291704 8.105082564687343 4.444739804471366
0.14734059728016335 8.105082564687343 1.9581309213993179
0.12885530186888206 2.504824361382117 0.5269401246546084
0.7366911322671581 2.6634378409936166 1.1109923092113219
4.908143594007964 0.7366911322671581 0.338588111763819
4.908143594007964 7.338103988878595 3.6113070852969225
5.505806876369579 5.263166442304723 2.7789432705932047
6.12610459096657 5.892187173024169 2.4939700564485467
4.829703349557754 5.892187173024169 5.233419271346324
4.829703349557754 6.38206153060424 4.740382144859661
4.068010675051955 6.388337449991546 5.0261852806602585
3.9678120889031985 6.388337449991546 4.4995933935271735
3.9678120889031985 5.221733248881463 4.492202106914205
3.9678120889031985 6.295026301222766 4.776347045721099
3.9678120889031985 6.295026301222766 5.67021948020997
3.9678120889031985 7.6851033324236155 6.688841358460162
2.959902142156594 7.6851033324236155 4.965059971490522
2.959902142156594 8.825777953318134 6.562831909562538
2.959902142156594 8.825777953318134 5.111708909821299
2.959902142156594 8.052310895396772 5.2186358800332595
2.959902142156594 8.052310895396772 5.035433212973286
2.6874093126570497 6.507289421094079 3.1973713662435603
2.6874093126570497 6.507289421094079 4.140319192943483
5.5262711560772395 6.548804026617535 5.473281675844796
5.5262711560772395 7.101062278562212 5.040944909564623
7.502720746854612 7.7892416489837455 5.71124964349988
7.502720746854612 7.7892416489837455 5.640861884632862
7.502720746854612 6.659767231349061 5.782883170119219
7.502720746854612 6.424712868525081 5.2768181241857475
7.502720746854612 6.424712868525081 5.188063746589196
7.502720746854612 7.5537408281713 5.887974090515631
4.152070706755946 7.5537408281713 6.233018993876765
3.425264556102921 7.5537408281713 5.915781868742191
3.425264556102921 7.5537408281713 5.352430151676871
3.425264556102921 7.191758364524658 5.1596524954835585
3.425264556102921 6.840009757606348 5.455605391867976
3.425264556102921 5.514269850236705 4.3460328016474685
4.990518149469395 5.514269850236705 4.027736641887008
4.990518149469395 4.548615740749629 3.919147364960379
6.335777490782537 4.990518149469395 3.8224300025890225
3.425264556102921 6.626490271553351 5.150380373889521
5.926312156394921 6.626490271553351 3.9325808640804123
5.926312156394921 6.719953375967567 5.338118195875747
5.926312156394921 7.970775648945057 5.655668700891016
5.636905449363667 8.35674977441897 6.790028902566737
4.582574818656603 6.598221243438012 4.854593965644483
5.636905449363667 6.594626344643352 5.004920311676326
3.798001743593112 6.148062299312585 4.074996546363349
3.798001743593112 5.636905449363667 4.2441812377167905
3.798001743593112 6.391800184745211 4.535407021314497
3.798001743593112 6.5664893519889596 5.389046648551714
3.640802099657446 7.690925772053754 5.392506886714048
3.640802099657446 7.690925772053754 4.458947402908313
3.640802099657446 7.690925772053754 5.197007157893502
0.9806502185041919 6.633943615599389 4.039580581032872
0.8135041917230486 3.640802099657446 1.2118238885342978
2.951860234689413 2.944002447980609 0.7265858729818935
2.951860234689413 1.2768620628976532 0.8174589703434703
2.951860234689413 3.352267441809684 1.7349542378605103
0.30863640419075056 3.352267441809684 1.4793794524278423
3.8408979499940874 5.091280545985288 2.005305902586509
3.8408979499940874 5.5064051361290645 4.111818235312693
3.8408979499940874 7.261683324414356 5.015900272904329
3.8408979499940874 7.261683324414356 0.6863011843633765
6.585507849460832 4.626072511983843 2.897920588348007
1.4297078943243844 6.585507849460832 3.74787953279008
1.4297078943243844 6.585507849460832 3.315734033782293
5.812423686950645 3.232439991308443 1.4430307944260132
4.155202918894354 3.248387587374499 1.6804803985068155
4.155202918894354 3.0575632875967647 1.9939734919035899
5.812423686950645 5.046948362571488 3.875990974545439
5.812423686950645 5.702050575184945 4.437661388806663
5.812423686950645 5.702050575184945 3.074202346235818
5.684393674643889 5.857020100984787 3.8222328687634475
2.8377825431078283 5.857020100984787 3.533295570686247
2.4725537914435987 6.476317814772603 3.804276029309897
2.4725537914435987 6.476317814772603 3.675015320801561
3.5775931625026165 6.476317814772603 4.7039797577783204
2.585253618638554 5.893651253241149 3.2168847727293697
1.5582214592454844 4.985662952550079 2.916985143926264
1.5582214592454844 5.7633988886338265 3.756204473971499
1.5582214592454844 7.595253158958528 5.099245358343959
1.5582214592454844 10.142169685225921 5.630712499882327
1.5582214592454844 10.142169685225921 4.633600835501744
