2.9490792407407835 7.719742511419419 5.671039543768707
2.9490792407407835 6.618643372720044 4.206912518906793
5.625024220059132 6.049531447711637 3.135775571715061
1.2616879090047672 5.6487357263867395 4.294438252964037
3.7557709301466606 7.7093125924350066 4.758380068125506
3.7557709301466606 7.7093125924350066 5.416813278115036
5.542479766423675 7.7093125924350066 4.857470523989787
2.6551298207164824 6.0255980768943225 4.649950128192543
2.6551298207164824 6.0255980768943225 4.286774438492923
2.646265693675233 4.787945291935468 3.718879825348379
2.646265693675233 4.787945291935468 3.451308368093706
2.646265693675233 5.550820520144832 3.8928275340278593
2.646265693675233 6.0435846417654275 5.051585574066106
2.646265693675233 6.054309903120984 4.928091945508709
1.7098450624403552 6.054309903120984 4.082158744149147
3.4644466365667346 6.7726444100623695 4.590817035428132
3.4644466365667346 6.076210692875847 4.532874551812398
3.4644466365667346 6.076210692875847 3.780838997935896
3.4644466365667346 5.701217128793104 4.856667369381178
3.4644466365667346 7.651445575071378 4.666111961395776
3.4644466365667346 10.483164735320504 6.025779006841159
3.1335962715869425 10.483164735320504 4.071582807910638
2.657247887336784 4.523206003283622 3.457168157586845
6.480047739072059 4.523206003283622 3.42447354522076
2.233893853326205 5.750857804349092 4.491679236415993
2.233893853326205 6.246158047826409 5.360172882354494
2.233893853326205 7.607040077493876 5.5928641334362625
6.480047739072059 7.607040077493876 4.911403561610471
6.480047739072059 6.632356437703731 3.895940863479276
0.27371535234003774 6.480047739072059 4.839241556271989
5.691619179731237 6.480047739072059 0.9775421081857657
3.2322304947053664 3.1431744013899743 1.0197747050930221
0.27371535234003774 6.969666124743338 4.13358137445215
3.2322304947053664 6.969666124743338 2.6850133573105115
0.22868499952429788 4.217738222934948 1.5631945927538318
3.28097336041002 2.702589506046863 1.0055855663891602
2.715902496567367 5.654532568980848 3.091956640618958
2.715902496567367 6.558520846033648 4.169187692513543
2.715902496567367 6.558520846033648 4.324062400853921
2.715902496567367 7.412601060069697 4.758664663537046
1.1558016430500726 7.412601060069697 4.22234609461077
1.680338756866004 6.422680562310148 2.7629921862941442
0.7049644338624934 5.6598627579214735 2.0085841459805964
4.9258008918851175 3.8644360071496 0.8617388737938032
4.9258008918851175 5.545407237365971 1.534411719058716
5.653934771892793 5.668440070039182 3.784902946088074
2.727743049565689 5.653934771892793 2.96380265756546
2.727743049565689 5.083004038876208 2.4886418414047937
5.850278331285718 2.727743049565689 1.7912583281676084
3.5757725848815167 5.850278331285718 4.421990422359819
5.377417942955539 3.5757725848815167 0.8190118998983206
0.033836604368993495 5.377417942955539 2.2582174786825444
3.2507527869551294 4.012171971794448 2.3025649469575664
3.2149880291005357 3.247473795810635 0.9291836352862017
3.2507527869551294 1.8078818647124213 0.87243512232342
3.2507527869551294 4.898001439895413 2.442752556746015
3.2507527869551294 5.63690838409164 2.678853929290241
3.2507527869551294 5.654636450412383 3.141016834519772
2.5933112929211544 4.884203854386566 2.8073825547118156
2.60939131801381 2.6459327781312934 1.89139239598539
3.5156342037525232 3.247276032961001 2.133054482432135
3.2307248674390334 5.645925261234741 3.1048150777662995
0.9565940990721491 5.518105559306658 2.521208207816934
3.2307248674390334 5.966598438702476 3.2170568080799256
6.552192374977718 5.966598438702476 3.6669624508266296
5.069367230480772 6.552192374977718 3.1577839305070556
0.43166477634702405 6.552192374977718 0.9869441984995158
0.43166477634702405 6.552192374977718 3.0106028643309277
2.7970913859038267 3.5621701481835797 2.089340623163402
2.7970913859038267 5.316182227206681 2.952371581824604
5.164575915268607 5.316182227206681 1.3016293603222266
5.660090391566012 5.583496671532778 2.997096745119062
5.164575915268607 5.763007398671718 1.600015806716428
3.048009385550469 3.4242034752741657 4.531696263341397
3.048009385550469 4.932883780125664 2.767485176623573
3.048009385550469 4.582676879082083 1.4727916260338128
5.313073337698647 5.185733379941254 2.8871970469373283
2.7036383912247115 5.63504603319571 4.515946063779399
2.7036383912247115 7.632441400489011 5.946659715881017
2.7036383912247115 6.569250704698881 5.000947985526602
2.7036383912247115 6.569250704698881 5.666057287863546
2.7036383912247115 6.569250704698881 5.042965466523682
2.7036383912247115 7.489317320821961 4.555488366605515
2.7036383912247115 7.489317320821961 5.205083466038235
2.7036383912247115 6.667478227705416 5.249719962782468
2.7036383912247115 7.366935649805875 4.917407314187682
2.7036383912247115 7.366935649805875 3.786688967043828
2.7036383912247115 4.779762412442427 3.518909631813155
2.7036383912247115 6.978512059072166 5.561020244458748
2.7036383912247115 7.475867853812838 6.173689647416479
2.7036383912247115 7.475867853812838 5.305913611550101
3.3817584793458626 7.475867853812838 3.8058499139332547
1.7075884788274043 8.053565927789931 6.056682512382716
3.3817584793458626 8.053565927789931 4.979494649827153
3.3817584793458626 8.379523567034497 5.667688671381401
3.3817584793458626 8.379523567034497 4.235340042672772
3.3817584793458626 6.572108141305186 4.997490087388508
3.3817584793458626 6.41966432441162 5.108743165312411
3.3817584793458626 6.949494851356773 5.3274529117946665
3.3817584793458626 6.949494851356773 5.408607451777324
