5.3331140059302165 7.698713129999524 5.326976965041247
5.3331140059302165 7.674100213491613 4.570443962193641
5.3331140059302165 7.674100213491613 4.030856360943405
3.283589906204068 7.674100213491613 5.2463887915248675
3.283589906204068 7.5122017483722345 5.813337824743658
3.283589906204068 7.5122017483722345 5.389730512152417
3.283589906204068 6.572247604447277 5.352432708010212
3.283589906204068 7.645905228884667 6.281466419544972
3.283589906204068 7.645905228884667 6.083906208694349
3.283589906204068 7.645905228884667 6.110332110574693
3.283589906204068 7.640389376628809 6.315469899795617
5.687181026071773 7.758562171778728 5.450936226430802
5.687181026071773 7.758562171778728 4.3028242833448145
4.551367992532736 7.116536321368594 5.311582901284026
3.520519258871119 6.516514261561859 4.982907638996994
3.7348755955826936 6.647924161066982 5.051039099689034
3.5496210268353576 6.647924161066982 4.141808848251085
6.591345835826768 6.647924161066982 4.31087618418179
4.35778406248394 6.591345835826768 4.098355120915823
4.35778406248394 7.508671895947121 4.296147812955948
4.35778406248394 4.318798125774304 5.767076186898744
5.827564915461711 6.33037510053342 4.873382890592177
5.827564915461711 7.2234792644332195 4.588994162979019
5.827564915461711 7.611504443139657 4.9467777203669865
3.645345583391404 6.550390320796851 3.853939095359909
5.827564915461711 6.550390320796851 5.16550156611945
5.827564915461711 5.938513155780786 4.743547333585711
5.827564915461711 6.507523675926702 4.002691524296658
6.360413690735832 6.507523675926702 4.392180495488386
2.6744213750925785 6.627232188691977 4.493526345603455
6.360413690735832 6.620943261574659 4.940654504753856
4.518827071039478 6.620943261574659 3.3444532631956
4.518827071039478 6.620943261574659 3.7886156177020394
2.9009195941548964 6.360413690735832 4.4568235947907855
2.9009195941548964 6.643592389421947 5.5740607584491375
7.665366188972344 6.79556165517978 4.4640440601703135
7.043696819153833 7.665366188972344 5.41062026482714
4.5577651027824935 7.466387632258343 5.237643209578583
6.667753045533235 7.61606195891393 5.152383182947022
6.275137379331923 7.61606195891393 4.497961923923876
6.033516182134424 7.68496881041496 5.930406531974432
6.556164712214379 6.612069885876394 6.285703744156763
5.343015323171905 6.890242408107294 5.810059255012857
5.343015323171905 6.890242408107294 6.22423129120533
5.080431262241959 8.15282432914567 6.538847829406566
2.909959983536105 7.300895971436017 6.2224687840661765
2.909959983536105 7.300895971436017 5.290776319647971
7.0147108446685 7.300895971436017 4.523275734907281
7.0147108446685 7.300895971436017 3.9576238324358544
3.0506056329242957 7.0147108446685 4.5146132995617805
3.783016048599283 7.550448639712831 5.490175987669656
6.287525732917075 6.432250694637872 3.3132784442684122
5.130680225340043 7.399442127718892 6.108860728005474
5.130680225340043 4.727406094075047 6.22860973492698
5.130680225340043 7.399442127718892 6.269998631532244
3.6218965894200577 4.727406094075047 5.440362579942889
5.427101154065301 7.617418892898293 5.414408971735907
4.567118464267612 7.617418892898293 5.75588425191816
5.838224839853115 7.617418892898293 5.02715960442963
4.037163314620454 7.617418892898293 5.475566495033665
4.037163314620454 6.6973015201092245 6.066912449765006
4.037163314620454 7.696118010992253 6.080660581241842
4.037163314620454 7.6584138401047905 6.6977477825867116
3.862913146680491 11.749688390812633 6.659084417231843
4.23012946990648 11.749688390812633 5.113859168660078
6.210744432738458 11.749688390812633 5.6642913197502045
3.1427365015338293 7.54226056148563 5.342376395802667
6.633353490584771 7.54226056148563 3.537144125045413
3.0286599471658353 7.54226056148563 6.233028946446825
3.0286599471658353 7.54226056148563 5.293152207081163
2.8940142400079734 6.633353490584771 4.335946415816175
6.345047404467923 7.630411299087003 5.9522235468890266
2.8940142400079734 7.753381973519746 5.500896441707045
6.345047404467923 6.270770077397533 5.069253462438348
6.345047404467923 7.736699499031031 4.485922336003097
4.354044228914212 7.736699499031031 4.272711614783475
2.7178219777691592 6.461272720599052 5.667062593117192
5.308370942089336 6.461272720599052 3.957956773622235
5.635630852638986 6.651683080618909 4.855272055689024
5.635630852638986 7.481872798740152 4.939015299403654
5.510608987208158 7.481872798740152 5.97691595883144
6.210385848146462 7.874655667201914 6.014010928307979
4.719345484125451 8.199062925520591 6.112465758719757
4.719345484125451 6.756917029043056 4.033307185908754
3.2750161277071013 6.810794212053629 5.22383810465422
6.2926023956561075 7.70079671337885 6.4233368675415
5.622737149036379 7.582493417562933 5.236542416865718
2.582952131169361 7.582493417562933 4.868177667944207
3.237092511791776 9.131369667777166 4.64903756041058
2.582952131169361 9.131369667777166 3.8875980929008853
4.164051062102406 6.279689243927692 3.9450435201840737
4.164051062102406 5.8342182158614015 4.783653263690496
4.164051062102406 7.184270572762834 3.769058346626893
4.164051062102406 5.534749954589717 4.518192801046923
4.164051062102406 5.329909482550772 5.423802526586622
4.164051062102406 7.470658081851585 4.633410603736644
4.164051062102406 7.470658081851585 4.65128816497901
4.164051062102406 7.022273132309042 4.530839606957661
5.971618282689736 6.379386200490881 4.9257448627022535
2.7197790215345603 6.172045715906123 5.667002498095169
