5.702799868861728 7.5995280615910765 5.489676825967532
5.702799868861728 7.23785671948376 5.55279615940122
5.702799868861728 7.600131208437222 4.7784945819632885
5.702799868861728 7.600131208437222 4.846675831194043
5.702799868861728 6.929143916747863 5.398837558328005
5.702799868861728 7.721287222526154 4.816942032066075
4.858242562326886 5.461693080815898 5.308284525269133
4.858242562326886 6.064666203581805 5.574493365428079
4.858242562326886 5.216874768926132 5.850654865043266
4.858242562326886 7.485164636713387 6.401725403880326
4.858242562326886 7.50942076226775 6.211212453010039
5.631517837713819 7.727306945373854 5.130598279085172
5.743030352892038 7.727306945373854 5.455819217067646
6.602652822481829 6.547656912020621 5.231100166561683
4.163735439659998 7.332741127956391 6.371110674182379
6.603192080924945 7.332741127956391 4.661998811979553
6.086300551080125 7.675293689650527 6.71272477581256
6.488971028169374 6.415248146593523 4.696473138462863
3.672091516049147 6.603192080924945 5.875613783882975
3.672091516049147 10.037217443333507 7.030596603867095
4.244876668282451 9.703852886393642 4.243096323656392
4.538999564991883 9.703852886393642 5.091274109958605
4.538999564991883 6.8676717784165024 5.277488977791599
4.010790818769607 7.376082361709969 6.071980751213045
4.538999564991883 7.376082361709969 5.45569615108283
4.538999564991883 6.3292081261930235 6.3304397861837005
4.748512269444447 6.6648883513354455 4.788313719324741
5.309348853006224 6.906799115195007 4.843818650196026
5.700768376767254 6.427221161866282 4.285315836994427
2.6048994375056265 6.6019396624144555 5.245555646171357
2.6048994375056265 7.338184390769932 5.393453295027585
1.366084969271633 7.6121734126724565 5.178194206814818
2.8771811577372657 6.6019396624144555 4.117642244284041
4.458093899926599 6.151300279811906 3.788481633941953
4.458093899926599 6.647560848229176 5.020378514744076
4.458093899926599 7.518864756382801 6.144143800358259
4.417150723237192 6.647560848229176 5.18833858065552
4.417150723237192 8.752186298614777 6.192400550145944
2.3725552333597837 8.927377549325467 5.947535265866419
2.3725552333597837 8.927377549325467 6.05442456902888
4.076354545677766 7.156983405195316 4.815834805577103
2.3725552333597837 7.403805918551301 5.762557382523284
2.3725552333597837 7.679225426210758 5.264895425138076
6.428370790417603 7.6725614849046995 4.305999472546875
2.3725552333597837 7.6725614849046995 5.308880288867928
2.3725552333597837 6.428370790417603 5.084495541534181
2.3725552333597837 7.638430643670905 5.922858281335214
2.3725552333597837 7.638430643670905 6.319486434302674
6.867143905813908 6.387818768851453 4.917128336056003
6.867143905813908 7.447384543282302 4.703034810436887
3.983117663387063 7.447384543282302 5.8184544522431985
4.371312486327245 6.867143905813908 5.156545936706977
4.371312486327245 8.90149093437314 6.018518033562259
4.371312486327245 8.90149093437314 5.504572215622346
4.371312486327245 6.867143905813908 5.824154453327234
4.371312486327245 8.363284670943015 6.011360701358751
4.371312486327245 8.363284670943015 5.651326308791201
4.371312486327245 8.363284670943015 5.205353804516715
4.371312486327245 6.489230022462465 4.658590207248577
6.3606820003601925 6.6068204230693475 5.296475669099177
6.357456940369776 7.471258507363006 6.072479999029024
6.357456940369776 7.593225672400626 5.293410528368397
5.487524795042102 7.593225672400626 5.510494018496307
4.371312486327245 7.593225672400626 4.141739537792072
4.371312486327245 7.593225672400626 4.418688012051558
4.371312486327245 6.953217963250429 5.239739422777602
4.371312486327245 7.162678144010588 5.6604714239559435
3.895033890408652 7.697545215072816 6.270296733664497
3.6549850037669995 7.00895577018969 5.530554706420024
5.1141410364104765 9.828685732494018 6.468917658958102
5.1141410364104765 10.210083863448183 5.340214786494914
5.1141410364104765 10.210083863448183 5.831880619709213
3.821949496394183 7.23831672570353 5.169279709476538
1.2897776028896435 7.23831672570353 5.200489571185004
5.041477852835101 7.649283932923831 5.522708210679541
5.041477852835101 7.296206494342661 4.810710586356135
5.42817374679451 5.7505998185915885 4.592578121508905
4.37197197700597 7.597018836120073 5.69082157837151
2.884164870415266 7.597018836120073 6.083801838664795
4.090170109286937 7.597018836120073 4.809126065570435
3.8597245402288753 7.597018836120073 4.002704110643974
4.791632983895248 6.272317776641437 4.50224040885198
5.130420871922521 6.484150323259463 5.606162464738614
5.130420871922521 7.042212914351319 5.474744014782476
5.130420871922521 7.042212914351319 5.679990472987369
5.130420871922521 6.0715923150462 5.585687355300938
5.130420871922521 7.30283059720046 5.738368374237126
5.130420871922521 6.5661216571914345 5.887876493217771
5.130420871922521 7.716188871808493 5.727520816937247
3.9303555460060484 7.716188871808493 4.932589829842753
4.401675222509624 7.716188871808493 4.148063371690285
3.7652771623514103 7.142590856322222 5.049335593954123
3.7652771623514103 4.307584663538396 6.493021864008848
4.8307083583311545 6.910169617151334 4.616454383757986
3.7652771623514103 6.910169617151334 5.092648406816255
3.6018843994462917 6.3362963215029 5.106739478892377
3.6018843994462917 7.165862459280781 4.909116993053349
3.13798542212124 6.56870331722082 5.04713095178377
3.13798542212124 6.985664245163974 6.062925345975833
3.13798542212124 6.985664245163974 6.393947611481815
