4.710130687946876 7.732295040788621 5.434621978226
4.710130687946876 7.601128608851528 6.044488515293944
2.4728166969538106 7.601128608851528 4.668143579406576
2.4728166969538106 7.601128608851528 4.603973352569392
2.4728166969538106 6.4879793786347975 4.340304516263609
2.4728166969538106 7.524727212658661 5.206182463865702
2.4728166969538106 7.524727212658661 4.375052041078187
5.226077616206034 7.524727212658661 3.810250567566209
4.5241939103335795 7.756404465010064 5.3833484633422515
5.632495333906245 7.756404465010064 4.456492132563641
4.0667371225972175 6.606444827869051 5.554637110601487
4.498974021743635 7.625137011811651 4.997074249798899
5.956982344284114 7.625137011811651 4.998037953044817
5.31546087861371 7.066221719913933 4.630243129574336
2.9989147421357853 6.432513624901873 5.792028689174012
2.9989147421357853 6.397575501261485 4.788252643410333
2.9989147421357853 6.397575501261485 5.9341739716452615
2.9989147421357853 7.340085475008811 5.858723227373559
4.303547309631295 7.536190953326656 6.58650611857727
2.9989147421357853 7.778016056458322 6.771557876553167
2.9989147421357853 7.471406863448916 6.486286085145252
2.9989147421357853 8.165353841638508 6.221367052840723
4.303547309631295 8.165353841638508 5.190464750497289
4.303547309631295 8.165353841638508 5.552914254502223
4.303547309631295 7.362053661532531 6.245026848625298
4.303547309631295 6.865058914960921 6.033606184715638
4.303547309631295 6.865058914960921 5.254374450610072
4.621456810045753 6.865058914960921 5.76996161637462
3.8348208124156042 7.566400804452444 5.582004062222884
6.262840192485708 7.638868020711374 5.92512371755625
3.594571480926398 7.638868020711374 5.736074495476982
5.9323033404418375 7.60991973618845 5.835220758347436
5.6260395783923975 7.575321849515891 5.135304707626358
3.3612324662449926 7.575321849515891 4.536543785566526
3.3612324662449926 7.61685105510964 5.512927361097496
3.3612324662449926 6.776967304580804 5.301937395044133
3.3612324662449926 6.776967304580804 5.26374220337732
3.3612324662449926 6.776967304580804 4.851083722530004
3.3612324662449926 7.392017366935491 5.882881941273313
6.372975708718901 7.181493784758326 5.067461088600298
6.371546138999268 7.940504377810692 6.277833972601679
3.475443901162834 7.6791704988281495 5.397583389071232
6.5570818866760625 7.6791704988281495 4.741012447483375
4.615337262970236 6.5570818866760625 5.99309913317539
4.615337262970236 6.5570818866760625 5.578492331317097
6.6606711948365565 6.572327924015973 5.003712476427194
3.5486768732600216 6.5570818866760625 4.928453863006263
3.5486768732600216 6.985044425257808 5.608710979378591
3.5486768732600216 6.7898598810283755 5.401765706319094
3.5486768732600216 6.870951456420649 6.226543375177453
3.5486768732600216 6.7898598810283755 5.128710307124407
3.091645843153412 6.7898598810283755 4.8581261971813055
5.089214408084299 6.3977721593096355 3.285628902881761
5.089214408084299 6.136968068242908 4.876528680681242
4.12190674208507 5.567403673188277 4.456394252230864
6.375791647129759 6.158298762604375 5.412337434483231
6.375791647129759 6.274888876093559 5.697438957325669
3.8791512464862916 6.274888876093559 4.558158315301811
3.8791512464862916 6.824065066866467 5.084250827426167
3.8791512464862916 6.824065066866467 5.9560370667666795
3.8791512464862916 7.785233875639742 5.767781228771027
3.8791512464862916 7.785233875639742 5.970437018264713
6.2731996867870805 7.785233875639742 4.502113647080074
3.7265592935034175 6.866162989289231 5.267008441967151
5.668525619712916 6.866162989289231 4.515898845686736
3.5218503631037845 6.3246909317542475 4.855934161636744
3.5218503631037845 7.274384591226525 6.229347197972191
3.5218503631037845 9.051662990068781 5.569807478715078
3.5218503631037845 9.051662990068781 5.941486586167302
3.5218503631037845 9.051662990068781 5.031793052844836
6.218872579242603 9.051662990068781 4.3502560548139755
4.42442360917731 9.051662990068781 5.681330553928823
4.42442360917731 6.481486868004552 6.033761713019752
2.361672908242785 7.415927795997851 4.6644456344733465
3.89329107296285 7.596474203377612 4.903766790329186
2.361672908242785 7.596474203377612 5.054882264524475
2.361672908242785 7.204786545793295 4.436329136063889
3.89329107296285 7.434861535052164 4.956456717062198
3.89329107296285 7.434861535052164 4.6435157450264555
3.489100234991192 7.434861535052164 6.003081405137638
4.465302705260498 7.5749504569951185 5.465857216179432
4.465302705260498 7.607243189897055 5.227777198532887
4.465302705260498 7.607243189897055 5.068450483014547
4.465302705260498 6.660405390170144 4.790447278578775
4.465302705260498 6.660405390170144 5.3693743812191315
4.465302705260498 7.510114952135911 5.5971129935651724
6.59081708502443 6.660405390170144 4.9386071591721015
4.541611667515223 6.4567856011919424 5.309201126079674
5.550620318745331 6.59081708502443 5.212544585307159
4.517121033871881 7.464254126294824 4.591096658842352
6.898407064378164 7.464254126294824 5.155490142034489
6.898407064378164 6.452703568370879 5.622512970842888
6.898407064378164 6.546300051638294 5.690518537058559
3.7430506903489555 6.546300051638294 5.7485980217557975
4.517121033871881 4.913012246320353 5.33234587677082
5.845724881811986 6.898407064378164 3.518122963984288
1.9509941812278346 5.845724881811986 4.732438478633584
3.047703787556284 4.150222971694873 4.69130028871192
5.845724881811986 5.94676984932396 4.472608462509588
3.047703787556284 6.1305521078603 5.271878027247149
