5.72645828225329 7.7463765867309515 5.41916286443182
5.655024464808928 7.6029146419051035 5.299408474581944
5.655024464808928 7.6029146419051035 5.415937878680779
6.1660956292056035 7.5961197125094575 5.560555083735669
6.1660956292056035 7.7747273511331 6.04438130731142
5.655024464808928 9.076253099357498 7.117328272903509
4.252713064483768 9.158223849506285 5.371928604749023
3.5095097416080425 6.82348143294932 5.189989040777678
3.223804265078663 7.693839191084619 5.014267477398709
4.6799006380627866 7.693839191084619 4.209557689012989
5.128320870562998 6.3529675279495414 4.457119403839175
4.075169351649404 6.450258748080007 5.797275943252487
4.470155122400097 6.420942192648933 3.29427840723584
4.470155122400097 6.446794785216422 4.6985159274868655
5.393962595777442 6.446794785216422 4.589657675325897
3.2612390258048056 7.510970180896075 5.871770572439103
4.739204511207053 7.610133579353169 4.914824531898272
4.557682832467993 7.610133579353169 4.830602397920416
3.2612390258048056 7.104973488008978 5.892999969055968
6.094740352940114 7.215788259054339 4.729968347409548
3.0456296511001253 7.104973488008978 5.011938003203583
4.856844406793488 7.5393469883275674 3.381428190879797
3.0456296511001253 6.714570510687356 4.892664162838384
3.0456296511001253 6.714570510687356 4.498043471802831
3.0456296511001253 6.650940103249951 5.718104089325785
3.0456296511001253 6.572514803867616 4.7418988901910755
3.0456296511001253 6.572514803867616 5.238995371704716
3.3520368961283435 5.89391261296398 4.171300326836068
3.0456296511001253 5.423376373861675 4.5950871440133305
3.0456296511001253 7.43910007185017 5.8672230420652385
3.0456296511001253 6.419355893717121 5.055873763581034
6.855786805634477 6.419355893717121 4.512240409357128
3.0456296511001253 8.124443710456688 6.528824728487474
3.0456296511001253 6.927068964476824 5.882842144002078
3.0456296511001253 6.927068964476824 4.921429483074147
5.928905746752289 6.258795807229713 4.68701706925129
5.523338760416664 6.258795807229713 3.850448087991644
6.610858682629129 6.333300994256788 4.785460707858841
6.610858682629129 6.930907200968871 5.274168897678834
6.610858682629129 9.536710731380616 6.3430922552242075
6.610858682629129 9.536710731380616 5.689591141299937
6.610858682629129 9.536710731380616 5.216633714273502
6.196374537617892 7.056277032623756 4.475051582821034
6.196374537617892 8.872100361488824 7.26901688984741
3.7191605742797553 7.1795323045600945 5.902249658030817
3.7191605742797553 7.1795323045600945 5.967188016556447
4.220157954770354 7.1795323045600945 4.616327782654303
3.5331731745186983 7.4480798008347495 4.5488688474424235
5.8299541735308935 7.4480798008347495 4.8506062299378
3.3532231644946617 7.148444756784519 5.288293474681823
6.377653501022472 6.5629066536719805 4.273070593304411
6.377653501022472 6.5629066536719805 3.9698625402446144
7.723274012124204 6.377653501022472 4.293528948861017
7.723274012124204 7.6943802054188914 5.14738317425496
3.3532231644946617 7.6943802054188914 5.76356029657629
6.261060135236466 7.723274012124204 3.9828517436692836
4.622639090748272 7.723274012124204 5.1369812257115735
4.501420213544343 7.694836458833294 6.064087071932322
4.501420213544343 6.574588686458224 5.372510487812592
4.501420213544343 7.613416986918457 5.956489319240734
4.238378064109554 7.247026482978688 5.053672018376282
3.2629298004183593 7.247026482978688 4.335696648371027
5.09862628139998 6.137273607900365 4.688806090565161
4.238378064109554 6.300648070657356 5.3748888143334455
5.643969751301718 6.018896034898649 4.333094280849308
5.643969751301718 6.189094259898301 5.146898136804904
4.055292173954303 6.189094259898301 4.6768186968315195
4.055292173954303 6.467407271941632 5.428950455657631
3.4968001370389286 5.165831248096307 5.748130537353848
3.4968001370389286 6.391503254172729 5.340810380187527
3.2645827552202715 6.3599417335149475 4.722578281624908
3.2645827552202715 6.3599417335149475 5.238926858869256
3.2645827552202715 6.28744734777559 6.336341988074473
3.2645827552202715 6.905556415156148 5.683064986250856
4.692937090688421 6.558967383511419 5.51435628266123
4.995425925608661 6.6615885520752585 5.490820236007604
3.0434952678636695 7.4842341262736785 5.472693705865954
6.205432685012067 7.739767258507571 5.252205258617728
6.294173748260967 7.66901543843078 4.210783568838698
3.0434952678636695 7.66901543843078 5.766826646626591
3.0434952678636695 8.585232707377763 6.693849541614367
3.0434952678636695 8.585232707377763 5.616614813108802
6.063548790719196 6.039553735462409 4.761403795329698
6.0694055229423896 6.855818060669604 5.4120796253730195
4.311400466263397 6.855818060669604 5.92789015030338
4.311400466263397 6.855818060669604 6.034852412173303
5.087979659219101 6.662173718286212 4.8332387987867165
6.04560591247737 6.662173718286212 4.223288911007348
6.297495591000459 6.662173718286212 4.5927908761833045
4.508042944413273 7.738186874870447 6.661850831734394
6.0683684050017845 7.738186874870447 5.334537073892461
6.0683684050017845 7.738186874870447 5.661570882305044
3.795600197141639 7.738186874870447 5.595179212605458
3.795600197141639 7.738186874870447 6.097964407927822
3.795600197141639 7.738186874870447 5.728308563176731
2.0751229517500147 7.738186874870447 4.905951236862086
3.798373783915729 7.036313948711639 5.202862645192092
2.0751229517500147 6.549485483075983 5.332052379891992
3.798373783915729 9.030289445171809 5.7354022565026295
2.062929931124778 9.030289445171809 4.497234688658913
