3.04669046054071 7.739474115016858 5.464830891637036
6.436244847763518 7.69900597468243 4.925995925516794
6.436244847763518 7.69900597468243 3.969462693117434
6.436244847763518 6.322825309160024 4.919120356873864
6.436244847763518 5.062337933347205 5.014259766983329
6.436244847763518 6.582665814917199 5.128919129404786
6.436244847763518 7.549969398857664 5.676834619202713
6.436244847763518 7.549969398857664 4.966104619050165
6.436244847763518 7.26028021183628 5.5978520065577575
5.644188875286151 7.26028021183628 4.791909204777381
5.644188875286151 6.436244847763518 6.246653250568944
5.644188875286151 7.3156379466445145 5.682688808307111
5.644188875286151 7.638830321769197 5.210113198930083
5.222908590178619 7.638830321769197 4.892514163128727
3.7190478322827407 7.9189443484549855 5.940231059708218
3.252745855308174 7.068831926996278 3.8174123025451383
5.632514837163093 5.409285494777489 5.175230135062922
5.961009543995264 7.068831926996278 5.4598866709593805
3.6942605589969095 7.068831926996278 4.39290488228357
3.252745855308174 7.4043418426131105 4.4552121187319385
3.252745855308174 6.405882754076764 5.385856956104812
3.252745855308174 6.383353148266586 4.780673792113353
3.252745855308174 6.383353148266586 5.428589493022868
3.252745855308174 7.565952037207353 5.550294519644143
3.252745855308174 7.565952037207353 6.209314969705457
5.896098080606404 6.276768064389369 4.611772547534498
3.993055914933042 7.347262053253287 5.902696510843969
4.606467143599165 7.347262053253287 4.170352868988799
3.4545567236605845 7.662726202813589 6.176843024397036
3.207808192529573 7.611974297852859 4.131395396963944
5.569891322697529 7.611974297852859 5.026385835774877
2.5900331643991206 7.611974297852859 5.058714852460293
2.5900331643991206 6.667925183846222 5.0684810737617925
3.6535479318904014 6.667925183846222 4.62861345445665
3.6535479318904014 6.667925183846222 4.688631246181506
4.516096968295621 7.766613294395398 5.83889930860499
6.533869134981931 7.766613294395398 4.492798320953273
4.650089383892386 7.666427089226881 6.53220417410005
4.650089383892386 6.968520356139036 6.0556401590090925
3.4304392664284333 6.968520356139036 5.137996358244688
6.317816209095206 6.361327611412715 4.5990392255311345
6.317816209095206 6.64522371432577 5.928982354646597
6.317816209095206 7.415561568507851 5.816059543613942
6.317816209095206 7.69952672686264 5.614728976771702
6.317816209095206 7.69952672686264 5.270514148198072
6.317816209095206 7.867374102813564 5.122853383285526
3.366580335471579 7.867374102813564 5.953300077638314
5.300496538769561 7.867374102813564 5.032293547351224
5.300496538769561 7.615015423857127 6.331799179747523
5.300496538769561 6.353462076445382 4.998414905515699
5.300496538769561 6.466557857701801 6.044980210165659
5.300496538769561 6.423382278365565 4.528065686767869
2.7277973055850038 6.099363025104829 4.837017556048306
6.14443352248238 7.694246033039363 4.172801150696956
2.135345493904332 7.68852145399045 4.023720750582284
5.870374201267669 7.68852145399045 5.982390453709041
3.867836352472939 8.56494718818078 6.541507497055197
3.867836352472939 8.56494718818078 6.420774389816431
3.867836352472939 8.56494718818078 5.7743305835971235
3.867836352472939 7.623119498715203 6.070054081373713
3.867836352472939 7.637137702237567 5.665175389208098
4.382988768683763 7.637137702237567 4.704696936882879
4.528439852647306 7.637137702237567 5.371411901320429
4.577053188199866 7.3846686894277855 5.468292626519506
4.569914904322264 7.3846686894277855 3.558205692277548
5.6400884081222955 7.3846686894277855 5.058703709950128
5.643180282818584 5.965825429831973 4.516174292091524
5.6400884081222955 6.1253740443924585 5.315762592086998
6.4143830338184 6.302663650330203 4.248552997237348
3.47864711493412 6.4143830338184 5.369620439899053
5.996719387736331 7.601469501325761 6.121955458162419
5.996719387736331 5.263998945524115 5.250603374407689
5.996719387736331 7.027896781089833 5.462493765751106
5.996719387736331 7.724496944848552 6.047654340442333
5.996719387736331 9.35342621617928 7.40806637974166
5.996719387736331 9.34216335763512 6.408473361684779
5.996719387736331 9.34216335763512 5.317945162228621
3.0210726470724727 5.983422275095759 4.367488033021691
3.0210726470724727 6.653540873172311 4.615508346300316
3.0210726470724727 6.81306525842699 4.832215271472395
3.254790511115225 6.81306525842699 4.4297359857900735
3.0210726470724727 7.475239342123327 5.210541529144194
3.0210726470724727 6.81306525842699 5.303889788360439
2.977808595958369 6.539748928849342 4.943887973300125
2.977808595958369 7.741965648444587 5.528634136319911
2.977808595958369 7.741965648444587 5.196138014208735
2.977808595958369 7.741965648444587 5.687250105986648
2.977808595958369 2.5280937410672846 5.965753436691477
4.126085671059393 7.656448199729388 4.033257228903907
2.663157822882813 7.656448199729388 4.4028104701306
4.902657323326547 6.536912451109782 5.498186818838002
4.902657323326547 9.824166694979812 6.876215259647037
4.314882583015958 9.516614895917698 5.3770329635526215
4.551613645370814 9.516614895917698 4.058636446755395
5.4157752495375355 9.516614895917698 5.795928349366113
3.818401361388102 9.516614895917698 5.5532679888701
3.64768818044232 6.481998109194755 4.396544044681149
4.341156975289227 7.722486929340503 5.2102435666226725
1.4813219324310514 6.40799883921169 4.613446603031435
1.4813219324310514 8.269362696336751 4.3127169029364305
