5.44161216607813 7.773643397754467 5.278637892099259
5.44161216607813 7.680928616644783 5.750035654426519
3.927633175491018 7.680928616644783 4.964596783313356
2.9662866829984726 6.648537406382761 4.634373279503363
6.556271828959055 6.648537406382761 4.336034959570181
3.428915372729158 7.455465469723491 5.283661312030935
3.428915372729158 7.455465469723491 5.857617289427339
3.2614207850447205 7.455465469723491 5.616700147271131
3.2614207850447205 6.394292779149019 5.281166554062912
4.3951561892846165 6.608543321131496 4.6648745591577345
2.903918653240574 7.162544284586113 5.36510480707703
2.903918653240574 7.636546400428552 6.019797180740095
2.903918653240574 5.6211697994533445 5.886068501426797
4.581947205121569 6.295110890007905 5.478302190314511
4.581947205121569 6.270315908519169 4.2414096662860485
3.405219774584936 6.212069794340074 3.986624686949236
3.405219774584936 6.212069794340074 4.741896610064455
3.405219774584936 7.364757770404697 4.566606724960415
3.405219774584936 7.364757770404697 5.204173815066437
3.405219774584936 7.664036979484672 5.100611532275301
6.320285227376935 7.664036979484672 4.461642837698262
6.272950297190722 4.461808315504907 5.129837809460078
7.22673983341239 6.320285227376935 5.022250782989271
4.30909012855788 7.22673983341239 5.3571883868993595
4.372426305030462 7.237572285534199 6.139603353769371
6.988518854941798 7.237572285534199 4.355426909211915
7.773657484009998 7.237572285534199 5.37509152018423
6.200404965985818 7.773657484009998 5.769760313678217
6.200404965985818 6.988518854941798 5.372620873808686
4.470940824552031 5.766200879353288 4.309158835702148
6.3460360769247295 6.622552066811522 4.5313528656271265
6.3460360769247295 7.407517976040349 4.826572873344336
6.179914237927637 7.512250310915499 5.6482087815253
4.470745442954861 8.737759685397087 7.483457720979395
6.3030425788699525 7.101446421338309 5.212862167464456
6.234655397167234 6.82347898063826 5.356120249687652
4.573859875164235 6.753919422366845 5.952637688443213
4.573859875164235 7.583722838947001 5.888691215336851
5.6945793049589675 7.583722838947001 5.4449758128861365
4.1945246180436655 6.3030425788699525 4.989775176324413
4.1945246180436655 6.273181782300682 5.437472490446486
4.1945246180436655 7.30330423244499 6.524140211416941
4.1945246180436655 7.552918512447329 6.913882361447562
4.1945246180436655 7.626277432964857 6.249244755175769
6.390122576874994 7.626277432964857 3.4105818469659885
6.087237620247105 6.650750302728959 5.073401655065375
6.241380206527943 6.390122576874994 5.185572268337179
4.040059165674542 9.325676350938721 6.671633304431906
4.040059165674542 8.56941419797376 6.043901237065938
4.040059165674542 8.56941419797376 5.745934585212204
4.040059165674542 8.56941419797376 6.241908553233375
4.040059165674542 6.7186114836285356 5.78629139128607
6.787414636880271 8.487669882495183 5.71821145565126
4.040059165674542 8.487669882495183 5.257866325942959
4.040059165674542 5.753371019060719 5.345254910772503
5.399389393812623 6.236395572735606 4.312982253681801
4.818530746772041 6.664962959170257 5.22173599341954
4.236756793006169 5.933294514192557 5.017608229692752
5.664063339028836 5.933294514192557 4.026073064816058
3.587485054955302 5.933294514192557 4.44011487858597
3.587485054955302 5.99379446876771 4.5293850817846
7.769950565448221 7.3143012609336076 5.7056108232605665
4.293149878393031 7.769950565448221 6.774793752971374
4.293149878393031 7.531541495789751 6.22816908907143
4.293149878393031 7.4531490072095 6.005262720371835
4.293149878393031 7.4531490072095 6.117043016957686
4.293149878393031 6.970292043251572 6.0202967020400635
5.494981937998105 6.970292043251572 4.864759426222922
5.494981937998105 6.970292043251572 5.00735337504225
5.717704184897919 5.960171112660831 4.802364779578195
6.652236285223513 6.5449871248003255 4.828465207475617
3.9264222569395675 6.652236285223513 5.182434577274469
3.9264222569395675 7.340308452334998 5.302714865430978
5.347550001895399 6.6485857534923305 4.738136272608355
5.852283100715717 7.583392100163342 5.198929232967369
5.852283100715717 7.470310615708685 5.706600084674835
5.852283100715717 7.687862366986659 6.574573388470782
5.852283100715717 7.40719608380768 6.139065857555373
5.852283100715717 7.746779888857397 5.721141201660852
6.32429586055169 5.6272984689227386 5.286696614965662
4.498053662545068 6.34514031739921 5.64162474438354
3.4042499412288625 7.429155455312506 5.616231272857965
4.038297665976657 7.429155455312506 5.485547600931514
3.2615864904292455 7.429155455312506 4.827699306019158
3.2615864904292455 5.996578001338747 4.769127878873158
3.2615864904292455 6.26573362265826 4.437415205598746
3.2615864904292455 6.656004846986157 5.413594954867478
5.928447902563679 7.643981830392393 4.921644977486044
5.928447902563679 7.643981830392393 5.379753372359623
5.928447902563679 7.651437525320407 6.030311911441521
3.7815760386140664 7.651437525320407 5.5418243874392275
3.7815760386140664 7.651437525320407 6.19531120015522
3.7815760386140664 7.588782545996926 6.035919463548228
3.7815760386140664 6.417479909366932 6.120943443917455
3.7815760386140664 7.555963848614059 5.759239934768739
3.7815760386140664 6.417479909366932 5.671265282964761
5.267327757874629 7.630806921096745 5.788678001136062
3.409905707950639 6.718487674962681 4.728987984848105
3.409905707950639 7.6107679258623975 5.454629571897873
3.082628008768531 7.6107679258623975 4.072571244083906
