4.637458401019469 7.71550477015397 5.452091989608992
4.637458401019469 7.202410386924587 4.955920326542444
3.113868214352785 6.6277183337798355 4.638195343072667
3.113868214352785 6.731506444242148 5.67674704609642
3.113868214352785 5.990829983983119 5.49646794421691
3.113868214352785 6.197512785772403 4.689686728127446
3.113868214352785 6.4921657095139125 4.645553636200021
3.113868214352785 6.520605205489375 4.829809651265973
2.6110337294494212 6.635199094200221 4.787439529209455
3.681413073036716 6.220454840015826 5.057810005151393
2.6110337294494212 6.2513110437271 5.061703516753495
3.681413073036716 6.2513110437271 5.408521700706141
3.681413073036716 6.953311126475251 6.187978192603039
3.681413073036716 7.51284777108331 6.510912765721941
6.724888747427386 7.51284777108331 4.349427196460978
3.681413073036716 7.321001179356234 5.0848221146248305
3.681413073036716 7.2316025780990305 5.537535254796303
3.915288028693919 7.2316025780990305 4.598447004694832
3.681413073036716 7.569785813878102 4.701748490357385
3.681413073036716 7.782513960364998 6.208122096188907
3.681413073036716 7.782513960364998 4.6541883525914605
3.2329313169552596 7.855665975794439 4.7494094889065925
3.681413073036716 7.515905672729508 5.532340209842236
6.232879489722727 7.685136658272189 5.312580430121049
6.232879489722727 7.685136658272189 5.611375406763747
6.232879489722727 7.685136658272189 6.1919787536255475
6.232879489722727 6.9532053263232605 5.522260802944957
3.331577292547412 6.9532053263232605 3.3466262819914614
2.7737777341557934 6.665001682770878 4.827171762420976
5.827685205565221 7.776549604361282 3.7692142058635607
4.255728038229012 7.776549604361282 6.180827025507393
4.133538052724578 6.574867121363404 6.089280404111409
2.93391955599952 6.574867121363404 5.30145870391665
6.301974474727963 6.574867121363404 4.686390877354458
6.301974474727963 7.5080727918476295 5.7641705214589
6.167348289133091 6.8423092536793035 5.635919561598273
6.167348289133091 6.8423092536793035 4.923550866053348
3.3693559584307917 6.8423092536793035 5.270871049941727
6.001848448748177 6.5914351575263055 5.459983175893518
4.561955599175203 6.0497569006335254 4.344713237890378
3.61316592245019 6.0497569006335254 5.118363801039062
4.337551158688488 5.249697896669421 6.160394960940651
4.337551158688488 7.719527286717954 6.7600453516312315
2.7557577123937453 7.631736846490183 5.304658346318543
2.7557577123937453 7.680523610263188 6.01962800902652
2.7557577123937453 7.680523610263188 5.114183004781155
3.6822847198020097 6.7692014008825865 3.908073641129548
2.403373627375782 6.7692014008825865 4.073703916829512
6.184419415331828 6.7692014008825865 5.601980864109413
6.184419415331828 7.036194810553955 5.341538324412144
4.12197758431725 7.614058264982836 4.88819715991541
6.272662842763655 6.5707773330043295 5.219855560154412
4.569100112865872 6.491202587764121 5.827672899513741
6.222096947854709 5.626193612978259 5.9245674417285015
4.569100112865872 6.222096947854709 5.411171761090502
7.494674007538352 6.620798329272926 5.159647538526797
4.311182672451114 4.163431418698192 6.111957245703257
4.163431418698192 7.494674007538352 6.256198598067946
4.163431418698192 7.494674007538352 5.013250534064489
3.330110993819901 7.624839050966681 6.204503641537017
3.330110993819901 7.624839050966681 6.081819924308036
3.330110993819901 8.486932087372006 5.877098899109495
3.330110993819901 8.486932087372006 5.742382503238052
3.330110993819901 7.702853486105427 6.720320234754007
6.607363065201703 7.9316349662101615 4.543047741525729
3.330110993819901 7.28647344656364 4.439043448590868
3.330110993819901 7.437154017829467 6.298555491858407
5.542080629213515 7.031534218104461 4.590855274455051
4.171491888290706 7.031534218104461 5.203647502224725
3.1863347475433597 7.031534218104461 5.287068148785675
3.1863347475433597 5.751738727956685 4.981889240791548
3.1863347475433597 7.638789909283728 5.556674369672453
4.171491888290706 6.770438204744288 4.735776194258095
4.171491888290706 6.770438204744288 5.167776309564338
3.4068504458841606 6.770438204744288 4.597938922230102
6.441377770755441 6.770438204744288 5.108819271860257
4.390720908221937 6.6554620397691515 5.070593819418754
4.246723534999344 7.291318571376921 5.063441874165694
4.3392038452365895 7.291318571376921 4.623910440359414
4.246723534999344 7.291318571376921 5.2112081220392215
4.246723534999344 5.868066104920697 5.4892738892869515
3.68535253997683 6.118779559166192 5.318254910155234
3.867526901460075 6.375836252940044 4.821329526894852
3.867526901460075 7.723084024327354 4.931516260997961
3.867526901460075 7.723084024327354 5.585897142430016
3.867526901460075 7.580121086657739 5.731768172348336
3.68535253997683 7.750219987186249 5.194734868178479
3.68535253997683 7.632999516629251 5.217454607175665
7.131916118813814 7.632999516629251 4.684113204662924
3.867526901460075 7.084468631672703 5.9141796767096695
3.867526901460075 7.131916118813814 5.830191764430338
3.867526901460075 8.343651437176593 7.108370697088086
5.614549479660315 7.630214370071343 5.463740026504382
5.679801116737011 7.630214370071343 5.158746166138708
3.867526901460075 8.4217966914539 6.676193316854094
5.597746851776783 8.214198463350035 6.325309353979182
3.867526901460075 8.214198463350035 4.685279318612479
5.5703258320834905 6.810868117002126 5.049863403458402
5.5703258320834905 6.436900546445809 4.094909216237924
2.7176243238531517 7.65762313482818 4.970365829472015
