3.7832663570396616 7.728126074501567 5.271468652019292
3.7832663570396616 6.662455541188162 4.792605407456929
3.6934194405379874 7.745577302479248 6.128900976995828
3.6934194405379874 7.745577302479248 5.666332561713955
5.079759046365933 7.745577302479248 5.202338143637806
4.007453911046639 7.220093058794999 5.981143923635158
4.007453911046639 7.561855168304572 5.773623949771925
5.578221963779512 6.689589861589347 3.8100823395662915
3.907597567087422 7.613620184370141 7.0442095386497705
3.907597567087422 7.7434893539661935 6.1759732385162875
3.907597567087422 6.694226068120798 5.393844724218788
3.100945603426187 7.58471287257373 5.57057538962893
6.212246641639169 6.665199555940529 4.100618364477575
6.212246641639169 6.259784439769561 3.9117829921623684
4.3659977495384545 7.622489894878502 5.220834077757558
4.3659977495384545 6.533999430536934 5.343360555046793
2.843546553226894 6.533999430536934 4.468552653732417
5.712101097334777 6.533999430536934 4.6621940863334395
2.984374656096574 6.533999430536934 4.280651046514711
4.638703807017368 5.991285075125369 3.1959513822591203
5.956218231502135 7.776042301856151 4.923162055200874
2.386080750047285 7.776042301856151 4.27264627457761
5.026056966482827 7.776042301856151 5.892100693526244
6.127898078222689 8.05662520529496 5.985413469487571
2.5243405750179595 6.381960099455792 4.960115345870957
6.127898078222689 6.381960099455792 4.963586248303164
6.127898078222689 6.648183971199622 5.019524284141746
6.127898078222689 7.485758705047413 5.942759364634879
6.127898078222689 7.485758705047413 5.530779973865861
6.127898078222689 7.6990876687925045 5.850600511416389
6.127898078222689 6.636218386574232 5.24478934474431
6.127898078222689 6.636218386574232 5.012889522007297
2.099021128485916 7.148127987079212 4.582182999391224
2.099021128485916 7.27654231426593 5.064665180085035
5.399633337401731 6.194348745213507 4.189468796151623
6.393820023379892 6.6441592011843476 3.197278857350634
5.399633337401731 6.393820023379892 5.206552662284321
3.176702872945509 7.633494929658447 4.905502229316401
3.176702872945509 7.307408218635482 5.380153181819306
6.3007031131165725 7.307408218635482 3.4881147714513334
6.3007031131165725 6.605242965113288 4.755188430233895
6.3007031131165725 6.332853169712866 4.517567488686423
6.3007031131165725 6.3949748803492845 4.308002822823683
2.4217574926771985 6.437175148246684 4.646788689552787
2.4217574926771985 6.3007031131165725 4.748749593477821
2.4217574926771985 6.142883983459946 4.5339095397221065
5.917086153474369 9.215075807540213 5.304062904631202
3.356170396880082 9.083409482929653 5.036005793367245
6.57135463451516 9.083409482929653 5.48973130124281
3.2338527831425385 7.35997644782217 6.028066753823671
6.57135463451516 6.688537357370549 5.818239716740801
6.57135463451516 6.688537357370549 5.135654582141187
6.57135463451516 8.966391321429505 6.135335405587456
5.377419959633745 8.966391321429505 3.3282455305086187
6.101554055652237 5.377419959633745 4.00738773335213
3.194916211236141 6.101554055652237 5.117294244222635
3.194916211236141 6.205496387385473 5.307586364009365
3.194916211236141 7.007680655406807 6.2427140281620925
3.194916211236141 7.607532381070264 5.4789876992411655
5.227085815951824 7.615352282383601 5.314933942893806
5.953359625102085 7.615352282383601 3.0584283661844074
6.37595571672119 7.615352282383601 5.17177885525239
5.930406038819132 7.615352282383601 4.672137861927683
4.0069864846310885 6.561672281905853 6.189907012074374
4.0069864846310885 7.576587385165563 6.138079828099737
4.0069864846310885 7.576587385165563 5.272143526608049
5.87143143701385 7.576587385165563 4.62620846160979
5.87143143701385 5.817445169175166 5.099386771522201
5.87143143701385 6.5874638412422115 5.630717480153402
5.87143143701385 6.5874638412422115 5.187920837681053
6.168903049011419 7.7788196538930965 4.357884964403365
6.168903049011419 7.206864678230435 4.326248311646346
3.7368504628118733 7.718738445280318 5.912025830866205
3.7368504628118733 7.718738445280318 5.3766334470876895
6.667603173747125 6.384639848037576 4.72085322105367
3.7368504628118733 7.272490718111586 5.492820051585735
6.667603173747125 7.591687332619577 6.610388533729492
4.181263727355038 7.648036977403066 6.354545642535232
4.181263727355038 7.648036977403066 5.638942567336091
4.171288452255691 6.300127212698225 5.390554589453618
3.7168669603728053 6.331641774436825 5.5180169713848874
3.7168669603728053 8.539240467924099 6.241751255908797
3.7168669603728053 7.75093773921531 5.834626441590242
3.7168669603728053 7.75093773921531 4.913723962706672
3.7168669603728053 7.75093773921531 5.3261207984240135
6.542289511170662 6.6257192089175305 4.70820762974022
4.302979533024871 4.955171387373504 5.755461904694858
4.302979533024871 6.542289511170662 5.584217996283022
7.026696797202316 6.542289511170662 4.402738019860422
4.302979533024871 7.026696797202316 6.243670829911962
4.302979533024871 7.992036772278029 5.879570892599715
4.302979533024871 7.992036772278029 5.859272314025468
4.414918119051535 7.992036772278029 5.136951733528349
4.302979533024871 6.160161621741569 4.953736492891712
4.302979533024871 6.479030686283675 5.231913643258663
2.976507043022093 6.666346331363098 5.258657854896852
2.8345927286584502 6.597820943555078 4.944848249076899
4.158524321093918 7.441824151117412 5.125061822510729
4.158524321093918 6.693554726191113 4.768345029980746
3.197637102034783 6.693554726191113 4.65558497153238
