6.337839346308495 7.722133466400821 5.4159877918942785
6.337839346308495 7.683131378928165 4.745252928525064
6.337839346308495 9.125717221771747 6.005961103965192
4.616225197353199 8.597522153936843 5.297344762606291
4.616225197353199 6.867183475049687 5.096991892300719
4.616225197353199 6.867183475049687 5.56212806246173
3.7577793736777285 7.536947497799986 5.113705213160786
3.7577793736777285 7.536947497799986 5.369609114173065
4.537578664675436 7.324925151352048 5.620161382422608
4.537578664675436 6.330844006758827 4.8338250592168714
4.537578664675436 6.366391843574156 4.941456013312607
4.537578664675436 6.366391843574156 5.057581941683837
3.98811926964196 6.626662001802373 5.937181878806325
6.423905880868777 6.627699439553499 4.934268791895171
3.0669013301157517 6.627699439553499 5.789135539145992
3.0669013301157517 6.794089747275667 5.3591356150353695
6.6388736791757665 6.794089747275667 4.842291548064402
5.494609008872498 7.62984824809439 5.434081519468856
3.982229817721539 7.62984824809439 5.793309866998076
3.256871322293645 6.6388736791757665 5.29273793196143
2.6165700717713958 6.619123688086635 5.097714168816084
3.256871322293645 7.67426493406127 5.234633227249324
3.4181197682162083 7.677435524240561 5.215993178106867
3.4181197682162083 6.649075752552115 5.365280330258832
3.6490532598485186 7.655652629782638 5.617948894746147
3.4181197682162083 7.655652629782638 5.051799010875974
3.6490532598485186 7.655652629782638 5.11868350971141
3.6490532598485186 5.24941931879853 6.023354869410967
3.6490532598485186 11.361091884154806 8.300870168906021
7.741591874627334 7.772582681243149 5.948195256967381
7.741591874627334 7.25439717131488 4.386718437316861
4.118427754975556 7.741591874627334 5.566498399580712
4.682985448221039 7.741591874627334 5.3921865172134025
4.580265637819174 7.741591874627334 4.19980875302365
4.580265637819174 7.132567218677224 4.964187203306602
3.794190417597268 5.878967195919767 4.769713639565531
3.794190417597268 7.119838826034377 5.08063874971913
5.130743671613917 6.295144410550588 5.262596135524564
5.130743671613917 6.417092806016779 5.352301456169184
3.844294078455857 7.638414919401626 6.037600603817529
3.8088623662400036 7.73656330171282 6.114354673143303
3.8088623662400036 7.73656330171282 5.37140287089364
3.8088623662400036 6.098795407921344 5.498696657686069
3.8088623662400036 5.061237905642724 6.314364017052793
2.887590956613313 6.754972377379115 5.677766200807046
2.887590956613313 6.645647436110558 5.3381026710958395
2.887590956613313 6.665360388772527 5.8387653912643245
4.629673162494424 6.665360388772527 5.804799388250582
2.887590956613313 6.665360388772527 5.5919924649704775
4.629673162494424 7.679004847417739 5.430616135960715
4.629673162494424 6.043931111881147 5.573490261627739
4.629673162494424 7.679004847417739 4.92352060430398
4.629673162494424 6.325014298383493 6.031815628423758
4.629673162494424 4.518364771705688 5.53874592157955
4.629673162494424 6.325014298383493 4.43611810382006
4.629673162494424 6.315666899103 5.093225962294727
3.2333026410196877 7.7818695459125795 5.103760034576666
3.2333026410196877 7.728832172513826 6.332281426606801
3.187481263459898 7.728832172513826 6.339919775701228
4.086680658466239 7.7818695459125795 3.7603678850824185
4.086680658466239 7.616332041486107 4.924933505853004
6.66733927930494 7.616332041486107 4.874455621520101
6.66733927930494 7.387884128844419 5.816937468943654
6.66733927930494 7.387884128844419 4.557589953012038
3.429588985038617 6.230738710582624 6.079905534052927
5.382291305683712 7.755667690004088 6.390338149759999
7.0519395874360935 6.401038993349555 4.5037920708937325
4.489054871166502 7.0519395874360935 4.245168294909392
4.564802502640237 6.582810734110396 5.192263631348693
3.429588985038617 7.606913282510298 6.25781997503932
3.429588985038617 7.680562077919323 5.663445229064642
3.429588985038617 7.687981148584919 6.12140996213403
3.2532001110377355 7.70561447042857 5.864151287734402
3.2532001110377355 7.70561447042857 5.2575212599605745
6.117547466672505 7.70561447042857 6.118449052720628
6.117547466672505 7.082682551455116 5.881853547887021
6.117547466672505 8.885953951909764 6.425405167580801
4.5704125375095614 9.224248052318124 6.166927411718939
5.222190690823766 5.763584607780803 4.684414309282868
4.5704125375095614 7.497793384674566 6.249756224666883
6.376145585576449 7.603552158640296 5.598329940127964
4.5704125375095614 7.603552158640296 6.49946385212239
2.1821982103935906 7.684166626810953 5.024138841988399
5.603755268885177 7.684166626810953 5.480629712627156
5.603755268885177 7.76924638497122 6.1786592820571355
5.603755268885177 7.497793384674566 5.398998865807368
6.616626935723513 7.497793384674566 3.148989292875106
5.271473795031564 6.616626935723513 5.666281164419112
7.287460557910286 6.917476305898388 6.141209397911692
4.834585583638411 7.770174051987597 6.337106538024002
3.935029063548772 6.917476305898388 5.317099566476152
3.935029063548772 6.917476305898388 4.8482718640028
2.7379806778468248 7.758363704497185 5.36967306768005
2.7379806778468248 7.7327463358085105 5.2555396484656285
2.7379806778468248 7.7327463358085105 5.792960953787034
6.727492341900257 7.7327463358085105 4.150755303657035
2.7379806778468248 6.727492341900257 5.154290315869709
2.7379806778468248 6.727492341900257 4.068662528585255
2.7379806778468248 7.522659533317267 5.06666620781018
2.7379806778468248 7.522659533317267 3.8237204121666486
