5.8511450928055595 7.758601171950941 5.314907816267784
5.8511450928055595 7.517965093947103 4.636979433154833
5.8511450928055595 6.428029059700368 4.558914939520244
5.8511450928055595 6.542226821706905 5.128682533823355
5.8511450928055595 5.846032920526898 4.508602187360349
5.8511450928055595 6.398685396484453 4.425950412481723
5.8511450928055595 7.757798470060294 5.815131559470424
5.8511450928055595 7.757798470060294 4.561256545907284
7.024196554966791 7.757798470060294 5.367679378156248
7.024196554966791 7.757798470060294 5.254334810823343
3.8057923160916514 7.150958472454036 6.344913884312942
3.8057923160916514 7.150958472454036 5.201727903623662
2.6147504362935448 7.664594806309088 4.718928009530937
7.065692136412636 7.664594806309088 4.2790436350653405
4.589583475996161 7.065692136412636 6.3021361229488635
6.35058703834542 7.447807861158839 6.182717579338222
4.212908196299239 7.648256901573188 6.71719707447345
3.405185065777815 6.119697585822269 5.8675561606085775
3.405185065777815 8.584554413457 6.079034051574779
5.644141551223992 8.584554413457 5.425474751077063
3.405185065777815 8.584554413457 6.655799059025562
7.471420314926251 8.584554413457 6.081500228221087
6.430536117430595 8.584554413457 5.802170302612691
2.8940228023303587 8.584554413457 4.530969147535559
3.4584322646511194 7.471420314926251 5.14962810991835
4.052409684240175 6.430536117430595 4.839719122120819
6.56453803397164 7.505479856574961 3.9174603324880883
5.28944187633045 6.647283049843072 4.78135778891372
5.28944187633045 6.647283049843072 5.5670704338775545
4.307923060871985 6.647283049843072 5.818288713195322
4.307923060871985 6.56453803397164 5.580903734659033
3.1735534568164856 6.791905713828687 4.12525158897695
6.065449174312445 6.791905713828687 5.071045904409589
6.065449174312445 7.758905443254829 5.8012504202914155
6.065449174312445 7.758905443254829 5.952277215085347
3.6063820474568797 7.758905443254829 5.66967385615125
6.383193503409604 6.663280143671699 5.089750448872684
3.5700858865650607 4.583150783907765 5.861959335641656
3.5700858865650607 6.594351186737608 5.379826826982772
3.5700858865650607 7.685520447227404 5.826819586421545
6.533250039773616 6.984953498017788 4.69853388185221
6.5512984687747 6.984953498017788 4.568644327810189
3.3277403663356044 6.533250039773616 4.426854101692962
3.3277403663356044 5.964847625802708 4.793069715358033
3.3277403663356044 8.841749382700359 6.288595135612764
3.3277403663356044 8.841749382700359 5.462793319017244
3.3277403663356044 6.699176876092668 5.458087907491301
5.3021696230065665 4.549233902957191 5.858891717967388
3.3277403663356044 6.5941613512492445 6.091813791965701
4.276075395862701 7.635690543693277 4.662304931672301
6.025468213908475 6.5941613512492445 5.247505263647896
5.7459329759102395 3.9350087036918144 6.379939192740364
3.9350087036918144 6.540299005428071 5.236882114674043
3.9350087036918144 7.70586986148602 6.181703897888638
3.2684506416090753 7.70586986148602 5.451159148794598
3.2684506416090753 6.7286855693757435 5.9645249878733555
3.2684506416090753 7.006182550191658 5.922041326266047
2.4030756287936446 7.324659167044944 4.1984355645418105
3.095170835473301 7.324659167044944 2.412047907214976
3.095170835473301 6.869571141875776 5.276204593788879
4.507734817018445 5.873884419101934 5.346221919468851
6.378816625422434 5.873884419101934 3.5127216227628733
6.188299126277407 5.581329334207062 4.369506419587058
6.188299126277407 6.567562286086535 5.01137193815953
2.9223587252342473 6.567562286086535 5.439605363653377
2.9223587252342473 7.59587453601457 5.9199800353410295
2.9223587252342473 7.59587453601457 5.893429053484051
2.9223587252342473 7.500780880721315 5.533508766286381
2.9223587252342473 7.500780880721315 5.019611988618941
2.9223587252342473 6.482616576716744 5.185501173823974
2.9223587252342473 7.380123390079419 5.7390946017844975
2.9223587252342473 7.649345373931919 5.714406935254206
2.9223587252342473 7.747850053677899 6.944052991804432
2.9223587252342473 7.747850053677899 5.046915070971976
4.242535962630157 7.747850053677899 4.604905524617906
5.947411771079523 6.748659886948477 4.927702364909391
4.128975064281882 6.748659886948477 5.675858685390748
3.4579431442136195 7.364779115175143 5.785812847682315
7.52661991616335 5.17726344568343 4.623802993894997
5.674080170891589 7.52661991616335 4.393790075820971
5.663318533901208 7.52661991616335 3.679399397329697
4.543070560109317 7.52661991616335 5.2445394682569075
5.187307229967811 7.52661991616335 5.9339790142424285
6.618509769211755 6.756575025467118 5.596147877101645
5.187307229967811 6.756575025467118 5.209939406380908
2.972357814178505 6.618509769211755 4.356385283922061
3.22909841963568 6.441994422726637 4.365072042728711
4.140226767541922 6.441994422726637 4.403907654264323
4.398672579361303 6.933995516355035 5.369721559623289
5.89750167958573 6.6679283091808905 5.411008761706494
4.6061841500081115 8.535154138847984 6.622280535743941
1.3086804567732924 8.535154138847984 5.666213694354776
1.3086804567732924 8.12280408674842 5.6322436422176585
1.3086804567732924 7.409648398772708 4.830449639961059
1.3086804567732924 6.433449220095898 5.5730305233641255
1.3086804567732924 6.9860962230719945 5.991548182891688
1.3086804567732924 6.496095040041393 4.874962529290998
1.3086804567732924 4.410419208472863 5.163910001103674
1.3086804567732924 8.756309442127796 6.3536809959074745
1.3086804567732924 7.684640245148559 5.474851147290911
