5.756353422266422 7.754182913204774 5.457916228804683
5.756353422266422 7.754182913204774 6.04351978190389
5.756353422266422 6.660839358773515 3.9248188798134596
5.756353422266422 5.629314977089148 3.295521222292682
3.380868113375915 6.030336665744734 5.402725530532333
3.380868113375915 6.259351033511326 5.126816047543361
3.380868113375915 7.399145312627727 6.21566459834481
3.380868113375915 7.35070916626 6.127104972081152
6.132286133494258 7.35070916626 6.071578872361252
3.77008848380892 7.604207618268418 6.927391230869585
3.892480925113969 7.137091200313353 4.867723212456081
4.416896579038113 7.137091200313353 4.0098889935788105
5.623297585863838 6.491710339582781 5.327740625178093
6.565280962226698 6.491710339582781 4.882712393418896
5.764515336814945 6.491710339582781 4.030605370743832
2.3854370032445513 7.680234238848907 4.996657879937178
2.3854370032445513 6.565280962226698 4.782374311479343
4.689739106193155 5.805974628979335 5.660167214483117
4.689739106193155 6.4743655247310805 4.910670622849333
4.689739106193155 7.504596098007349 5.925955739838584
4.689739106193155 7.504596098007349 5.550129289161976
4.689739106193155 7.76839228341453 5.7864270740040284
4.689739106193155 7.76839228341453 4.655903021007904
4.689739106193155 7.76839228341453 5.05223672774256
4.222797628478059 7.76839228341453 5.049827317763316
1.8394235825285574 7.751797341296626 5.266454626641217
4.222797628478059 7.353238825851898 5.640441643384171
7.5569257259649945 7.353238825851898 3.6591512571399165
4.222797628478059 7.5569257259649945 6.043131211739819
4.222797628478059 7.353238825851898 6.0781605435141755
4.222797628478059 7.23950299885519 4.580903140375416
4.222797628478059 6.592193069366193 5.052025957244851
4.222797628478059 6.6387793486176605 4.832604273916497
4.222797628478059 6.602940610782721 5.721284080649323
4.222797628478059 6.887840655993866 5.237660811281334
3.713564252173566 7.1737476862794445 6.027563027135534
3.713564252173566 7.3529628554505315 6.10984728359592
3.713564252173566 7.3529628554505315 5.272091326117943
5.379095120568749 7.449471195252682 4.674597251387874
5.657620618162355 6.517489184185443 5.201605070253737
6.148508186586895 6.567256647797134 5.42010205090495
4.911365333342623 6.632215666288872 6.082157404229161
6.212790064100805 6.306847115233573 4.794494735400353
5.392976365248948 7.407600172419654 4.820111711482795
4.5991586102446185 7.407600172419654 5.109590680288217
3.8071608340269205 7.407600172419654 4.7589044544760295
4.304204084621219 7.473561971201562 5.02064161898139
6.475331551669008 4.304204084621219 6.008291238165097
7.13636748107688 6.475331551669008 5.072965984886831
4.304204084621219 7.882182762474455 6.773621307451069
4.557584438218008 7.290645126017157 5.997925923297715
4.557584438218008 7.500332346036675 6.386376897575678
4.557584438218008 6.439495332765663 6.546608389027061
4.557584438218008 7.693565818499875 6.987487101964169
3.9002179529190504 6.755634447708193 5.232231530385145
3.9002179529190504 6.755634447708193 5.243574261076666
6.078468541534264 6.755634447708193 5.583261361339733
3.9002179529190504 7.348513113498502 5.815923599003862
7.649245530311692 7.348513113498502 4.52806137112123
7.649245530311692 6.281072723094777 5.787560556767116
3.82052794361103 7.709465852384879 6.539118944589121
6.473916217648032 7.709465852384879 6.333066169054901
6.473916217648032 7.709465852384879 6.040850345591743
6.473916217648032 6.651374646376599 5.483370728052325
6.473916217648032 6.254859261014882 5.439492644708284
6.473916217648032 7.3875289096286885 6.1333012846119175
6.473916217648032 7.9562355728734975 5.376331824497307
4.512300471091695 7.723593653261435 6.020781423138084
6.632395416035763 7.723593653261435 4.613186915694488
6.805735248013303 4.563128144081027 5.3546979575025055
3.780957410571322 6.805735248013303 5.32565077898711
6.109133034570544 7.774190687941214 5.558176998002994
6.109133034570544 7.688816488846763 5.0949114822085315
4.420157661061147 7.683814203297553 6.415428004899585
4.0748403847231955 9.421547936889867 6.414829651114263
2.107012473128212 7.683814203297553 3.9150647242618373
6.201588676515211 6.3180243840636265 4.765210067055881
6.201588676515211 6.667143547427411 5.3011271558421456
6.201588676515211 6.416950046524192 4.576977236956062
3.2037713950756523 7.683786461605724 6.114616583053529
3.2037713950756523 7.683786461605724 4.844675689445268
1.80079356558111 6.49211507272771 4.874852103446931
5.082843704172092 6.40779505570001 4.044984181825942
5.082843704172092 6.4961144269352324 4.419478751941329
5.9983001166951375 6.4961144269352324 4.391877232520529
3.459835887927025 6.896637213077447 5.024262159475737
5.679302753447502 6.896637213077447 5.570747670559318
5.9887481529246 6.896637213077447 5.864178756710624
7.272962835488771 6.896637213077447 5.603370733710567
4.934316265120422 6.364112630302316 7.280566735838189
4.934316265120422 10.422211398493406 7.7652506470295695
3.459835887927025 10.446852890295286 6.438214642534548
3.4347424250626237 7.675903684133795 5.756765385563529
5.5816065424637955 7.585925556583788 5.354926995762657
3.8978256695615205 7.585925556583788 4.173906516036997
5.5816065424637955 7.256601246954041 5.586386430745385
5.5816065424637955 7.256601246954041 4.33724612295554
5.5816065424637955 7.561907152381195 5.1755986993192025
5.5816065424637955 6.653046736339519 4.7525489179767275
2.0160108761959212 6.653046736339519 4.63053441194394
