6.6292166136300175 7.780726074520798 5.748872237341029
7.680229110200958 7.780726074520798 5.350235698066832
7.680229110200958 7.780726074520798 5.0224811310627535
7.680229110200958 7.780726074520798 5.224540923280989
7.680229110200958 7.046602869791563 4.779914604421021
7.680229110200958 7.046602869791563 4.605844526670271
3.3059260459347155 7.046602869791563 5.008496211236772
3.972393530062018 7.680229110200958 5.31340531870924
3.0656779655670943 7.680229110200958 5.253681517415098
5.1396258946228315 7.44684017358397 4.753745066643407
6.455541491713564 7.44684017358397 5.451750129165692
3.736767699801572 7.44684017358397 5.0743101429432595
6.002570290615456 5.182637256258527 5.576202238878774
6.1083552535632855 5.182637256258527 4.379087592570115
2.9766511628527046 7.392623297095062 6.463165699376276
2.9766511628527046 7.068015951150192 5.504366283156223
2.9766511628527046 6.3982329461406735 5.424329419449148
5.816665072249009 6.3982329461406735 3.9603141671636934
5.816665072249009 7.139620118167052 5.250593451489496
5.471175771611499 7.268062125598462 5.761382339627881
4.064376540108871 7.649506613658433 5.946926859440987
4.064376540108871 7.283958422953377 5.9664004812605045
5.82631458716012 7.268062125598462 5.0250433648368595
6.327010374743239 7.570125876089685 4.716195153903562
3.5409218111263354 7.570125876089685 5.264186572613402
4.2770306680381545 7.570125876089685 4.844115230791427
3.5409218111263354 7.570125876089685 4.763170906529366
3.5409218111263354 7.060917302654607 4.530088982804652
6.581509307187446 7.060917302654607 3.797563026893187
6.126939679031494 6.581509307187446 5.780788335006644
5.767884741617014 6.165221543714779 6.269519729614424
3.406624918691531 6.581509307187446 5.1186168137524115
6.818179450700329 6.581509307187446 4.44901355648907
6.596578067448853 7.497973697220637 6.090207046693575
6.509401074674667 7.497973697220637 5.201103501916698
3.8161369236065004 7.497973697220637 6.0539459958961395
3.8161369236065004 7.249587316423392 4.0721621174835265
3.8161369236065004 7.249587316423392 5.528712148164909
3.8161369236065004 4.881713019231363 4.1793928455381275
3.8161369236065004 5.766919155524008 4.056480478314919
3.8161369236065004 6.644897928039015 4.296651710327556
3.8161369236065004 7.649860666452115 4.825887463520542
3.8161369236065004 6.377098204774157 4.8301765851769485
4.1599161768643675 6.377098204774157 3.56844580057046
3.8161369236065004 6.653978439857838 4.450618772891209
3.8161369236065004 6.077982462081604 4.128913179636453
3.8161369236065004 5.361865650871135 4.5991100580391375
1.9438927636344627 7.714815971770227 5.9466528197248225
3.150130276090224 7.691202900458649 5.847917986581421
3.150130276090224 7.691202900458649 5.114410611827049
3.150130276090224 7.691202900458649 5.727746285257844
3.150130276090224 7.639469094454393 4.9606573041210735
5.639486167204037 7.639469094454393 4.436486067290355
5.639486167204037 7.782991690697202 3.390748274670792
5.619676373908742 7.782991690697202 3.441942894947486
5.382248916341158 5.639486167204037 3.937767979633005
5.382248916341158 6.424542179701067 4.883533605809536
5.0897183854945425 6.424542179701067 3.803762182584252
2.277199484154455 6.424542179701067 4.329358174795381
4.925753350790945 7.642361780068979 5.409304998060801
1.8309722235482444 7.781372869038254 3.088563607613432
3.7886701463157384 6.68501640032467 4.032745936449854
3.284489886125048 7.656284668957351 6.249610366274777
3.284489886125048 7.3718944295420865 4.511045520406883
3.284489886125048 7.59269588863042 5.978905955810789
3.4909388314648138 7.3718944295420865 3.7048387258846174
3.284489886125048 6.554262523656465 4.612972405191833
3.284489886125048 7.665450128949262 5.431760265639461
3.284489886125048 7.665450128949262 5.184624675834524
5.689817400291904 7.665450128949262 5.223662989414191
3.2107121355562858 6.64128326691473 3.7203958502124372
5.782749332837415 6.64128326691473 4.433400582144505
5.689817400291904 6.212922811260999 5.35669552412822
5.689817400291904 6.098968539421989 4.578986565758353
5.689817400291904 6.098968539421989 4.66380339440981
5.689817400291904 7.010023472892287 5.946256795587699
5.925319346683658 7.714175324822126 6.7004302887004545
4.4589267120309835 7.734952619219083 6.285563543579851
4.273084682747225 7.734952619219083 4.31061535578893
4.174676569865927 7.734952619219083 4.986862529655631
3.6336320740201384 7.002961329096056 5.041901768052531
3.8541070290439703 7.002961329096056 5.7120917333101495
3.8541070290439703 7.002961329096056 4.540812572314554
4.30759532608857 6.593802345128683 4.8336144390779525
3.2238053065918 5.902381977659616 3.929614726623778
3.8001780921117825 5.997924519242272 5.120698268087729
3.124462168617218 5.997924519242272 4.60195069718287
3.124462168617218 7.683106268363749 6.481754632105625
3.124462168617218 6.62182925140133 5.748943914348809
3.124462168617218 7.638507337327651 3.617940513843648
2.6415311839118734 6.586791743404966 4.184166905636078
6.622998577534553 6.265624212217595 5.179509761499296
2.6415311839118734 6.599832926736113 5.352824486237339
5.3147037409394855 6.973294574877382 4.73847622666859
3.124462168617218 6.602138001049735 5.55077525531182
3.124462168617218 7.636820976108572 6.368540809663081
3.124462168617218 6.384473338403474 5.986032461685535
7.355810106763872 7.121437791201155 4.764974537088624
3.215057267906215 7.442320732788607 5.590553019164151
3.215057267906215 7.442320732788607 5.349844528835965
