2.2580822047364326 7.617324825747724 5.3867571680791855
2.2580822047364326 6.662979453768969 6.302973772348343
2.2580822047364326 7.549033601664187 5.300642065240165
2.2580822047364326 6.194820649398448 5.220921729739957
2.2580822047364326 4.426963998050638 4.336993404066051
2.2580822047364326 5.514624146407886 5.292234156439769
2.2580822047364326 5.458322647911249 4.7774613850961964
2.2580822047364326 3.9353347023792407 3.586281104324964
2.1782430522900964 6.87048866641716 4.52743659598618
2.1782430522900964 3.647705307107913 3.4939461901259388
2.1782430522900964 5.745195991435573 4.453915368832572
2.1782430522900964 6.60862481903359 5.801914183187154
2.1782430522900964 6.477733064492131 4.978017368157671
2.1782430522900964 6.839689080669341 6.269892782839365
2.1782430522900964 10.597148140713909 7.975369812115717
2.1782430522900964 5.618203852786479 5.189718859499596
2.1782430522900964 5.38456985552504 5.05720621645277
2.1782430522900964 5.3661593867392625 4.779268578687552
2.1782430522900964 4.483987374633777 4.001015388050786
2.1782430522900964 3.695408349340387 3.637055837915376
2.1782430522900964 5.512147535430309 5.233954696945162
2.1782430522900964 6.545163215380395 5.7504625369202085
2.1782430522900964 6.619343749799022 5.996714505132738
2.1782430522900964 8.837868895019408 7.5116889422506326
2.1782430522900964 6.652093793982875 6.254810471892403
