3.3755702340096474 7.74119775183167 5.659137131810948
3.3755702340096474 8.192793226916088 6.099613249298077
3.3755702340096474 6.371281562321723 5.7101783697075295
3.3755702340096474 9.21197906749327 8.72497488319953
3.3755702340096474 9.130919904967364 7.343148276792714
3.3755702340096474 6.078359122232484 5.9342740693766185
3.3755702340096474 5.466769310699476 4.349695774091231
3.3232446670470215 6.742189854680486 5.034729782670009
3.3232446670470215 8.486473806722211 7.331363007497686
3.3232446670470215 8.588100754340255 7.915233989115905
3.3232446670470215 9.269866187124142 8.681663901409426
3.3232446670470215 8.550894040316036 8.349830602882609
3.3232446670470215 8.550894040316036 6.336870675949471
3.3232446670470215 7.8227201588841915 5.401162800744762
3.3232446670470215 10.265799293859445 8.190917630179666
3.3232446670470215 13.289826136480459 11.901952384975031
3.3232446670470215 11.689481224286775 8.413305309635744
3.3232446670470215 12.78292985456834 12.112735032151884
3.3232446670470215 12.78292985456834 7.969619674040296
3.3232446670470215 5.836306959927569 5.0663855668567646
3.3232446670470215 4.571737137942268 4.386299197831409
3.3232446670470215 5.998319391795132 5.182140775455311
3.3232446670470215 6.613180069680229 6.139056108719704
3.3232446670470215 6.9074012535115035 5.163777563337725
3.3232446670470215 8.377714854457645 7.734068905680767
