2.982165358198 7.48309968979663 5.597460231505133
2.5401882350895097 2.982165358198 2.650455020640621
2.5401882350895097 6.0877765606038885 4.3139823978467
2.5401882350895097 6.418578757386165 6.116731954167552
2.5401882350895097 6.635809003817158 6.306652684988563
2.5401882350895097 6.2639387104158395 6.120717538287904
2.5401882350895097 6.542228106225139 6.310662267210265
2.5401882350895097 6.542228106225139 6.252238382506241
2.5401882350895097 4.570362398044399 4.295694547489627
2.5401882350895097 4.080053831983282 3.968258933904667
2.5401882350895097 6.564604113123277 5.022031703323906
2.5401882350895097 4.032036519774927 3.853154352547743
2.5401882350895097 4.72438985668035 3.882358587188366
2.5401882350895097 4.888350335924649 4.501537687668272
2.5401882350895097 5.094742204081644 4.2127680916685115
2.5401882350895097 5.6081811679189535 5.299234314494175
2.5401882350895097 3.95224648301959 3.388188998105437
2.5401882350895097 5.680807118350341 5.385977308059515
2.5401882350895097 4.188876456729602 3.301121260461861
2.1264470322782505 4.960744000489999 3.559508639569172
2.1264470322782505 6.700039038559392 5.839634416664662
2.1264470322782505 7.474838516928733 6.995387697046307
2.1264470322782505 7.668106266414005 6.735485274590186
2.1264470322782505 6.310879291223237 5.9922569668100145
2.1264470322782505 9.099030818409625 8.144601045359078
