3.371818799089866 7.779494100693595 5.401293080136561
3.371818799089866 6.397519478522554 5.12537096071881
3.371818799089866 6.397519478522554 6.2811463754674515
3.371818799089866 6.49967048289378 6.032004005511727
3.371818799089866 6.350613855045005 6.029953181802542
3.371818799089866 7.612063019606175 6.142835968246984
3.371818799089866 7.612063019606175 7.448976703432477
3.371818799089866 7.612063019606175 7.2299996647247236
3.371818799089866 7.13761276907271 6.1727093055953715
3.371818799089866 7.13761276907271 6.992774539457991
3.371818799089866 7.544868142192781 7.196402226018019
3.371818799089866 6.518766687725854 6.00354223081943
3.371818799089866 6.154705769225366 5.199083206406481
3.371818799089866 10.027741613681732 7.244692665364621
3.371818799089866 4.973637779708426 4.912029357376943
3.348871673510946 4.973637779708426 4.1621373083627216
3.2500534479613425 4.893840306210858 4.075747578068779
3.2500534479613425 6.608019787426969 6.251245948227942
3.2500534479613425 6.643619570588154 6.216254438291836
3.2500534479613425 6.524007631426951 6.378261520206889
3.2500534479613425 6.482073300964654 5.412783578885493
3.2500534479613425 6.404808684972444 5.931188094334145
0.6553354307582038 5.879050041013709 3.1660774823070197
0.6553354307582038 4.045132714333917 3.0021681780732328
0.6553354307582038 6.035523410784716 3.4358023006519818
