3.512124053173047 7.597808826701796 5.554256330416533
3.512124053173047 4.114348506655549 3.9745920019323555
3.1478876626557093 4.114348506655549 3.6451271765986037
3.1478876626557093 5.03747611459865 4.704840196112327
3.1478876626557093 6.210990612754301 5.758163535865451
3.1478876626557093 8.09586813388059 6.52952698678241
3.1478876626557093 5.84601777610348 5.394601175154376
3.1478876626557093 6.721507559545575 5.8509654500060755
3.1478876626557093 6.90092744484671 5.4931321596414575
3.1478876626557093 6.027393947645699 4.70733862333849
2.9439237632670765 3.231323814009802 3.084414705894052
2.9439237632670765 5.6739700899733485 4.508464086253595
2.9439237632670765 5.6739700899733485 5.568968308176955
2.9439237632670765 5.6739700899733485 5.391107916363721
2.9439237632670765 5.159974811476236 4.06598767860824
2.9439237632670765 5.10355963994947 4.1765896450871
2.9439237632670765 6.601928470684069 6.3538720025814355
2.9439237632670765 10.053912002471145 6.607534677837886
2.9439237632670765 4.585329002136792 3.929906202494071
2.8227522705144783 3.3020300394833737 3.048617836682915
0.5413735828702326 3.093147796585822 1.9050060238681914
0.5413735828702326 5.347955728421738 2.9446646556459863
0.5413735828702326 4.300748188346926 2.2764695546287075
0.5413735828702326 5.43407099265524 2.987722287762736
0.5413735828702326 1.0957371946734615 0.8185553887718467
