1.3450442645481577 7.700474140570343 5.461726592342767
1.3450442645481577 6.2868672997200115 5.293929610684433
1.3450442645481577 7.509295723061282 6.775136619100477
1.3450442645481577 7.294041243291225 5.2683776194232665
1.3450442645481577 7.27926838250319 5.643674050421142
1.3450442645481577 4.229999339488337 3.973985798285275
1.3450442645481577 4.201112913824602 4.0814454499161155
1.3450442645481577 7.167471186531799 6.4022731593988444
1.3450442645481577 6.303572464536202 5.563281557680265
1.3450442645481577 6.530766491415076 6.20339869054113
1.3450442645481577 7.412113258817044 6.738091067644181
1.3450442645481577 7.482917562878987 6.791075416244491
1.3450442645481577 6.471387356391361 6.003032144546625
1.3450442645481577 5.929011016689824 5.752704603145916
1.3450442645481577 6.0150136425346865 5.795705916068345
1.3450442645481577 5.929011016689824 5.0998449008723705
1.3450442645481577 4.623291612142733 4.497205175696791
1.3450442645481577 4.623291612142733 4.497205175696791
1.3450442645481577 4.896010741115855 4.633564740183352
1.3450442645481577 4.813213756839367 4.626057471047385
1.3450442645481577 4.696722595314338 4.257657912248597
1.3450442645481577 4.533808240391483 4.259952775935613
1.3450442645481577 4.533808240391483 4.4111634720898145
1.3450442645481577 4.533808240391483 4.4111634720898145
1.3450442645481577 6.3393352998613 6.062517024583853
