0.701085226143356 7.681611750755341 5.291985467015346
0.701085226143356 7.09970572070446 6.4788348466004875
0.701085226143356 7.4956567897824495 6.444821165992498
0.701085226143356 5.260046216063497 4.722871928420225
0.701085226143356 5.3391519458917145 3.020118586017536
0.701085226143356 0.701085226143356 0.7010852261433557
0.701085226143356 0.701085226143356 0.7010852261433557
0.701085226143356 0.701085226143356 0.7010852261433557
0.701085226143356 0.701085226143356 0.7010852261433557
0.701085226143356 5.668873576740456 4.1860131717078275
0.701085226143356 3.2695808932455255 3.079825106761344
0.701085226143356 3.072484661454976 2.981276990866069
0.701085226143356 4.696470444586701 3.793269882431932
0.701085226143356 4.63879711426539 4.418468039220979
0.701085226143356 4.871586969610018 4.657504113924011
0.701085226143356 6.839627282480883 6.05278329198414
0.701085226143356 6.56001922115048 4.994635111345641
0.701085226143356 5.744936448644005 4.6184430624965
0.701085226143356 6.317484226839234 4.976447652237116
0.701085226143356 7.356079867294998 5.997871819789027
0.701085226143356 6.175705193197356 4.494684125083324
0.701085226143356 3.7571301213902015 3.3044522393210625
0.701085226143356 6.173659773034828 4.539577378334887
0.701085226143356 8.516566384769945 7.620283494840108
0.701085226143356 8.495727874764473 7.1446222301830336
