2.6185612979628705 7.538361362152445 5.506113251280337
2.6185612979628705 6.156003899104611 5.084390159039328
2.6185612979628705 6.429953650947585 5.221365034960815
2.6185612979628705 8.283676229964552 6.4046363114418
2.6185612979628705 6.76553677558635 5.946953624952719
2.6185612979628705 6.759968301354526 5.563330263641662
2.6185612979628705 4.51236980325929 4.439531014594043
2.6185612979628705 6.648366990217237 5.425375870113097
2.6185612979628705 6.648366990217237 6.49337446359207
2.6185612979628705 6.6546165311229615 6.496258867087017
2.6185612979628705 6.5000660740222145 6.151636930264437
2.6185612979628705 6.33407460333741 5.728199391279206
2.6185612979628705 7.842525920066231 7.497532597139
2.6185612979628705 9.696725551271305 7.711584773678262
2.6185612979628705 11.754946516798642 8.573824034525963
2.6185612979628705 6.095500415240654 5.258427469112833
2.6185612979628705 6.655557251071304 5.713423226121957
2.6185612979628705 6.921430013171275 5.7705616525540755
2.6185612979628705 6.921430013171275 5.6092930455356855
1.5558366763639886 5.981277183983593 3.6392217037883796
1.5558366763639886 3.189666110216326 2.4707807126197987
1.5353827683392862 3.080242887707279 2.249181819894695
1.5353827683392862 5.591979482903845 3.793647784646275
1.5353827683392862 8.307380611425558 5.290764475784846
1.5353827683392862 6.356085994775771 4.504765603614243
