3.209606857378763 7.711171678466185 5.470753830368826
3.209606857378763 6.3199677683991276 5.932168125466824
3.209606857378763 6.630274201342793 4.919940529360776
3.209606857378763 3.907595482094117 3.8351976463940542
3.209606857378763 3.8088992234702563 3.785849517082124
3.209606857378763 3.975571439481343 3.8691856250876664
2.808457166181029 3.7304480870612626 3.2494202716333573
2.808457166181029 3.2146423351852325 3.13499475404966
0.761210487307086 3.274479126936257 1.9999208855541633
0.761210487307086 3.141089843833019 1.9511501655700534
0.761210487307086 6.967079013876248 4.815397177832741
0.761210487307086 6.21713538628509 5.753506237022289
0.761210487307086 6.136440356253598 5.142545306338118
0.761210487307086 5.660313979183918 5.43745410358992
0.761210487307086 6.052029195440575 4.700835952234378
0.761210487307086 5.762776946565751 4.556209827796964
0.761210487307086 3.565345394171605 3.4574940515998924
0.761210487307086 4.790360460323015 4.48835609068071
0.761210487307086 4.608146115713666 4.457697850910386
0.761210487307086 4.708276699312421 4.54735375666722
0.761210487307086 7.670669680173962 5.5959259656392115
0.761210487307086 7.55707033873918 5.138644746023166
0.761210487307086 3.2429776034173092 2.9171962043445467
0.761210487307086 5.862039739015742 4.201858025143429
0.761210487307086 7.363290882257749 5.910279650895914
