1.5115464836967587 7.2642818412345616 5.379901960503144
1.5115464836967587 6.092779558756028 4.565581986795669
1.5115464836967587 6.092779558756028 5.916578286638368
1.5115464836967587 5.968901309362597 4.779484995822117
1.5115464836967587 7.554479457869775 6.2496988592201985
1.5115464836967587 5.878274533251936 4.13542515063982
1.5115464836967587 6.312316437326633 5.2507659714749115
1.5115464836967587 7.674330502833925 6.856891722585275
1.5115464836967587 9.309226143667523 7.170473427163206
1.5115464836967587 6.147426016678629 4.944826746441768
1.5115464836967587 6.27870729400486 4.217675431416648
1.5115464836967587 5.049663539272032 3.7475904404910194
1.5115464836967587 8.905156040236687 5.2016442212774745
1.5115464836967587 6.108974539101478 4.044690721596434
1.5115464836967587 6.168801932245032 4.354377601079601
1.5115464836967587 3.832476091233254 3.139798439965983
1.5115464836967587 6.034862828278989 4.4012610783939525
1.5115464836967587 5.389985080525086 5.022142376469478
1.5115464836967587 6.65555831764642 4.900420421005129
1.5115464836967587 6.247674362169583 4.913923107015224
1.5115464836967587 4.755394233053124 4.24252560237333
1.5115464836967587 5.5401811496707865 4.298927465581676
1.5115464836967587 6.353002997576301 6.020599791047885
1.5115464836967587 6.044275844218326 5.562703210482474
1.5115464836967587 6.856875115343264 5.644040168720471
1.5115464836967587 7.33144301438144 5.779134391415829
1.5115464836967587 8.84805483630689 6.397653725314166
1.5115464836967587 6.219987206194016 5.250406657397378
1.5115464836967587 4.602948732519533 4.329983879606323
1.5115464836967587 2.7998677754468386 2.460450063690473
1.5115464836967587 5.127284373836375 4.343590433106224
1.5115464836967587 5.127284373836375 3.91840722848922
1.5115464836967587 6.334011699975132 4.604063991821578
1.5115464836967587 5.504601517633752 3.85871415005868
1.5115464836967587 6.648177305238708 4.022959666956197
1.5115464836967587 1.7928674764846062 1.7820474383004592
1.5115464836967587 2.9843782674559916 2.4369627670203857
1.5115464836967587 3.6282854954590467 2.734150718406411
1.5115464836967587 6.896427397098682 5.078530417496873
1.5115464836967587 3.4063906840782576 3.3335120609866635
1.5115464836967587 5.347992649273436 4.37191190055811
1.5115464836967587 4.063707408599971 3.5431599071425115
1.5115464836967587 4.468573372559419 4.195402916245377
1.5115464836967587 4.912488286771229 4.1024717382276705
1.5115464836967587 4.479820741351901 3.634862905018434
1.5115464836967587 3.018233857735361 2.960284343349262
1.5115464836967587 7.49924036838209 5.086013488448637
1.5115464836967587 5.992143197392949 5.7734589648410255
1.5115464836967587 4.389781485188774 3.3748587270951
1.5115464836967587 4.455304425244467 3.7351551871099318
1.5115464836967587 5.959457226262192 5.554716310539664
1.5115464836967587 8.122817003906572 6.691916457356617
1.5115464836967587 5.573471696399153 5.417243803602907
1.5115464836967587 5.35218218103628 4.643617571798257
1.5115464836967587 5.6493906075637845 5.153851860069329
1.5115464836967587 6.426471944898555 5.325793512223541
1.5115464836967587 4.86052232892202 3.858436766862025
1.5115464836967587 5.612551764272784 4.0944248000415735
1.5115464836967587 2.665027115153166 2.3644144656331467
1.5115464836967587 2.152531095455928 2.127877841157498
1.5115464836967587 2.9621204882804304 2.5015344839995772
1.5115464836967587 3.219064439522907 2.76601425903041
0.49229887470980005 2.2145916906973935 1.3264050824343414
0.49229887470980005 3.0565982296038468 1.6758216538916684
0.49229887470980005 3.407274412910216 1.9497866438100089
0.49229887470980005 5.497998991371482 3.9078447492081283
0.49229887470980005 4.286389346392227 3.369216388694965
0.49229887470980005 5.72981980360073 5.131490455038041
0.49229887470980005 6.450212573559757 4.170439122866622
0.49229887470980005 5.4711771630547155 3.4353677492602577
0.49229887470980005 1.485180456725225 1.3753141213426388
0.49229887470980005 6.398049486547489 4.414085833620887
0.49229887470980005 8.025836612034855 7.635862271887798
0.49229887470980005 8.025836612034855 7.7360851605992735
0.49229887470980005 10.741299119251728 5.298210162675073
0.49229887470980005 2.55612399190396 1.5939992635764886
0.49229887470980005 6.61556147648993 5.905713977231345
0.49229887470980005 6.592416315894422 5.894141396933593
0.49229887470980005 3.734109574452646 3.2132599182423345
0.49229887470980005 6.68105495297808 4.25012812274332
0.49229887470980005 6.324997982840394 4.240784080005349
0.49229887470980005 4.759287447704615 3.901722343697954
0.49229887470980005 6.486483708128638 6.189310821265039
0.49229887470980005 6.040220567338796 4.304212134425838
0.49229887470980005 6.14009007534883 5.066786463461342
0.49229887470980005 7.790666033471716 6.631855375021464
0.49229887470980005 6.299150667193384 5.330636316431521
0.49229887470980005 4.73321209025854 4.339539727443114
0.49229887470980005 4.73321209025854 4.5701000435066685
0.49229887470980005 2.990310371745228 1.7413046232275147
0.49229887470980005 5.654911050548304 4.012429708680465
0.49229887470980005 7.351140143999139 6.74556831726107
0.49229887470980005 8.95091989835152 4.682296342480987
0.49229887470980005 4.374715047510051 2.697524069217034
0.49229887470980005 5.85140989370386 5.378779678797352
0.49229887470980005 5.318388773044237 4.774259678386105
0.49229887470980005 5.887099207805601 3.9847556611771875
0.49229887470980005 2.924452199429567 2.5034321569891693
0.49229887470980005 2.924452199429567 2.8309078407864994
0.49229887470980005 6.014811262230939 4.1289114929049555
