0.7307367466817003 7.61512085063103 4.846499497433416
0.7307367466817003 1.4180918146792654 1.2787500779581928
0.7307367466817003 4.766141305854756 2.703397274688403
0.3773208959011787 5.792921911518995 3.0987143210478
0.3773208959011787 0.3773208959011787 0.37732089590117845
0.3773208959011787 5.335688544572779 4.4969487355820785
0.3773208959011787 4.696965816467237 3.544182267956624
0.3773208959011787 4.730921472636783 3.962573025853939
0.3773208959011787 7.113390163216277 5.641680026014314
0.3773208959011787 4.47973225058097 3.8690753577846055
0.3773208959011787 6.020576935061861 4.3915613652528585
0.3773208959011787 6.25128802204787 4.8008359709779045
0.3773208959011787 2.6699221502358736 1.5236215230685262
0.3773208959011787 5.281405077726422 4.098604253902618
0.3773208959011787 3.7323211771209697 1.9257825641564672
0.3773208959011787 0.3773208959011787 0.37732089590117845
0.3773208959011787 4.0756811019367305 3.286842651075651
0.3773208959011787 5.383129201481264 4.652121194824304
0.3773208959011787 6.939009545416203 4.578922767932441
0.3773208959011787 5.356987468144769 4.755287970187478
0.23243853905557943 0.3773208959011787 0.3048797174783789
0.11627501443008059 3.0995208043429128 1.6123657372567084
0.11627501443008059 3.55606300707974 1.7038694725760772
0.11627501443008059 3.1594385945965553 1.6378568045133182
0.11627501443008059 2.6958923390742098 2.5121408738120197
0.11627501443008059 4.420483253326012 2.6728978953764084
0.11627501443008059 6.656737296859244 5.287054033460738
0.11627501443008059 4.5020358185934946 4.076279318768445
0.11627501443008059 3.9423460202074314 3.3345021991050103
0.11627501443008059 0.11627501443008059 0.11627501443008059
0.11627501443008059 2.7385365962249613 1.3265495906431022
0.11627501443008059 0.11627501443008059 0.11627501443008059
0.11627501443008059 0.11627501443008059 0.11627501443008059
0.11627501443008059 3.2131395615771265 1.6647072880036038
0.11627501443008059 6.048460542364776 4.933995637722097
0.11627501443008059 5.013489505426861 4.51958063624341
0.11627501443008059 6.2730863224056534 4.276926510214028
0.11627501443008059 4.145918433833575 3.6837288815555493
0.11627501443008059 5.018626294752924 4.812340775997231
0.11627501443008059 4.92115416368339 3.7479462961399324
0.11627501443008059 5.557362208541086 4.750162672479625
0.11627501443008059 5.598543366410386 2.8574091904202343
0.11627501443008059 0.11627501443008059 0.11627501443008059
0.11627501443008059 4.99751827152215 2.3691565177033427
0.11627501443008059 4.450238207758158 2.2832566110941186
0.11627501443008059 4.974619880487058 3.0815269225165176
0.11627501443008059 3.221145068845289 1.6609256470557012
0.11627501443008059 5.322014707420415 4.5885111283350755
0.11627501443008059 7.50817775961986 6.661477618160869
0.11627501443008059 5.650962566197421 4.18732069052494
0.11627501443008059 5.150999286838832 3.956568407744054
0.11627501443008059 5.206862720404462 2.4657770325721033
0.11627501443008059 5.346171929086918 2.777775375156437
0.11627501443008059 3.1615534931580567 1.6389142537940689
0.11627501443008059 5.644497394389376 2.667762266718986
0.11627501443008059 0.45156662507169587 0.2710249885723644
0.11627501443008059 5.402714883357149 2.5561703385502663
0.11627501443008059 5.653599669062022 4.231733277821425
0.11627501443008059 6.6014075540943935 5.553565282051618
0.11627501443008059 5.004579359213789 4.816567653645188
0.11627501443008059 3.2564888850610356 2.35761946502226
0.11627501443008059 3.216653575910865 2.78567625610014
0.11627501443008059 4.371891585048704 2.209709893660351
0.07147844464094222 6.402750950377186 2.995327161511099
0.07147844464094222 4.755118228407291 3.5755784815800813
0.07147844464094222 6.508851952847813 4.807258370001602
0.07147844464094222 3.3986173857544846 1.7350479151977136
0.07147844464094222 5.646231119432013 2.858854782036479
0.07147844464094222 0.14945016449565118 0.1104643045682967
0.07147844464094222 4.67668712959712 2.325386535142095
0.07147844464094222 5.3885852322762915 4.69863730011377
0.07147844464094222 5.672928178396678 5.111361117801528
0.07147844464094222 3.2366189232930656 2.975791072905826
0.07147844464094222 6.6646255219677 5.126222236947494
0.07147844464094222 3.224530837821501 1.5267333953396625
0.07147844464094222 0.07147844464094222 0.07147844464094222
0.07147844464094222 3.121495147962236 1.5964867963015894
0.07147844464094222 0.07147844464094222 0.07147844464094222
0.07147844464094222 4.907744121501064 2.489611283071005
0.07147844464094222 4.892934026910929 2.4822062357759362
0.07147844464094222 0.07147844464094222 0.07147844464094222
0.07147844464094222 4.75915423187806 3.885160295987193
0.07147844464094222 4.912286234435115 4.308799446011746
0.07147844464094222 6.971625511282873 4.729705331653138
0.04531935907301632 2.5298755855150863 1.193043736106584
0.04531935907301632 0.04531935907301632 0.04531935907301632
0.04531935907301632 4.924893932338584 3.7723706170099494
0.04531935907301632 8.970882163610357 5.775665425410324
0.04531935907301632 3.8874482699758777 2.1262927318317386
0.04531935907301632 5.474769357624115 2.5829246356328546
0.04531935907301632 3.6569031221029396 1.88037765033742
0.04531935907301632 3.213947856336667 1.6589000174542838
0.03476611083377579 0.1318585099010936 0.07998388148943172
0.03476611083377579 2.6800524527243472 1.2556674993986547
0.03476611083377579 2.876113883013027 2.4992443519412664
0.03476611083377579 6.313391435534939 4.12261255369916
0.03476611083377579 5.460412409233868 2.538910556249203
0.03476611083377579 5.366868334357527 2.4957363678447377
0.03476611083377579 0.03476611083377579 0.03476611083377579
0.03476611083377579 4.485156269397301 2.259961190115539
