0.5433936136017974 7.611145854949719 5.034042184337099
0.5433936136017974 7.685585643230489 7.298661322343231
0.5433936136017974 8.341997894629877 7.006775399443099
0.5433936136017974 5.434763327774068 4.822491956256209
0.5433936136017974 6.132286984523237 4.840131381030018
0.5433936136017974 6.3243539676127725 5.824218122430121
0.5433936136017974 6.481076248905104 5.709613535669215
0.5433936136017974 5.236012258020825 4.978251208891801
0.23608333385935198 5.1697767429668104 2.5249922257451964
0.23608333385935198 5.928678112259146 3.0823807230592504
0.17854065511872053 0.23608333385935198 0.20731199448903614
0.17854065511872053 3.5242598477539144 3.25344894632003
0.17854065511872053 4.482285228460874 3.9361807535145763
0.17854065511872053 6.203256768225554 4.5203136063858445
0.17854065511872053 6.609121042804041 4.67845532597596
0.17854065511872053 3.103486044723344 2.9713599493008354
0.17854065511872053 4.496274116536345 3.6873821810296663
0.17854065511872053 3.2397107110231755 2.7634463752406635
0.14469057158116216 2.8666233478531074 1.4022691638427354
0.14469057158116216 0.14469057158116216 0.14469057158116216
0.14469057158116216 0.15892055782702785 0.151805564704095
0.14469057158116216 3.7578677306169266 1.9583778589898357
0.14469057158116216 4.722301631559322 2.2651244046066177
0.14469057158116216 4.066882023133076 1.9626230468714279
0.14469057158116216 0.16007110534454272 0.15947954635364342
0.14469057158116216 0.16007110534454272 0.15947954635364342
0.14469057158116216 4.238903235905095 3.538868266556993
0.14469057158116216 5.131043518559945 4.801856303554002
0.14469057158116216 5.6118994887784375 2.7348761667669157
0.14469057158116216 4.58681168246164 2.2617587176976226
0.14469057158116216 3.5999360700236065 1.8197974914753057
0.14469057158116216 1.900947990363424 1.0356491470167593
0.14469057158116216 6.298058988334105 3.065084992233997
0.14469057158116216 6.766666468898109 6.458148432071208
0.14469057158116216 5.735996764486874 5.115707133693056
0.14469057158116216 5.578404903866634 4.896655162468962
0.14469057158116216 4.870822313154203 2.3259821446148745
0.14469057158116216 7.685456362368985 3.625044013483234
0.14469057158116216 5.680249286416913 4.095537574131695
0.14469057158116216 7.447287183603343 6.015425932862032
0.14469057158116216 7.047240155024895 6.464938150858615
0.14469057158116216 3.7909715084119466 1.9678310399965555
0.14469057158116216 0.14469057158116216 0.14469057158116216
0.14469057158116216 4.92261300028947 2.5336517859353176
0.14469057158116216 3.241576563077896 3.0578354344583363
0.14469057158116216 4.550796144166906 3.41466846874149
0.14469057158116216 5.31224854421432 2.5297173281810825
0.14469057158116216 0.6033621359323296 0.3563851397432392
0.14469057158116216 5.478434296963794 2.606418444834686
0.14469057158116216 5.627463890007036 2.8860772307941
0.14469057158116216 5.587314904509771 5.213276984455527
0.14469057158116216 3.0572431055231495 2.730019344394251
0.14469057158116216 3.00648682341609 1.638640171971006
0.14469057158116216 5.0436535731221035 4.495604109143965
0.14469057158116216 5.213204319572586 4.9409487537067625
0.14469057158116216 7.501183515655361 7.0965515999689845
0.14469057158116216 0.14469057158116216 0.14469057158116216
0.14469057158116216 6.317088134450536 3.2308893530158502
0.14469057158116216 0.14469057158116216 0.14469057158116216
0.14469057158116216 6.3414808708644195 3.243085721222791
0.14469057158116216 0.4062366463401976 0.27546360896067973
0.14469057158116216 1.355075065748125 0.7033295688889909
0.14469057158116216 5.554415290371011 3.986717158759147
0.14469057158116216 3.2044281480031853 1.874902693286149
0.14469057158116216 4.419210203444209 3.8248365005924136
0.14469057158116216 5.550045111662985 5.13017311771324
0.14469057158116216 5.018995474657334 4.795329643822175
0.14469057158116216 6.0805398070456 4.615304064574039
0.14469057158116216 5.521212573610217 3.2468095227815583
0.14469057158116216 3.5767985657738532 3.404320853523598
0.14469057158116216 6.13304792972437 5.22509218294421
0.14469057158116216 6.818470950852685 5.4849717437914425
0.14469057158116216 4.192221177265154 3.9340974733722778
0.14469057158116216 4.5846079346734605 4.261810002895368
0.14469057158116216 3.748215146684647 3.2527160956968166
0.14469057158116216 4.9569413893318774 2.3657294105430307
0.14469057158116216 5.667363409427736 2.69361649674112
0.14469057158116216 5.636243258915492 2.8904669152483278
0.14469057158116216 3.1326018730468275 1.523726556873008
0.14469057158116216 4.510371317774197 3.4156810720532613
0.14469057158116216 3.490618671744276 3.0343275605436566
0.14469057158116216 3.490618671744276 3.3619291294303104
0.14469057158116216 3.490618671744276 3.0955320461545055
0.14469057158116216 3.0701506749398537 2.8435786826594684
0.14469057158116216 5.679607646189744 5.25056419932972
0.14469057158116216 5.009967566306408 2.3902030306851225
0.14469057158116216 4.992355675922141 2.568523123751653
0.14469057158116216 0.14469057158116216 0.14469057158116216
0.14469057158116216 5.046969236467902 2.407280724605812
0.14469057158116216 2.5928184013948408 2.497292465371683
0.14469057158116216 6.137123666824873 4.893503910151095
0.14469057158116216 0.14469057158116216 0.14469057158116216
0.14469057158116216 6.52756835305615 5.702029093673627
0.14469057158116216 7.777203736943802 7.0277549046649925
0.14469057158116216 7.777203736943802 6.1275070945149075
0.14469057158116216 2.487457513870393 1.2259676218684992
0.14469057158116216 2.8104569367552377 1.3750442785845818
0.14469057158116216 3.5025210508594182 1.6944584850942042
0.14469057158116216 2.6139384603149414 1.379314515948052
0.14469057158116216 0.14469057158116216 0.14469057158116216
