3.606466139144303 7.702082174975359 5.70580133187778
2.5834992639020595 3.606466139144303 3.083347542658277
2.347145183993853 7.362487093765898 4.671008914654343
1.5100134231591693 3.855739734124548 2.7150739540585778
1.5100134231591693 6.107889088031307 5.308834887483362
1.5100134231591693 6.527333113515358 5.8632568624536825
1.5100134231591693 6.091612116659899 5.218264677484271
1.5100134231591693 4.939789727757791 4.723594822931611
1.5100134231591693 4.939789727757791 4.807875254503994
1.5100134231591693 6.5466771415765805 6.173119099928607
1.5100134231591693 5.3001392669775775 4.746073776261885
1.5100134231591693 5.3001392669775775 4.830891382026521
1.5100134231591693 4.829391671825636 4.5454588135193115
1.5100134231591693 5.8666872803044114 4.47553465713034
1.5100134231591693 3.419510792198207 3.346068585696707
1.5100134231591693 3.20804085753451 2.293718392870866
1.5100134231591693 5.227901019846545 3.3689572215028565
1.5100134231591693 1.5100134231591693 1.5100134231591698
1.5100134231591693 3.376332278031484 2.9976994265052026
1.5100134231591693 5.658470329974914 5.469955196966411
1.5100134231591693 1.7056294621441102 1.6487893086823084
1.5100134231591693 5.600616928306696 4.323796702218434
1.5100134231591693 7.648210133844417 7.382335101893402
1.5100134231591693 7.648210133844417 6.752433729108698
1.5100134231591693 6.662623642630351 6.396931080877055
1.5100134231591693 6.6667949459564575 6.460049750099239
1.5100134231591693 6.689921774644986 6.479253821126632
1.5100134231591693 6.689921774644986 5.929536301967253
1.5100134231591693 6.712178880445208 5.883655733184448
1.5100134231591693 6.639237844693437 4.856637605259165
1.5100134231591693 6.54105214818733 5.4963375758070026
1.5100134231591693 5.996442117807177 5.73388546875674
1.5100134231591693 6.49012141961099 4.073653036839006
1.5100134231591693 7.734314736716879 5.699633713778507
1.5100134231591693 7.734314736716879 6.751258720114639
1.5100134231591693 7.744023898420959 7.45806173925531
1.5100134231591693 7.664770061081802 5.6557528869664315
1.5100134231591693 3.6500473412857954 3.265109477074811
1.5100134231591693 4.928847032661931 4.2071381901228415
1.5100134231591693 5.944192378252669 4.1038752171727975
1.5100134231591693 6.637098213224938 5.165766465277566
1.5100134231591693 4.7884186582298085 4.48193777600901
1.5100134231591693 4.923077480772346 4.695822591211111
1.5100134231591693 5.461181495188718 4.936179690586041
1.5100134231591693 4.746815391286503 4.606472258015788
1.5100134231591693 4.715113891524101 4.591840796586986
1.5100134231591693 6.164529498713584 5.010997062498021
1.5100134231591693 6.150884890569358 4.612365291644888
1.5100134231591693 6.150884890569358 5.066282049828279
1.5100134231591693 6.24190378645044 5.03446864847247
1.5100134231591693 6.125568254637809 4.030724132578694
1.5100134231591693 6.259816928949899 5.821639062995259
1.5100134231591693 6.358911083881818 5.141430495531127
1.5100134231591693 7.611065415441795 4.83683360623735
1.5100134231591693 5.070535874618187 4.49512447738755
1.5100134231591693 7.248467321690443 6.578774753689412
1.5100134231591693 3.2679061449980904 2.48100360403087
1.5100134231591693 6.470918706760656 4.082509884912154
1.5100134231591693 1.7094416997223552 1.7017713813930018
1.5100134231591693 1.7094416997223552 1.7017713813930018
1.5100134231591693 5.922565037288813 3.646289844885214
1.5100134231591693 4.521596567235605 3.1078488151496275
1.5100134231591693 3.194128383868389 2.444114723466019
1.5100134231591693 6.445332233547681 4.3033194563715345
1.5100134231591693 3.001846232320269 2.896124765601144
0.27966484015556903 1.5100134231591693 0.4592876988388989
0.27966484015556903 2.74364600504147 1.5138012023172784
0.27966484015556903 0.2843140295462132 0.2841352145696498
0.27966484015556903 5.635968762276217 2.7541297065988823
0.214893199490366 4.951113659636494 2.5854946465120934
0.214893199490366 6.446295723596254 4.508873524960172
0.214893199490366 4.476698695949221 3.8652563219229203
0.214893199490366 6.441483206324694 5.824637817323307
0.214893199490366 0.214893199490366 0.2148931994903659
0.214893199490366 5.483306714885302 5.280635204466124
0.214893199490366 5.602284846120515 4.560062947850438
0.214893199490366 4.87244130494906 4.375444754285271
0.214893199490366 4.566839739552883 4.22264397158718
0.214893199490366 4.183744453965737 4.03109632879361
0.214893199490366 4.503931184987003 4.065282807970809
0.214893199490366 5.305289799992121 4.843549321484285
0.214893199490366 6.312490767890878 5.557059602736896
0.214893199490366 4.328991320500627 3.8285365084168865
0.214893199490366 4.32957933948661 3.628382247943276
0.214893199490366 1.6388261805869182 0.8720930369195437
0.214893199490366 4.908436169268995 2.6892654221875123
0.214893199490366 2.604946323759084 1.5375204994325569
0.214893199490366 4.420092677406387 3.4681976707986073
0.214893199490366 3.341912171783506 2.927073134540657
0.214893199490366 3.4050665743321074 3.039540458720087
0.214893199490366 5.4732013743221515 4.953051377061689
0.214893199490366 8.920134106746591 7.459307392328008
0.214893199490366 8.799061277104302 7.237621222029203
0.214893199490366 4.347184851038094 3.566943936304111
0.214893199490366 5.920920231985804 5.090631174626578
0.214893199490366 2.692760017437483 2.4866500199358765
0.214893199490366 3.3435117960015472 2.777763042359372
0.214893199490366 4.374885713834644 3.688173430460449
0.214893199490366 6.3981532414235325 3.3065232204569495
0.214893199490366 0.214893199490366 0.2148931994903659
