2.616550318889335 7.671630483776978 5.697831131837386
2.616550318889335 5.39451997631852 4.251631104115364
2.616550318889335 6.741136511014169 5.0542237272741115
2.616550318889335 6.6415074670572025 4.880884853828855
2.616550318889335 9.136644014351614 6.5989519946416335
2.616550318889335 9.361159084978423 6.509496851481452
2.616550318889335 6.653861593145432 4.486059634897831
2.616550318889335 5.496106062090721 3.951710928257194
2.616550318889335 6.6570494082404785 6.355666719316584
2.616550318889335 6.340761839684639 4.837294329431149
2.616550318889335 6.437964741812948 5.02366964621512
2.616550318889335 4.557166680578906 3.8985540338864166
2.616550318889335 6.458840071952068 5.353365101880123
2.616550318889335 6.663063989348839 5.466076151694524
2.616550318889335 7.333569577864946 6.031265480320389
2.616550318889335 6.162198335766789 4.839359647535343
2.616550318889335 6.660835621101185 5.187466391170616
2.616550318889335 6.295544892848902 6.047671942798181
2.616550318889335 7.0548010260380245 6.147966349868314
2.616550318889335 7.0548010260380245 5.853652474126378
2.616550318889335 6.1845546915784695 5.839755745067814
2.616550318889335 7.1477192445020705 6.592413123765998
2.616550318889335 7.9926196658428985 7.559802087049075
2.616550318889335 7.979448810687687 7.552901389848037
2.616550318889335 7.5489293539511895 5.697280179935712
2.3333329392524758 4.7123938715956335 3.5337563815639337
2.3333329392524758 6.480120863541821 4.695931984363098
0.18412169468098272 3.230726791668172 1.6729090950047432
0.18412169468098272 6.074293238674869 3.1292074666779257
0.18412169468098272 0.18412169468098272 0.1841216946809827
0.18412169468098272 5.5831905231505665 2.8836561089157735
0.18412169468098272 5.671289122151549 4.317186381244289
0.18412169468098272 5.671289122151549 4.958613818293411
0.18412169468098272 4.563229916280331 3.5072318255795194
0.18412169468098272 5.647911346340958 3.3980904480616587
0.18412169468098272 2.0702456577791115 1.915618780112826
0.18412169468098272 3.361904825092154 2.583806676190213
0.18412169468098272 5.689825150140315 4.073322597342169
0.18412169468098272 6.555852100526717 6.2043265819680595
0.18412169468098272 0.18412169468098272 0.1841216946809827
0.18412169468098272 4.79862685400014 3.5982571784674238
0.18412169468098272 5.283849729594266 2.6180506884627217
0.18412169468098272 1.3456786746451574 0.8004332784862102
0.18412169468098272 4.894421486335201 4.616058639634209
0.18412169468098272 6.840160843082526 4.717566883877896
0.18412169468098272 3.1069759360887663 2.994558465265391
0.18412169468098272 3.216899152634341 2.6251741273356624
0.05734094319423422 2.605666737660379 1.3363800231767966
0.05734094319423422 2.655645497563875 1.2565584298263759
0.05734094319423422 6.351120312863351 3.204230628028793
0.05734094319423422 3.036685544951663 2.844595711230608
0.05734094319423422 4.916601267021381 4.71713277120996
0.05734094319423422 3.2521450256276094 1.5318659043173306
0.05734094319423422 2.823746872231855 1.334143679673136
0.05734094319423422 5.535977447952135 5.109044487925998
0.05734094319423422 0.05734094319423422 0.05734094319423422
0.05734094319423422 5.663604269390731 4.930788745811035
0.05734094319423422 5.3445307955185655 4.15478427634187
0.05734094319423422 5.560846659509977 4.792289166671113
0.05734094319423422 3.0169364523896296 1.5371386977919317
0.05734094319423422 3.0519478359448056 1.55464438956952
0.05734094319423422 5.639252324522193 4.184285849632251
0.05734094319423422 5.048404258341673 3.22893867310232
0.05734094319423422 3.066406609360737 1.4461404814249277
0.05734094319423422 0.05734094319423422 0.05734094319423422
0.05734094319423422 2.6353216944087063 2.2936177594856497
0.05734094319423422 5.9225466087870515 3.067764850242902
0.05734094319423422 0.6641527582828144 0.6408138423178686
0.05734094319423422 5.283936065026058 4.6905574209660195
0.05734094319423422 5.146027704334994 4.478893619623279
0.05734094319423422 4.916857100113017 2.3001945540798263
0.05734094319423422 5.5957830902292685 3.963247823176438
0.05734094319423422 0.05734094319423422 0.05734094319423422
0.05734094319423422 5.442646691958348 2.542866673393055
0.05734094319423422 5.422727089807513 4.062429187861122
0.05734094319423422 2.7778341446326107 1.3129531900119462
0.05734094319423422 3.2059901334244754 1.8601863360157291
0.05734094319423422 3.249674695594518 2.121110702768567
0.05734094319423422 0.05734094319423422 0.05734094319423422
0.05734094319423422 5.094874548132278 3.9585661592687043
0.05734094319423422 6.264516908070515 5.405115592823598
0.05734094319423422 4.55097581092166 2.4856711629060277
0.05734094319423422 5.674321044361342 5.452102981884239
0.05734094319423422 5.540849605990296 3.850388617712996
0.05734094319423422 5.634696574641627 2.7701703862734304
0.05734094319423422 0.33467155417041683 0.3240049922097942
0.05734094319423422 3.1005591532546686 1.7799064337360981
0.05734094319423422 5.152999755130633 2.8061267346740806
0.05734094319423422 0.05734094319423422 0.05734094319423422
0.05734094319423422 0.3560080769682519 0.20667451008124293
0.05734094319423422 6.644335374724889 3.425185547289125
0.05734094319423422 3.252172365613181 1.957242803330311
0.05734094319423422 4.502778823052353 2.5825460320498967
0.05734094319423422 6.07922940501971 4.675071940766771
0.05734094319423422 4.144081798403029 3.1171478526593024
0.05734094319423422 0.05734094319423422 0.05734094319423422
0.05734094319423422 5.365843109934467 3.9987908947494413
0.05734094319423422 5.1402516544463275 4.032341343981715
0.05734094319423422 5.195150966965485 4.1041722876750795
0.05734094319423422 6.660793761260138 4.4909120885678595
