1.0497179680277537 7.6657358216901414 4.8300035887239705
1.0497179680277537 1.0497179680277537 1.0497179680277535
1.0497179680277537 5.201063477087299 3.2971827667333877
1.0497179680277537 1.7847873461677008 1.7232149763035944
1.0497179680277537 3.2386849489643628 2.446394928699747
0.1694294308242026 5.10776796008329 2.4825198496054557
0.1694294308242026 5.098561718657908 2.6339955747410566
0.1694294308242026 1.2221430000894853 0.6552972320235635
0.1694294308242026 3.453611998277666 2.664861918502922
0.15478381143136888 3.790016567686472 1.9729634826124913
0.15478381143136888 2.9554271734998037 1.4473884400783392
0.15478381143136888 5.66887888742929 2.9118313494303294
0.15478381143136888 0.15478381143136888 0.15478381143136888
0.15478381143136888 2.943150067372763 1.44172208340432
0.15478381143136888 0.15478381143136888 0.15478381143136888
0.15478381143136888 3.7003700896828744 1.9275769505571227
0.15478381143136888 0.15478381143136888 0.15478381143136888
0.15478381143136888 2.942392882749982 1.5485883470906758
0.15478381143136888 0.2738232157774978 0.21430351360443323
0.15478381143136888 6.009780017256183 2.857089752581285
0.15478381143136888 0.15478381143136888 0.15478381143136888
0.15478381143136888 0.15478381143136888 0.15478381143136888
0.15478381143136888 3.218175344995825 1.6864795782135975
0.15478381143136888 0.15478381143136888 0.15478381143136888
0.15478381143136888 4.939282814139666 2.363014120373661
0.15478381143136888 6.13674160820382 4.300076329155824
0.15478381143136888 5.822837449783421 5.528157783554955
0.15478381143136888 0.15478381143136888 0.15478381143136888
0.15478381143136888 6.280464941039547 3.21762437623546
0.15478381143136888 4.47162408552477 2.313203948478069
0.15478381143136888 2.825732169461095 1.4902579904462323
0.15478381143136888 5.646378709320466 4.0021530854130765
0.15478381143136888 6.016501510500696 4.224497307531351
0.15478381143136888 3.140756938905032 1.5329252548807526
0.15478381143136888 5.6840122737700085 2.91939804260069
0.15478381143136888 5.683517416862866 4.312040781185257
0.15478381143136888 3.180007959717138 1.83685533229197
0.15478381143136888 0.9923572514551577 0.724937235642951
0.15478381143136888 5.171878774451233 3.7175985277302557
0.15478381143136888 4.466070053812103 3.3345620571912034
0.15478381143136888 3.55089866256272 2.045397234948465
0.15478381143136888 7.702532825630147 5.616002137577043
0.15478381143136888 7.702532825630147 6.821331651687688
0.15478381143136888 9.227772275262074 7.707535247249931
0.15478381143136888 3.6259237119565495 2.7368481560922575
0.15478381143136888 5.618904096603494 2.6766854815108116
0.15478381143136888 5.6781741555895024 4.322098217784234
0.15478381143136888 4.795484183615489 4.127274650820751
0.15478381143136888 4.1702602248831475 3.8777792020100965
0.15478381143136888 5.107012799624794 2.630898305528083
0.09721930334027862 0.15478381143136888 0.12821557692778876
0.09721930334027862 4.6357100167147784 3.8435914925663615
0.09721930334027862 0.09721930334027862 0.09721930334027862
0.09721930334027862 0.09721930334027862 0.09721930334027862
0.09721930334027862 4.921144540423391 4.699956175546129
0.09721930334027862 3.2310978035042983 1.6641585534222887
0.09721930334027862 5.999847330168613 3.0485333167544466
0.09721930334027862 2.979331725669088 1.5382755145046838
0.09721930334027862 5.582972593897697 3.872147891176572
0.09721930334027862 3.1426590059698083 2.9190923398685724
0.09721930334027862 3.181769531302973 3.009963527007691
0.09721930334027862 3.7864220203721826 2.6048133177920474
0.09721930334027862 2.721032833215578 2.314769885153424
0.09721930334027862 4.012681464144428 2.306865947714914
0.09721930334027862 6.645579765948092 6.186550543453877
0.09721930334027862 4.501223033945493 4.231538083232708
0.09721930334027862 4.894568952676675 2.4958941280084783
0.09721930334027862 3.7689582146681393 3.166566340187781
0.09721930334027862 3.1801161064510244 2.7330842744192405
0.09721930334027862 5.267167173800139 4.203806767076079
0.09721930334027862 5.635515621874589 2.8663674626074345
0.09721930334027862 0.09721930334027862 0.09721930334027862
0.09721930334027862 2.624696219022916 1.263747110578419
0.09721930334027862 0.6485254031942103 0.3728723532672442
0.09721930334027862 4.881702500037104 2.489460901688693
0.09721930334027862 4.894337568364964 2.495778435852621
0.09721930334027862 5.277450586408289 2.4880952801409006
0.09721930334027862 6.4045412914169475 4.2751793208462825
0.09721930334027862 4.931431451115834 2.328394140775151
0.09721930334027862 0.7148632833368507 0.45034000779404065
0.09721930334027862 5.348327412474969 4.3700706343778055
0.09721930334027862 3.229944099829677 1.6635817015849788
0.09721930334027862 3.1370810171266794 1.6171501602334797
0.09721930334027862 5.531546004768572 2.6053700886148765
0.09721930334027862 0.09721930334027862 0.09721930334027862
0.09721930334027862 0.09721930334027862 0.09721930334027862
0.09721930334027862 4.885872464004738 2.3073669159546446
0.09721930334027862 0.09721930334027862 0.09721930334027862
0.09721930334027862 5.533282788363238 3.5021804838367085
0.09721930334027862 5.582464838959542 2.9490801210507867
0.09721930334027862 0.4425986201001533 0.35126608930243236
0.09721930334027862 0.5426965958821417 0.4786076220725391
0.09721930334027862 5.899204616609172 2.8024336559598306
0.09721930334027862 6.254878777165786 3.2139868369611353
0.09721930334027862 2.760782189456123 1.466938543106304
0.09721930334027862 5.158619339101961 2.474349368843551
0.09721930334027862 5.55498901247034 4.248053080025016
0.09721930334027862 6.639716750802936 5.130227254949721
0.09721930334027862 2.3091296326069863 1.1181009937710664
0.09721930334027862 0.21622135842497814 0.15672033088262838
