0.8556480570611353 7.26348777845573 5.000533364045583
0.8556480570611353 7.668790463606715 5.9653462057053535
0.8556480570611353 4.545756438699232 4.403829193251611
0.8556480570611353 4.545756438699232 4.271537618019309
0.8556480570611353 5.988713720303348 5.744191287538163
0.8556480570611353 5.820569902687559 4.3277032268468165
0.8556480570611353 5.120748956804658 4.03054636800233
0.8556480570611353 7.593331451819537 6.54885372075627
0.8556480570611353 6.022659327751338 5.000902771159229
0.8556480570611353 3.918395802415397 3.7477792719548213
0.8556480570611353 4.502208011061374 4.175009389159089
0.8556480570611353 6.494838134284031 6.14950049548875
0.8556480570611353 6.401116326564516 5.232146464546239
0.8556480570611353 8.3075803023255 5.885471566503298
0.8556480570611353 6.752115469562508 4.602432717652082
0.8556480570611353 6.231541015401628 4.31909394807117
0.8556480570611353 4.237663551060205 3.2567026478871424
0.8556480570611353 7.592419995978711 6.7930662770914045
0.8556480570611353 9.171065815715984 7.282721393126462
0.8556480570611353 7.340757420199385 6.5814067807902745
0.8556480570611353 5.354971308209269 3.5134965442937185
0.8556480570611353 2.957727617112216 2.376724177281808
0.8556480570611353 5.256629628641388 4.763068789455286
0.8556480570611353 6.32066754088051 5.699193389016264
0.8556480570611353 11.04069966809122 9.627863550226294
0.8556480570611353 10.897528619554867 9.877717138299296
0.8556480570611353 5.09475608329668 4.664585499492642
0.8556480570611353 4.553002896429973 4.299321569702169
0.8556480570611353 7.156046088207805 5.606666995714955
0.8556480570611353 4.220030295794253 3.4185379384870296
0.8556480570611353 6.311461631671364 5.958079276158866
0.8556480570611353 5.884747320359519 4.332087239567392
0.8556480570611353 3.8892489644458093 3.411087998376449
0.8556480570611353 4.5743240280508 3.490241909481342
0.8556480570611353 6.571319135824524 3.93908560658387
0.8556480570611353 5.371018810420811 4.368945646388851
0.8556480570611353 3.2356482618377673 2.897260761516427
0.8556480570611353 3.108862535707463 2.8528562854441097
0.8556480570611353 3.118350156594851 2.9650464593697716
0.8556480570611353 6.731567710565853 5.4307789425465876
0.8556480570611353 7.7546333086140855 6.91248424167921
0.8556480570611353 6.601026347940721 6.056841141366188
0.8556480570611353 6.800480089527564 5.443763428299627
0.8556480570611353 6.107557167399307 5.352885427111273
0.8556480570611353 6.573817974940496 6.209604055303046
0.8556480570611353 7.41454486317499 5.735199953944797
0.8556480570611353 5.320268708362303 4.797837234035113
0.8556480570611353 5.73978297595588 5.459150362855826
0.8556480570611353 7.61310014626671 6.235182384618426
0.8556480570611353 0.8556480570611353 0.855648057061135
0.8556480570611353 6.448405067549601 3.652026562305367
0.8556480570611353 0.8556480570611353 0.855648057061135
0.8556480570611353 3.1476057272729823 1.9134746740819881
0.8556480570611353 6.272842257412979 4.364346516123121
0.8556480570611353 7.089467794007392 6.5058454016037075
0.8556480570611353 9.369558477032756 8.583858812976471
0.8556480570611353 9.19266900030189 7.296373170270512
0.8556480570611353 5.211633014029509 4.378113006058427
0.8556480570611353 5.211633014029509 5.0440951310691835
0.8556480570611353 5.211633014029509 4.100846135736723
0.8556480570611353 7.467077418916912 4.771040542149055
0.8556480570611353 8.275602664537196 6.706027510286689
0.8556480570611353 3.093230770174419 3.0020095349522795
0.8556480570611353 5.033467640277038 3.881595758425403
0.8556480570611353 5.9197296766664 4.400971893025193
0.8556480570611353 6.3173940137659415 5.90849469303522
0.8556480570611353 5.9197296766664 5.724957306681585
0.8556480570611353 6.038389363236185 5.779723315867637
0.8556480570611353 5.641878695175421 5.000054951891195
0.8556480570611353 5.896527465336639 4.41774336054961
0.8556480570611353 6.017675001113538 5.5576404569753635
0.8556480570611353 5.733948328103288 4.534355977998479
0.8556480570611353 8.553786492198064 5.728522062780064
0.8556480570611353 4.5311082450566325 3.9117354147410976
0.8556480570611353 7.687485746605537 5.659339459958454
0.8556480570611353 9.105971106592163 8.514028553548346
0.8556480570611353 8.410813150877301 7.815057441685983
0.8556480570611353 3.637390000515055 2.2465190287880956
0.8556480570611353 0.8556480570611353 0.855648057061135
0.8556480570611353 0.8556480570611353 0.855648057061135
0.8556480570611353 2.9000065552078103 1.7991981331288318
0.8556480570611353 5.564976090848177 3.5242473564057146
0.7004634544799626 2.133416909188942 1.3677952259833828
0.7004634544799626 4.349195296770979 2.6268111380336645
0.7004634544799626 5.465325559027814 3.0101108222647714
0.7004634544799626 0.9214239396977146 0.8305420178294677
0.7004634544799626 5.200099186826812 3.227608987166216
0.7004634544799626 5.643025914038418 5.255576292533416
0.7004634544799626 5.228658375794041 3.74493268175146
0.7004634544799626 2.60952967396381 2.536104050137509
0.7004634544799626 5.270677439444654 2.817569775698369
0.7004634544799626 4.233168004184893 3.5030147121283473
0.7004634544799626 3.434305566747192 3.08478563509375
0.7004634544799626 3.434305566747192 3.329157793198454
0.7004634544799626 4.2078493806523625 3.7159297001510385
0.7004634544799626 6.579179512101831 5.595928794710601
0.7004634544799626 6.090877912939479 5.614878780730191
0.7004634544799626 7.1125944841955615 5.444141840080937
0.7004634544799626 3.7140395712239855 2.437621728959022
0.7004634544799626 1.3930174341359067 1.366380742610678
