2.3555266471983747 7.7232784596450355 5.348831834679556
2.3555266471983747 6.061439120956457 4.841655690360014
2.3555266471983747 5.430826550782658 4.609214661846338
2.3555266471983747 8.314647455478612 7.291076465925585
2.3555266471983747 6.593503712137068 6.282972375210373
2.3555266471983747 6.358965879638305 5.87305844200513
2.3555266471983747 6.260220087783416 5.636655743722617
2.3555266471983747 6.189083421267373 5.033677212823244
2.3555266471983747 4.621745260393908 3.57723957729616
1.3545897081817029 2.3555266471983747 1.4306270772816836
1.3545897081817029 1.429669297226536 1.4267816207248116
1.3545897081817029 5.882080060486135 5.641182624119134
1.3545897081817029 3.3466192460043342 3.2655450726046658
1.3545897081817029 6.011368362538256 3.681607508133822
1.3545897081817029 1.9172125997936615 1.7919971560978545
1.3545897081817029 5.893006636596063 3.7305551209481553
1.3545897081817029 6.069591099174293 4.258574538620926
1.3545897081817029 4.639728823640606 3.9255148891375486
1.3545897081817029 5.845508008359744 4.914278848670009
1.3545897081817029 5.6263898908616135 3.7564081991403815
1.3545897081817029 7.699723476621628 6.149944141000552
1.3545897081817029 3.561098144224147 3.2955761737198968
1.3545897081817029 3.561098144224147 3.0695599717214894
1.3545897081817029 3.561098144224147 3.476232435145592
1.3545897081817029 5.987657395326398 4.40474170388075
1.3545897081817029 6.084302823141396 5.4524001451778235
1.3545897081817029 5.184321552980382 5.0370241743342765
1.3545897081817029 6.889809064993024 6.16678069116515
1.3545897081817029 8.092793583745802 7.568369383218714
1.3545897081817029 6.32392233192947 4.91497223089174
1.3545897081817029 6.660591220394295 6.373139853210476
1.3545897081817029 6.479946717513734 5.502621178689836
1.3545897081817029 6.2256117363515315 5.109907589863966
1.3545897081817029 7.434839913398729 5.786130018459618
1.3545897081817029 6.80862111654689 5.307479715247859
1.3545897081817029 6.3256812644975255 5.121321016004064
1.3545897081817029 4.585609487174317 4.016741266401968
1.3545897081817029 6.516179080782447 5.106742162478194
1.3545897081817029 3.892531538839958 3.79491839150695
1.3545897081817029 6.482548309982732 5.089926777078336
1.3545897081817029 7.068066423040252 4.859210573565476
1.3545897081817029 5.054012017077582 3.929647001582706
1.3545897081817029 3.6403609540423223 3.1066460885857032
1.3545897081817029 6.477341444417281 5.031621390087535
1.3545897081817029 8.385284058924233 5.87018693533542
1.3545897081817029 3.52179815371035 3.4384439827284794
1.3545897081817029 6.272737100207621 4.7081081118810655
1.3545897081817029 3.52179815371035 3.4384439827284794
1.3545897081817029 3.52179815371035 2.857151725430376
1.3545897081817029 3.4587703602167186 3.1364461670127457
1.3545897081817029 6.467697565573431 6.060576993287302
1.3545897081817029 6.482773617271953 5.041754992873743
1.3545897081817029 5.018657564974127 4.262360724104034
1.3545897081817029 5.462979135843447 4.80226690949168
1.3545897081817029 5.346125109386314 4.342764189724713
1.3545897081817029 7.525917532515795 6.647557137476181
1.3545897081817029 7.937317545432537 6.747954917476406
1.3545897081817029 7.7281412668585165 7.112619055090918
1.3545897081817029 5.913792282610487 4.4766841245567175
1.3545897081817029 8.61697318632926 8.09526862653354
1.3545897081817029 7.986882543041872 7.458283731139573
1.3545897081817029 3.5802898699211636 2.909171645170663
1.3545897081817029 3.1063023902970817 2.5893393969121967
1.3545897081817029 3.845393277840469 3.2006219395765347
1.3545897081817029 2.7474508759017344 2.693879292527887
1.3545897081817029 6.241995720083619 4.44115171461883
1.3545897081817029 4.779834764540642 3.631902625745843
1.3545897081817029 6.366460390233566 5.010705216344229
1.3545897081817029 7.603436241616238 5.9373271677531
1.3545897081817029 9.113300561581479 7.768034909831586
1.3545897081817029 7.019593169881679 6.801708421354757
1.3545897081817029 7.019593169881679 6.801708421354757
1.3545897081817029 5.429733040696014 4.810425249046717
1.3545897081817029 5.908590050058812 4.8714997725700675
1.3545897081817029 5.975133610443148 5.157022535180994
1.3545897081817029 5.975133610443148 5.199356467877473
1.3545897081817029 6.851843799469295 6.0365114373877775
1.3545897081817029 5.543394855899976 5.382286965603119
1.3545897081817029 4.196978214811125 3.8839832817542015
0.4720732581140479 5.004463937883347 2.59788881993325
0.4720732581140479 0.4720732581140479 0.47207325811404754
0.4720732581140479 2.6157829244673505 1.5439280912906996
0.4720732581140479 3.3092595764385817 2.1304863873293445
0.4720732581140479 5.684052696405157 4.156733704763168
0.4720732581140479 2.8091931677051005 2.7193039404131385
0.4720732581140479 3.2195171875929423 1.883308628996519
0.4720732581140479 4.050261411340191 3.0707036280225477
0.4720732581140479 6.388802684717302 5.145730439799083
0.4720732581140479 3.577975718104231 2.025024488109141
0.4720732581140479 0.6868492910455086 0.5712006579285679
0.4720732581140479 3.1493568592379906 1.707742612478945
0.4720732581140479 4.657873430994261 2.403981030212608
0.4720732581140479 2.691318319100152 1.5816957886071006
0.4720732581140479 5.962336128009468 5.384254984951136
0.4720732581140479 9.244922360593094 7.168241365199636
0.4720732581140479 9.302136636055563 8.111129835691564
0.23662432205977568 8.728326121671829 4.491530950175583
0.23662432205977568 0.23662432205977568 0.23662432205977552
0.23662432205977568 5.120306511126589 2.4906314862444594
0.23662432205977568 0.23662432205977568 0.23662432205977552
