2.7762414174015935 7.483182507342644 5.013790838643137
2.7762414174015935 7.77263139672813 7.071721545631524
2.7762414174015935 6.3656907826046805 5.94865635804017
2.7762414174015935 6.185521020204604 5.223532406951957
2.1379007519748403 5.785651681814652 3.846029668263476
2.1379007519748403 10.52215336414712 6.5296605912470564
2.1379007519748403 3.182110326975629 3.1419484202448307
2.1379007519748403 4.267304461947706 3.6428072517704035
2.1379007519748403 6.409924038500478 5.3882623338046844
2.1379007519748403 4.760972607317836 4.555761734042294
2.1379007519748403 4.5421831517416855 4.1301135039655446
2.1379007519748403 6.189425589474315 5.126840456236986
2.1379007519748403 6.126120252390109 5.068482896841397
2.1379007519748403 4.548456674028589 4.349208361340669
2.1379007519748403 4.52349357143256 4.153034115974093
2.1379007519748403 6.179717103241082 4.960954149401067
2.1379007519748403 6.075443827600768 4.873181043791138
2.1379007519748403 6.075443827600768 5.406311062831189
2.1379007519748403 4.444396428163532 4.185944175500849
2.1379007519748403 4.104914667160376 3.9969183381721414
2.1379007519748403 5.460338417188513 4.751053900257306
2.1379007519748403 6.602618797057065 5.418737941915904
2.1379007519748403 6.677434868297087 6.474608932273679
2.1379007519748403 6.353764603227962 4.683634163069435
1.6807732098497543 3.96935240636849 2.842644636652395
1.6807732098497543 1.6807732098497543 1.680773209849754
1.6807732098497543 3.249950749126104 2.4050089972080704
1.6807732098497543 1.6807732098497543 1.680773209849754
1.6807732098497543 4.027296620796843 2.854034915323299
1.6807732098497543 6.5917262192514094 4.510064767117968
1.6807732098497543 3.9370224063470656 3.6349982625806807
1.6807732098497543 6.652623068365028 5.093757482492436
1.6807732098497543 5.38334845020216 3.8547447711646616
1.6807732098497543 4.1807325086603235 3.9820580499714784
1.6807732098497543 4.8763318124251995 4.405626060443708
1.6807732098497543 4.8251913307704015 4.502011536805127
1.6807732098497543 6.328896329933766 5.324357496670089
1.6807732098497543 4.677366595720564 4.562113003956305
1.6807732098497543 6.427504727684735 6.236450977515796
1.6807732098497543 7.938817558457746 5.342732390298862
1.6807732098497543 5.621464649572932 4.379874248210798
1.6807732098497543 3.2597430665985745 3.19901345672362
1.6807732098497543 5.600415697700004 4.369349772274334
1.6807732098497543 5.703269927478701 4.300890267195058
1.6807732098497543 7.765253658173961 5.128352757207955
1.6807732098497543 5.720234556287107 4.184497787106332
1.6807732098497543 5.047787615291185 3.8360617428894934
1.6807732098497543 7.6221449607997 6.304854427480707
1.6807732098497543 3.7796658100076574 2.649492871461095
1.6807732098497543 4.989688921451101 4.815627959218983
1.6807732098497543 5.03662871205837 3.9028356754303193
1.6807732098497543 5.03662871205837 3.931267464555515
1.6807732098497543 3.1826483113805684 2.9081145232158168
1.6807732098497543 3.2758179509007985 2.919195448772141
1.6807732098497543 3.3408729426949653 2.949220829600218
1.6807732098497543 6.596423612966479 6.343765237701162
1.6807732098497543 6.596423612966479 5.219930255818625
1.6807732098497543 9.21917885837769 7.579843372448051
1.6807732098497543 6.295485776240799 6.117996831379605
1.6807732098497543 6.295485776240799 6.117996831379605
1.6807732098497543 7.871231767208744 5.8687582816741415
1.6807732098497543 5.671580690584214 5.037449073080567
1.6807732098497543 4.630196142720848 4.516756799148883
1.6807732098497543 6.7406988356697735 5.312044778523819
1.6807732098497543 6.270592468995009 5.076991595186436
1.6807732098497543 7.019233913072945 6.302808881215493
1.6807732098497543 7.019233913072945 6.733885681144457
1.6807732098497543 6.106855889158002 4.890522923821939
1.6807732098497543 4.3166060846051195 4.075867176632566
1.6807732098497543 5.535781149769097 4.626949967180905
1.6807732098497543 3.6249305898488875 3.2985870146428664
1.6807732098497543 6.330027922875235 5.265951616270126
1.6807732098497543 4.559510287590054 4.4487896307538914
1.6807732098497543 4.559510287590054 4.4487896307538914
1.6807732098497543 5.591249830297954 4.9646594021078405
1.6807732098497543 5.07024166616657 4.3800167577611395
1.6807732098497543 3.9505201921493094 3.63911496164229
1.6807732098497543 3.9917259277589605 3.214492614583843
1.6807732098497543 2.6150248950940456 2.579092137969265
1.4376662490873362 4.087530976274373 2.771948880402486
1.4376662490873362 3.4060774663153173 2.346163733961789
1.072050317279921 3.398778222367309 2.2494764210469786
1.072050317279921 6.523123356921065 4.7866188563523275
1.072050317279921 3.4695006259556185 3.3252839189778376
1.072050317279921 5.299969689676512 3.96570533238943
1.072050317279921 6.462335794770482 4.776027034403855
1.072050317279921 7.325731190614025 5.679510281272578
1.072050317279921 8.43214324514866 6.5584564766216245
1.072050317279921 7.479182770722927 6.634107339997957
1.072050317279921 4.728661913871399 4.58141997622246
1.072050317279921 7.451932641502747 5.67612791263503
1.072050317279921 3.3613174322205173 3.0866047036857753
1.072050317279921 5.696094185864563 4.655407675329752
1.072050317279921 7.219501645502488 5.018218326796462
0.9083515892428982 4.441818081404289 2.681380940248095
0.9083515892428982 5.581840536548992 3.0653464879995576
0.9083515892428982 5.782250598120779 3.1578434394942287
0.9083515892428982 0.9561790830328367 0.9304258171459464
0.9083515892428982 6.512736959462686 4.7754253679750835
0.9083515892428982 6.068421082544745 5.755487628354138
