2.0073383659374433 7.619287653243278 5.271928906379985
2.0073383659374433 5.174163649878704 4.750565888023804
2.0073383659374433 7.092166723201592 5.3613318982428
2.0073383659374433 6.4248639648396875 4.882310730391222
2.0073383659374433 4.548627938439779 4.410110907277817
2.0073383659374433 4.588299510619898 4.479299970573124
2.0073383659374433 5.6951537568352 5.0459197793104105
2.0073383659374433 5.30290442863695 5.08154456482128
2.0073383659374433 4.985290154748363 4.671537227462928
2.0073383659374433 5.13094839624927 4.4371855314908135
2.0073383659374433 5.13094839624927 5.010809548929582
2.0073383659374433 6.397172284108258 5.758435056343163
2.0073383659374433 4.543608500738227 3.8340075776435207
2.0073383659374433 3.9525329937843883 3.585596403297769
2.0073383659374433 6.035001741229081 5.671675484827626
2.0073383659374433 8.616938021938019 7.856594741378509
2.0073383659374433 7.705069535495564 5.74663556898787
2.0073383659374433 4.226488615523106 4.141136682846737
2.0073383659374433 3.8822746860708013 3.37255769679677
2.0073383659374433 4.428081882658358 4.218463572895947
2.0073383659374433 4.428081882658358 4.334976362784479
2.0073383659374433 5.268443916083772 4.7551573794971835
2.0073383659374433 7.3325453324740835 6.17143874166344
2.0073383659374433 8.386434827719384 6.493175555522588
2.0073383659374433 12.000267142903128 7.187881924876519
0.8821017879819775 3.259364894941623 2.0225784749616404
0.8821017879819775 3.8339798656987765 3.5306693234145308
0.8821017879819775 4.519444667658814 3.6186552492137087
0.8821017879819775 6.455664945420306 5.148197882063946
0.8821017879819775 5.9845278750979 5.606103358704077
0.8821017879819775 6.829943754718473 6.18976129106783
0.8821017879819775 7.3138701398195884 5.116708797103798
0.8821017879819775 5.4072815576151605 3.830682729281472
0.8821017879819775 5.173438934031417 4.307844720019431
0.8821017879819775 3.1698870740651377 3.0011692822930893
0.8821017879819775 3.1698870740651377 3.0335508129608906
0.8821017879819775 3.7613201581872215 3.477485839558337
0.8821017879819775 6.813952578679647 5.5410257355688435
0.8821017879819775 5.039589839823634 4.048702073528121
0.8821017879819775 5.505438886335746 4.409321274083028
0.8821017879819775 6.598015173619945 5.461311470005857
0.8821017879819775 6.6594138509068195 6.246621861489818
0.8821017879819775 8.618045121520664 5.8106728420929565
0.8821017879819775 11.943996187095225 9.959402702867642
0.8821017879819775 5.13793039829708 3.458826134909176
0.8821017879819775 6.625023728979496 4.679765522975955
0.8821017879819775 6.641016256739871 4.933841025449174
0.8821017879819775 4.899195279582944 3.9111204802572432
0.8821017879819775 7.24439077237467 6.216481730950217
0.8821017879819775 10.905972974635118 8.132498128606517
0.8821017879819775 6.480490664194594 5.919756973386258
0.8821017879819775 8.58425875768028 6.3470237494025366
0.8821017879819775 5.493132404615459 5.284470092437304
0.8821017879819775 7.564227222180495 4.976804905174595
0.8821017879819775 6.0593648322167155 4.282253032883621
0.8821017879819775 3.158821383700737 2.953364869981922
0.8821017879819775 3.24293647026963 3.044270816264669
0.8821017879819775 6.630647221466145 4.69603132261471
0.8821017879819775 7.479532316480535 5.252282946857563
0.47416880424820507 2.6384229399428354 1.4887450585585642
0.47416880424820507 5.090746044303142 4.065250441628082
0.47416880424820507 2.1727443070412105 1.2581267286142075
0.47416880424820507 0.47416880424820507 0.47416880424820473
0.47416880424820507 5.62304035871766 2.8505710601571845
0.24925294026180156 0.47416880424820507 0.3703614824083263
0.24925294026180156 2.613531876773838 1.4529165352605586
0.24925294026180156 5.7453994672890225 3.10113352561529
0.24925294026180156 7.125121009326259 3.7909942966339107
0.24925294026180156 6.071920226123709 5.618439390948351
0.24925294026180156 5.61285603930083 3.900256414158068
0.24925294026180156 7.618752498807018 6.339008074599751
0.24925294026180156 6.985225835090118 6.562573277841282
0.24925294026180156 6.658072481733086 6.325581813971913
0.24925294026180156 7.61846589235156 6.719342024729905
0.24925294026180156 7.265305158345043 6.262184892399356
0.24925294026180156 5.236262332885019 4.981498361946347
0.24925294026180156 5.182962001770516 2.9290857223426254
0.24925294026180156 4.870321758620605 2.784790225504204
0.24925294026180156 5.40404890976744 3.16171975878797
0.24925294026180156 5.457107388722367 3.415531971301653
0.24925294026180156 1.467681855015869 1.420819204448405
0.24925294026180156 3.606356828305597 2.9601585293301245
0.24925294026180156 6.8456211895236425 5.153255037438588
0.24925294026180156 6.510814453267361 6.21620566313111
0.24925294026180156 5.172284338571707 3.7469610763199794
0.24925294026180156 6.343828987698934 5.054419824306932
0.24925294026180156 4.057990470969358 3.911500565942144
0.24925294026180156 6.180865703174042 4.972938182044486
0.24925294026180156 6.280693400052915 5.022852030483922
0.24925294026180156 6.3560715138034105 5.159386027085794
0.24925294026180156 0.24925294026180156 0.2492529402618014
0.24925294026180156 5.3270266100022745 2.5928407878343274
0.24925294026180156 3.1293196385482642 2.777106623618468
0.24925294026180156 5.3274934500449795 4.475082039395714
0.24925294026180156 0.9039483807918072 0.576600660526804
0.24925294026180156 3.8498659687283987 3.1493395287920865
0.24925294026180156 3.9185757058092894 3.0798047795232275
0.24925294026180156 3.433603614307334 3.2435434634770854
0.24925294026180156 5.477538672204403 3.980602832809183
0.24925294026180156 5.5909308739466965 5.324484424665029
