3.2862814560461833 7.724017947241704 5.738009605226236
3.2862814560461833 10.38918665414479 6.7652005668015205
3.2862814560461833 10.384302657291128 7.454503394607103
3.2862814560461833 10.384302657291128 7.378850148516903
5.83749741201753 10.384302657291128 4.521437749362769
4.33591393410903 5.927738560656284 5.182302481627948
3.7865219009510693 5.927738560656284 4.755769526172924
3.7865219009510693 6.316808738633117 5.260416535975149
3.7865219009510693 6.316808738633117 5.999754121857189
3.7865219009510693 6.316808738633117 5.026015690943759
3.7865219009510693 9.172640089137793 6.0964908899297345
3.7865219009510693 9.172640089137793 4.188622174249172
3.7865219009510693 4.800219684463851 3.831492464347034
3.7865219009510693 7.095553898334611 5.313767438205014
3.184461825401645 7.095553898334611 3.8558135698115206
6.022553451824216 4.573422131557404 3.813522514500706
3.1604659979175236 6.022553451824216 4.041019413144612
3.1604659979175236 4.198569647857131 3.600147342397107
2.8481016135938657 4.198569647857131 3.124435846719488
2.8113392779953803 3.2564735280069788 3.038806503336766
2.8113392779953803 3.2564735280069788 3.2236463678367975
2.8113392779953803 5.273029598373238 4.2476310151127405
2.8113392779953803 5.273029598373238 3.3169128287898504
2.8113392779953803 4.463981788656589 3.5008881843098427
2.8113392779953803 4.458213510390678 3.628922768652757
