1.9011734416028117 7.649141073357228 5.820362545831371
1.9011734416028117 7.5737245559255 6.105073802013693
1.9011734416028117 7.5737245559255 6.0075737225061765
1.9011734416028117 6.664227129025495 5.554536020589646
1.9011734416028117 7.721770413131823 5.534145878842137
1.9011734416028117 7.716230365539101 5.615562284379511
1.9011734416028117 7.716230365539101 5.239119351541252
1.9011734416028117 5.740574793408232 5.2739427417986855
1.9011734416028117 7.401300229852792 5.9930965445372815
1.9011734416028117 7.606867801316795 5.676321729971217
1.9011734416028117 7.082469610963813 5.142499974028435
1.9011734416028117 7.082469610963813 5.009664896780705
1.9011734416028117 7.082469610963813 6.131612666227392
1.9011734416028117 8.054624046150646 4.961586140239949
1.9011734416028117 8.054624046150646 4.5368995272253265
1.9011734416028117 6.665082421994978 4.560369858596405
1.9011734416028117 5.21654346357467 3.434066532377
1.9011734416028117 3.5630914022754507 2.4576849174766155
3.2329999862884695 4.943195398404409 4.081536623295875
3.2329999862884695 7.070906645652563 5.341057784728424
3.2329999862884695 7.070906645652563 4.312152889324263
3.2329999862884695 6.347009805715736 4.567222054295315
3.2329999862884695 6.629029499018589 5.468112618920032
3.2329999862884695 6.274042582713971 5.858518813359631
3.2329999862884695 6.274042582713971 5.231675787468425
