2.9525226397159945 7.738431475914094 5.2811762756642615
2.9525226397159945 7.521081547187503 4.399183260521169
2.9525226397159945 4.0859688715280065 3.005849089354135
2.9525226397159945 5.668338614446569 3.142070209070572
1.7928222344114855 3.3188053384167486 2.3106138233682447
1.4263693436087235 3.3188053384167486 1.8889662821380115
1.4263693436087235 4.675620696950393 3.3366675071332326
1.4263693436087235 6.111778895834259 3.5775772626786813
1.4263693436087235 4.303136825081346 3.431290061464033
1.4263693436087235 6.323619883219386 4.7504242554966964
1.4263693436087235 6.5388543312421525 5.020910022984514
1.4263693436087235 8.374498284695024 5.352776060059198
1.4263693436087235 8.374498284695024 5.0786400946305434
1.4263693436087235 5.400945168571386 4.897367121658206
1.4263693436087235 6.606067630627788 4.1793133929136355
1.4263693436087235 6.606067630627788 5.318234922738231
1.4263693436087235 7.654529472938686 5.831991020511176
1.4263693436087235 7.654529472938686 4.291107065200228
1.4263693436087235 7.654529472938686 4.105529997314255
1.4263693436087235 6.149912928218399 4.66378182168237
1.4263693436087235 7.11356837838532 5.513034152867477
1.4263693436087235 7.048171293545218 4.297738003855526
1.4263693436087235 8.522039716449322 6.850411899592639
1.4263693436087235 8.522039716449322 6.02289403445532
1.4263693436087235 7.919734480129613 6.13455460451947
