3.4053391220171574 7.53818008587414 5.413001824841092
3.4053391220171574 6.50517107806656 4.776740018243414
3.4053391220171574 6.282279835680413 4.720127558732413
3.4053391220171574 6.282279835680413 4.512869725650673
3.0687668624357234 6.14372757321366 4.136689122629848
2.1201298823728085 6.14372757321366 3.2212220650999894
2.1201298823728085 6.14372757321366 4.987854438594629
2.1201298823728085 6.458761962592352 4.4975879641739605
2.1201298823728085 6.768600323845515 4.210362135825298
2.1201298823728085 2.3156360956176028 2.2930776863970506
2.1201298823728085 3.9795093860652426 2.8765532951383412
2.1201298823728085 3.9795093860652426 2.3721117524330984
2.1201298823728085 6.761313972428958 5.368514025846813
2.1201298823728085 7.685950265396761 6.701913210935615
2.1201298823728085 7.685950265396761 7.104458131494967
2.1201298823728085 7.5809964360107 5.526700579043306
2.1201298823728085 6.386644944619874 5.419765218164374
2.1201298823728085 8.176719294998826 6.305525922127983
2.1201298823728085 8.176719294998826 6.6307606614530625
2.1201298823728085 6.45161669395538 3.6023662327378863
2.1201298823728085 6.631923247181231 4.200958985480434
2.1201298823728085 6.631923247181231 5.066244101140305
2.1201298823728085 6.631354088350914 4.662948748575807
2.1201298823728085 4.257384403252377 4.056176264597988
2.1201298823728085 6.463712831016522 4.846327755056405
