3.021768727951877 7.746245606818789 5.912463619511471
3.021768727951877 6.472682270612278 5.508937956207307
3.021768727951877 5.939009027460141 4.696029023743372
3.021768727951877 5.5933556980217425 4.256178475977794
3.021768727951877 6.005029504627686 4.796436546214348
3.021768727951877 6.005029504627686 5.166199587073143
3.021768727951877 6.3611640331783335 5.707376064892203
3.021768727951877 5.912298940368768 6.563778671787166
3.021768727951877 7.6708801456660325 5.882970025908633
3.021768727951877 6.126933340398491 4.597817374082421
3.021768727951877 6.963560880394944 5.684130237832656
3.009127040150482 5.535147449282849 4.033679757159779
4.3163750090204225 7.4420489724153285 5.964436161495887
4.3163750090204225 8.335367001677346 7.11821199472112
4.3163750090204225 8.335367001677346 7.588182380053014
4.036617083144602 7.188810769508638 5.717521142915221
3.1437382156305245 6.959001814599855 3.8934248116708834
3.1437382156305245 5.951535112781169 4.459093253485357
3.1437382156305245 7.162736156492938 6.404680447064992
3.1437382156305245 11.182378084667734 7.169321196623317
5.962028156324873 7.162736156492938 4.718730434183058
3.1437382156305245 6.2298009203464275 5.544161022819883
3.1437382156305245 9.041381032838666 6.809993772435949
3.1437382156305245 9.041381032838666 5.806665047466949
3.1437382156305245 5.962028156324873 5.833557226659503
