2.4973238732363723 7.728741680315995 5.367712574403834
1.6378181128441907 6.626900188226056 3.3487134528708014
1.6378181128441907 4.553212940754133 3.545543193418249
1.181274979237394 5.274968497515221 3.0286752312717105
1.1674474136245547 5.274968497515221 2.297855729418718
1.1674474136245547 5.796369434869693 3.87815701072945
1.1674474136245547 4.072381420930679 3.509711383586563
1.1674474136245547 6.323230040979791 5.296333861683579
1.1674474136245547 5.476681109119781 4.929287896134641
1.1674474136245547 6.678649557431935 4.507003773350307
1.1674474136245547 7.445877434994705 5.598201772658523
1.1674474136245547 5.673810913870767 3.4193930041538563
1.1674474136245547 5.9441127593117855 1.8409977799007202
3.39797957393056 3.0988452729515967 1.9838734877567792
1.1674474136245547 6.8012358771946335 3.959355905658739
1.1674474136245547 4.533722161822027 3.389829427477428
1.1674474136245547 5.369385856673514 3.4415534308398295
1.1674474136245547 5.369385856673514 3.083567252000913
1.1674474136245547 6.34070605992483 4.393472235017099
1.1674474136245547 6.3971256095704305 4.482364336453677
1.1674474136245547 6.291446381487649 5.582999922188777
1.1674474136245547 7.121107502781484 5.958633972847258
1.1674474136245547 5.519667595899513 4.592293302992104
1.1674474136245547 7.502283907946941 4.5596259394662635
1.1674474136245547 5.397022236018866 4.699225673550499
