2.406425904932981 7.516948832952814 4.916222747493092
2.406425904932981 6.314236924181486 5.442017411582044
0.4948709267079221 6.314236924181486 3.678930482079235
0.4948709267079221 5.76027530714353 3.8436881228040387
0.8441295171651615 5.76027530714353 3.320130124691687
0.8441295171651615 5.230208212085202 3.3853899107754923
0.4948709267079221 5.230208212085202 1.5689180497423982
4.822855139113468 4.969521951152309 3.2548298792268833
0.8441295171651615 4.887578893277478 3.349014441961562
0.8441295171651615 5.540306873040617 4.161472562369909
0.8441295171651615 4.822855139113468 2.724773746669626
0.8441295171651615 3.2198993994141785 2.0330582939387365
0.8441295171651615 3.6339451263801483 2.060861446660895
0.78071789448293 4.030431139987417 2.3070893799580725
3.4198746978682775 5.422579975195667 3.4942320313893758
0.78071789448293 5.422579975195667 2.1239096791397496
3.4198746978682775 5.834941448699134 4.050533370664586
3.4198746978682775 6.563860485541991 4.571786875636923
3.4198746978682775 5.697101556649727 4.660099565277111
5.787735058291702 5.697101556649727 1.9215045753443707
0.78071789448293 6.342084930142736 4.208430768146065
0.78071789448293 6.342084930142736 3.0890521704942797
0.78071789448293 5.368753016802419 2.9955755517955556
0.78071789448293 3.3461376231553257 3.172349391199972
0.78071789448293 5.346632746185115 3.8759383816157498
