3.5510357608475336 7.601942699010152 5.600987239148175
3.5510357608475336 9.270797898593045 7.925147568865606
3.5510357608475336 7.650481092757309 6.252112695462968
3.5510357608475336 7.650481092757309 4.962862341095201
3.5510357608475336 7.439961993656308 6.3202427992506225
3.5510357608475336 7.39166548926698 6.383320302791782
3.6672943573470644 7.39166548926698 4.457968145589693
2.3416103126711154 6.277816659648064 4.409533115881573
2.3416103126711154 6.119751376502823 3.844645825828184
2.3416103126711154 6.310126477612197 4.0486993216264455
2.3416103126711154 7.640230443836861 3.9274206446546875
2.3416103126711154 5.926399541022196 3.145811404609587
2.301635332441738 5.053150590505055 3.3902237556970003
2.301635332441738 6.279665260637582 4.92009401960628
2.301635332441738 5.6095033275854185 4.477018080241807
2.301635332441738 6.712872923516333 5.810668816453125
2.301635332441738 6.712872923516333 4.178491703054935
2.301635332441738 6.712872923516333 4.494349330911136
2.301635332441738 6.678762991241513 5.534186193843892
0.7972761341144019 6.678762991241513 2.7075106771990436
3.466714032932235 6.806493867771888 3.5707612419563186
0.7972761341144019 3.466714032932235 2.3948620225070973
0.7972761341144019 5.561386026302394 2.927605907615472
0.7972761341144019 4.434123341694249 3.6807137689395963
0.7972761341144019 4.97868308099714 4.1511204459220306
