5.820717352624829 7.629921886193944 5.801237874240436
5.820717352624829 6.337343379158366 5.47334951692484
5.820717352624829 7.637062844206541 6.048176335480524
5.203063844557615 7.637062844206541 5.985679916665585
5.203063844557615 5.629246153263672 5.49388079603459
5.203063844557615 6.304159412270508 5.775683525332829
6.651406218322215 5.5730421858643915 4.851236064977079
3.6139240392745475 6.651406218322215 5.754340610981037
3.51977367067007 3.8422985866581247 3.67225249222627
3.51977367067007 6.242021656856263 4.391013843001671
3.51977367067007 6.125355884732567 5.380276558119665
3.51977367067007 6.125355884732567 5.326173256882792
3.51977367067007 6.125355884732567 5.763011086987916
3.51977367067007 7.3824168478269225 6.76938543321444
3.51977367067007 7.3824168478269225 6.392540231084824
3.51977367067007 6.683572367388823 5.387260624735997
3.51977367067007 5.5496238080316225 4.983924615387732
3.51977367067007 6.4079739037376875 5.049611139999953
2.605249839146247 5.5496238080316225 2.839289444716002
1.8942155978555033 4.993409949226486 3.2874556205075445
1.8942155978555033 6.629383759002767 5.812476482670546
1.8942155978555033 4.637531232567131 5.596949774038846
1.8942155978555033 6.154433450681065 4.750878593717672
1.8942155978555033 6.154433450681065 3.7365371237911402
1.0111019255513018 6.154433450681065 2.6437208799659073
