3.2328227629954474 7.367571745021284 5.253412699051939
3.2328227629954474 4.590049830471521 3.4739222262811915
3.2328227629954474 5.983819227111674 5.0172019411709865
3.2328227629954474 8.124697444055803 6.65280474284612
3.2328227629954474 6.046679048430541 4.944822844769918
3.2328227629954474 7.192612730022702 4.998763003365697
3.2328227629954474 6.675542432065985 5.494471605842993
3.2328227629954474 6.8377978989389465 5.298546308969607
3.2328227629954474 6.8377978989389465 4.863867976614649
3.2328227629954474 8.705735588830558 5.938363355255104
3.2328227629954474 8.705735588830558 5.9869066701582945
3.2328227629954474 7.239746707562755 6.34973703271206
3.2328227629954474 7.287915107094488 5.489993110138197
3.2328227629954474 7.287915107094488 5.320196498271776
3.2328227629954474 7.4876035375505445 6.211889572830996
3.2328227629954474 6.578765902352728 5.369507321443886
3.2328227629954474 9.141728844715427 6.086671363158714
3.2328227629954474 6.021564551811455 4.545826251952744
5.456789538112634 7.50307945454057 5.46838255696785
3.2328227629954474 6.021564551811455 4.85501381286134
3.2328227629954474 6.361567038125717 5.79136664806887
3.2328227629954474 6.361567038125717 4.796663594431172
3.2328227629954474 7.571229112888274 6.472499090796434
2.618415564991516 7.571229112888274 4.350676722272843
2.618415564991516 6.445419266504484 4.637683209197145
