5.372404969517305 7.5668595511375525 5.401149482433365
5.372404969517305 7.387514358276464 5.237499240311812
5.372404969517305 7.021586706006879 5.874534732775967
5.372404969517305 7.221949581752149 5.6705394418956745
5.172777665111283 8.402962538816045 6.648920539919642
6.326829671515629 5.172777665111283 4.82937926866419
3.8425268629945113 6.326829671515629 4.850728581320846
3.8425268629945113 6.576431241760705 5.3068518280177965
3.8425268629945113 6.093545135083527 4.8913763121745895
3.718861209209241 5.564208728965699 4.030428154195466
3.1649189925826 4.533131336092541 3.706406012161624
6.2980965213896525 7.633360765944165 4.631258249867714
3.839854768898825 7.847759090007342 6.523485372993215
3.839854768898825 7.847759090007342 6.436728760986918
3.839854768898825 7.315143683389097 5.942098778841035
3.0991931217888724 6.967170064104778 5.190082571709301
2.861553623381145 6.967170064104778 3.3866102998703105
2.861553623381145 4.969164727357068 4.5071680499493345
2.861553623381145 3.7494439966101365 4.866699886511859
2.861553623381145 5.944089352030424 4.825386978625391
2.861553623381145 7.631053555252812 6.605066894247821
2.839043414876134 3.372251109169245 3.08600505103084
2.839043414876134 6.2588783347537 4.962360024113478
2.839043414876134 6.2588783347537 5.254835440882748
2.839043414876134 6.534683337460866 5.947557015357931
