0.7749212151114624 7.720143216982287 5.2671598850418375
0.7749212151114624 3.0073677274171016 2.015935542751526
0.7749212151114624 4.497010709973964 4.370983958429366
0.7749212151114624 4.964098919286823 4.856964718263123
0.7749212151114624 4.5506037734465465 4.3362452614862
0.7749212151114624 3.1420726985839456 2.875851246985988
0.7749212151114624 4.335229225074045 3.748326046480332
0.7749212151114624 3.9688924644149215 3.572484401363953
0.7749212151114624 6.474821857423791 4.495961010508126
0.7749212151114624 6.52591666233797 4.521508412965216
0.7749212151114624 8.036314009167826 5.678479970980592
0.7749212151114624 8.036792957399262 7.891325627402415
0.7749212151114624 8.078391130763158 7.854695521050162
0.7749212151114624 7.441394642080088 6.569785901870727
0.7749212151114624 7.298747317444198 5.662850005813437
0.7749212151114624 4.6399026323575505 4.4613117354643705
0.7749212151114624 5.010673713918262 4.307666128944949
0.7749212151114624 5.999704725940962 4.314031768173947
0.7749212151114624 5.1362547540168855 4.30515806848525
0.7749212151114624 2.586307572465057 1.902957569828358
0.7749212151114624 2.1653553552599516 1.7640962530706508
0.7749212151114624 4.566404252315671 4.0942779942577205
0.7749212151114624 5.918334660620538 4.311711792404317
0.7749212151114624 3.5196660841346845 3.3466013490399065
0.7749212151114624 4.802051251300625 4.546546533869662
0.7749212151114624 5.644534723454825 4.125202458841196
0.7749212151114624 6.906207384301744 4.8211962677126365
0.7749212151114624 4.552809506004731 3.8441486812737575
0.7749212151114624 5.588298986697154 5.429943806345031
0.7749212151114624 5.39211597455229 4.23893523594579
0.7749212151114624 8.375822265247981 7.618039515844969
0.7749212151114624 7.399502039627734 5.129288573144521
0.7749212151114624 5.720382204901448 4.280908168899487
0.7749212151114624 2.9795589877900786 2.910496560343802
0.7749212151114624 3.159634494567332 2.9893944491738607
0.7749212151114624 4.0439484360478595 3.431551419914123
0.7749212151114624 4.794123412662046 3.6846742964050283
0.7749212151114624 2.7359932680500383 2.696771826991267
0.7749212151114624 6.249600714858097 4.498075959293642
0.7749212151114624 6.306331232752473 6.140942434914564
0.7749212151114624 0.7749212151114624 0.7749212151114621
0.7749212151114624 5.551373458502514 4.389588708739191
0.7749212151114624 5.151054251168954 4.713369630183053
0.7749212151114624 6.095660736272919 3.4431522307346394
0.7749212151114624 5.420939062883466 4.390103397692189
0.7749212151114624 6.719967224646753 4.9852706544428536
0.7749212151114624 3.700929002350698 3.4757515432948294
0.7749212151114624 4.7448523323352845 4.342224570207303
0.7749212151114624 6.206364184659726 4.543108658243025
0.7749212151114624 7.324947806728488 6.565141747973578
0.7749212151114624 5.664464081849598 4.415719607851036
0.7749212151114624 6.6430711572156085 5.489232906641413
0.7749212151114624 6.462995461677998 5.9087527421049675
0.7749212151114624 6.071210480130123 5.7196147551148036
0.7749212151114624 6.621997495645147 3.7402559936975512
0.7749212151114624 1.0923975429713058 1.0860480164141086
0.7749212151114624 5.840260060242603 3.365022024704331
0.7749212151114624 6.408200852444654 5.28838848680315
0.7749212151114624 8.437312096058479 6.289206929949836
0.7749212151114624 4.391184825325418 4.270713786499159
0.7749212151114624 3.980353963872606 3.210956505225645
0.7749212151114624 6.620694031107693 6.3694028890902175
0.7749212151114624 6.253789851848779 5.114961392034933
0.7749212151114624 3.248993469607552 2.8865619408881367
0.7749212151114624 3.783340396020599 3.1300088787485048
0.7749212151114624 6.647666918211375 6.287581628354318
0.7749212151114624 6.647666918211375 5.473171632788351
0.7749212151114624 6.667824206448596 5.4445844612105425
0.7749212151114624 6.619203669306408 5.7324233820923185
0.7749212151114624 5.015256506535181 4.535420737391258
0.7749212151114624 6.937578039077678 6.6092074991732375
0.7749212151114624 6.937578039077678 6.432443559619223
0.7749212151114624 5.523656850441686 5.322326224076847
0.7749212151114624 6.682720208069625 6.3211862956988645
0.7749212151114624 6.682720208069625 6.564564228210454
0.7749212151114624 6.631128502195089 5.672721907314725
0.7749212151114624 6.711140839212941 6.150018756035713
0.7749212151114624 6.854993515913009 6.494418406705088
0.7749212151114624 6.377046189529228 5.98816057636315
0.7749212151114624 5.496381109214312 4.9642750690203945
0.7749212151114624 6.025996440291706 5.52570578152282
0.7749212151114624 6.250073696443373 5.389285662659026
0.7749212151114624 6.031872340874482 4.257982728374667
0.7749212151114624 5.522694085557397 4.013577165822465
0.7749212151114624 3.431186516595368 3.292027183246409
0.7749212151114624 5.5611007048612535 4.851723293069988
0.7749212151114624 7.439021033476218 5.854597475097839
0.7749212151114624 6.625832288712392 5.1585802104979495
0.7749212151114624 5.671565545593808 4.992347272556495
0.7749212151114624 8.984783439205314 6.513507111844389
0.7749212151114624 5.706305270192086 5.553118167798549
0.7749212151114624 5.161250522546222 4.436719626445585
0.7749212151114624 6.604087263895973 6.297731900905944
0.7749212151114624 9.77094355137444 7.5461091644318445
0.7749212151114624 7.9015378458485355 5.946164934481411
0.7749212151114624 3.5589487980691463 3.2894458540463902
0.7749212151114624 5.777599926126783 5.530395422153893
0.7749212151114624 7.761135663150069 6.5396886203291755
0.7749212151114624 5.845507488464698 4.999040452883272
0.7749212151114624 4.293308925726439 4.222941171514142
