0.1546506621869317 7.72354341004719 5.367000322941964
0.1546506621869317 5.403945791342519 4.174883370252084
0.1546506621869317 8.18700993839813 7.042703341582813
0.1546506621869317 6.042246634144096 4.680607929240278
0.1546506621869317 5.471385930817966 4.2693624279979625
0.1546506621869317 6.2508620520768865 5.628191830274699
0.1546506621869317 5.942184737037181 5.469936469808414
0.1546506621869317 4.520239252842725 4.153952067543847
0.1546506621869317 5.348293311886454 4.29851105742189
0.1546506621869317 4.269156332012017 3.964715305222112
0.1546506621869317 4.111644661644277 3.6364468499698437
0.1546506621869317 4.488396875291389 4.260094126203196
0.1546506621869317 6.175309600743855 5.134153020564437
0.1546506621869317 6.447831576322322 5.587971166736452
0.1546506621869317 5.885362254619768 5.29149207604116
0.1546506621869317 4.173541428302599 3.9603079792630678
0.1546506621869317 6.6127708869428155 6.108856844987048
0.1546506621869317 5.478758412087863 4.908446172969613
0.1546506621869317 4.521703109841155 3.7838220747669906
0.1546506621869317 7.504335714072921 6.575088001029374
0.1546506621869317 6.128433129335239 5.914654760355287
0.1546506621869317 3.980938223621543 3.6137496424976883
0.1546506621869317 3.1973951165058527 3.090742405663617
0.1546506621869317 3.1045676538772793 3.0176178788670605
0.1546506621869317 5.438580095832592 4.482244005182812
0.1546506621869317 5.34641317360537 4.442244229447997
0.1546506621869317 5.018571753540499 4.575975644566816
0.1546506621869317 6.639618509145631 5.342632198858347
0.1546506621869317 8.590368083923652 6.115598055881836
0.1546506621869317 3.256387170058876 2.8815360991041
0.1546506621869317 4.619587681535748 3.7962728503703875
0.1546506621869317 4.354209991322591 4.209833708160954
0.1546506621869317 7.248334538271006 6.790395351348931
0.1546506621869317 8.004426525172535 7.031394752543494
0.1546506621869317 5.06137743392194 2.6080140480544385
0.1546506621869317 5.338212896754733 4.10577019542418
0.1546506621869317 6.634182539117564 5.426563133515358
0.1546506621869317 6.258521408300947 4.569465087186937
0.041963085529563404 5.524796533060993 2.675976891877797
0.041963085529563404 3.851473715095779 3.177477548291774
0.041963085529563404 6.421723771296346 6.070137811399027
0.041963085529563404 0.041963085529563404 0.041963085529563404
0.041963085529563404 5.644254145547116 2.843108615538341
0.041963085529563404 3.273359773160863 1.657661429345213
0.041963085529563404 5.554104272603041 2.798033679066302
0.041963085529563404 4.9644209449754335 2.5031920152524973
0.041963085529563404 2.0343189804634716 1.0381410329965184
0.041963085529563404 6.441941908077084 3.113952920352373
0.041963085529563404 5.273143906291331 3.206278275261232
0.041963085529563404 6.269502644182751 3.10427411597145
0.041963085529563404 3.615733708030277 3.3680294829710316
0.041963085529563404 3.701416941833085 2.0180206952170305
0.041963085529563404 5.76771628604963 4.1403625371796196
0.041963085529563404 9.206868305098816 6.729779043528581
0.041963085529563404 2.6251003399258406 2.553408303915907
0.041963085529563404 5.632290583741732 4.96875958136964
0.041963085529563404 5.099394562432714 2.469530194443076
0.041963085529563404 6.925658134950389 5.025456502912875
0.041963085529563404 3.291993498084214 2.5395113826917886
0.041963085529563404 3.8224225523339865 3.349265661701767
0.041963085529563404 4.03571466197473 2.8336118213761923
0.041963085529563404 3.0119335965966596 2.6929009406630935
0.041963085529563404 5.573714171106936 4.039081707321865
0.041963085529563404 5.443101291624075 4.216558610876835
0.041963085529563404 5.528690843507476 5.301986974215009
0.041963085529563404 5.562204222497229 4.741070354737387
0.041963085529563404 5.121402427992049 3.9078116487966845
0.041963085529563404 6.4087029933168616 5.181493678497045
0.041963085529563404 5.890080572499311 5.1062710108308815
0.041963085529563404 6.612258480424934 4.9642235128330325
0.041963085529563404 7.239731222685853 5.576946960456357
0.041963085529563404 6.640067910788815 4.964209136677341
0.041963085529563404 6.653024988186285 5.863081229500566
0.041963085529563404 5.389751731901953 3.846766803773071
0.041963085529563404 2.5176934214990863 2.468178814779698
0.041963085529563404 6.186134963222344 3.9503268716827926
0.041963085529563404 5.660647524077238 3.5524312705547647
0.041963085529563404 7.571460554720417 6.067954155666724
0.041963085529563404 2.9729748685616006 2.4818528441865393
0.041963085529563404 3.1506601717599847 2.846114920912052
0.041963085529563404 5.8906103764034405 4.5385017821527
0.041963085529563404 0.3803558954113204 0.21115949047044164
0.041963085529563404 1.088281215047655 0.5441957876982471
0.041963085529563404 4.556386472984663 3.5923715024030867
0.041963085529563404 3.2073792486818538 1.6246711671057092
0.041963085529563404 3.3716483553621157 3.081046651805981
0.041963085529563404 5.766836643119216 5.523496132269377
0.041963085529563404 5.337987672456151 4.957511234571185
0.041963085529563404 5.650907427815341 4.626268758458553
0.041963085529563404 5.666427693306993 3.6976300666535606
0.041963085529563404 5.524598737304611 5.060493859019321
0.041963085529563404 4.928091391689232 2.9263658866840263
0.041963085529563404 5.790729346535553 4.604846422727666
0.041963085529563404 3.6600726609894463 3.070585865337488
0.041963085529563404 4.972631107135477 3.5905230405995368
0.041963085529563404 3.510930761635287 2.885818030698665
0.041963085529563404 3.3930629276648685 3.0531321460736973
0.041963085529563404 4.593479107270667 3.636043876492709
0.041963085529563404 2.4158277842262526 1.1814181409039746
0.041963085529563404 6.943410652696674 6.19376784046912
