0.3498771208435483 7.762349685089697 5.460515941327174
0.3498771208435483 5.179362045881987 4.863227090781551
0.3498771208435483 6.708373179478716 6.354673277444322
0.3498771208435483 7.66522581738705 6.105796375758024
0.3498771208435483 6.71779276606388 5.123603318581685
0.3498771208435483 5.0073432317951685 4.6124306112880324
0.3498771208435483 3.486448395121862 3.321411675432849
0.3498771208435483 7.640505614067479 6.868904193927015
0.3498771208435483 7.640505614067479 7.137374639199494
0.3498771208435483 7.4908497563827225 6.877121241554915
0.3498771208435483 6.644269013255347 5.678913955717558
0.3498771208435483 4.208699692905462 3.5290518064210032
0.3498771208435483 5.619461188759384 5.148989077934426
0.3498771208435483 6.824365553667201 5.459877219654524
0.3498771208435483 4.914099417275189 4.4840322988110035
0.3498771208435483 5.059857726982816 3.797137973520983
0.3498771208435483 6.422951962314549 6.2211994757181275
0.3498771208435483 9.216544797873098 7.021976542951965
0.3498771208435483 6.053574322369013 5.09310723913532
0.3498771208435483 7.407536172600402 5.770088164251018
0.3498771208435483 6.611546383533106 6.367388784677114
0.3498771208435483 7.513387012124301 6.164585888940799
0.3498771208435483 7.721513678579733 6.787536495870492
0.3498771208435483 7.779871040412928 6.431761767640551
0.3498771208435483 7.541053175129626 6.846121879199217
0.3498771208435483 6.4332479383818075 6.291412541608402
0.3498771208435483 6.233306942858562 4.565731406308711
0.3498771208435483 3.0887788640553926 2.621265530058988
0.3498771208435483 2.7939821384595196 2.479763101772969
0.3498771208435483 3.193599636070321 3.0963911093428744
0.3498771208435483 7.357838153813342 5.1809027219278105
0.3498771208435483 6.468186585896046 5.896043543641208
0.3498771208435483 8.73065979612628 5.040279943066022
0.3498771208435483 5.6226603315135755 3.48628021075967
0.3498771208435483 8.477033939012067 7.371717866242202
0.3498771208435483 6.666581238186012 5.5360325800396275
0.3498771208435483 5.892555028894439 4.644188996325435
0.3498771208435483 6.519200438842823 6.3365316682883055
0.3498771208435483 5.128276786977299 4.34435718482872
0.3498771208435483 5.811248796192032 5.607725599678847
0.3498771208435483 7.699371590772925 5.395754572457613
0.3498771208435483 7.1253488688801845 6.395522708739546
0.3498771208435483 10.763236804135822 8.16174046770036
0.3498771208435483 4.974750000762626 4.555197630144054
0.3498771208435483 6.765053074488291 6.118351554373387
0.3498771208435483 7.604538697399471 6.818414362994211
0.3498771208435483 5.74346525998342 4.76302266832425
0.3498771208435483 6.4267162356143395 5.342472631691669
0.3498771208435483 6.740028287107982 4.991295860748545
0.3498771208435483 3.978018489791872 3.6102909620904944
0.3498771208435483 5.449528009275259 5.04814451487975
0.3498771208435483 6.665532922065935 5.656146971275089
0.3498771208435483 3.4102031396964 3.2800549063383215
0.3498771208435483 2.9637181604485936 2.0282379608942667
0.3498771208435483 5.567661064390826 3.365537548015871
0.3498771208435483 5.69430071791388 4.035927346540289
0.3498771208435483 6.392835981699413 5.784752652153747
0.3498771208435483 10.180171730145036 6.4598204939740125
0.3498771208435483 5.787272940250116 5.03412322435504
0.3498771208435483 5.985017444018112 4.458194171005825
0.3498771208435483 6.393331632540644 4.718916083929041
0.3498771208435483 6.170859534177442 3.3665798642097884
0.3498771208435483 5.7693149160378105 3.1658075551399736
0.3498771208435483 7.989834437019759 6.074652281912336
0.3498771208435483 4.4017264382109005 3.988496082083115
0.3498771208435483 4.433679850027559 4.253988657869201
0.3498771208435483 4.288160180467582 2.319018650655565
0.3498771208435483 2.8012277070178837 1.5265254022072303
0.3498771208435483 6.026387621867563 5.0178437524224675
0.3498771208435483 5.433926155446592 4.947807610102357
0.3498771208435483 9.002805616425869 7.6734579632145445
0.3498771208435483 8.461567413974542 7.009334132566306
0.3498771208435483 5.875401760508861 5.743871277244044
0.3498771208435483 6.462801516937688 3.928718704243225
0.3498771208435483 7.861346511479272 6.108576108761798
0.3498771208435483 6.215282335500145 4.9633980074720485
0.3498771208435483 4.068658611302734 3.425648814138524
0.3498771208435483 6.340302951082943 5.147162280039485
0.3498771208435483 4.997862794670127 4.687717179065242
0.3498771208435483 7.090750584455874 6.462612964787178
0.3498771208435483 4.316402099163305 3.629476112937795
0.3498771208435483 6.318373703890341 4.5629693408531855
0.3498771208435483 5.019402551515288 4.873864535205536
0.3498771208435483 5.395788565986731 4.799046792758329
0.3498771208435483 7.783799178919072 6.824017138872324
0.3498771208435483 10.057376079073588 7.83019578248811
0.3498771208435483 5.504916197260798 4.306582194318466
0.3498771208435483 6.165633209754965 4.27834553564173
0.3498771208435483 3.6704606526392856 3.030759257083894
0.3498771208435483 5.858544082333424 4.185148248409363
0.3498771208435483 2.732099092944893 2.3779436535970317
0.3498771208435483 4.099166250214601 3.5379264147184055
0.3498771208435483 4.5732247802216435 4.0305998932257525
0.3498771208435483 5.262092023796786 4.689930801589062
0.3498771208435483 6.485867500673031 6.261728728725516
0.3498771208435483 6.336118260397537 5.636393102910797
0.3498771208435483 6.124547768530835 5.907001401045444
0.3498771208435483 9.104374282058036 7.483626597524488
0.3498771208435483 6.709079149855317 6.343805341075498
0.3498771208435483 7.287006730303185 6.344317368272519
