0.5037104964164887 7.595696296550498 5.273652094380541
0.5037104964164887 7.502096035334743 6.431729452777283
0.5037104964164887 6.314594572714483 5.314099476438834
0.5037104964164887 5.5767431631845845 4.902404406367429
0.5037104964164887 7.651999427875708 5.871282680030911
0.5037104964164887 7.390096087909756 6.938226889941394
0.5037104964164887 4.987473144621074 4.034537001215765
0.5037104964164887 2.8208460193014635 2.2976534986929464
0.5037104964164887 3.6228819224108695 3.2683191588032696
0.5037104964164887 6.403182687823101 5.403672290461011
0.5037104964164887 4.606451595181291 4.39090459091722
0.5037104964164887 5.027965637615651 4.631401188336596
0.5037104964164887 6.12265755533285 5.120806616856108
0.5037104964164887 6.2792469558657835 5.361919807937586
0.5037104964164887 6.170537679280066 4.835486812347291
0.5037104964164887 4.3566012220015615 3.8981261765961004
0.5037104964164887 6.813647634565605 5.316019209884016
0.5037104964164887 6.3187539505664105 4.8732948488843295
0.5037104964164887 6.546018114168135 5.539947783022268
0.5037104964164887 4.67018747819921 4.259536859126681
0.5037104964164887 5.905260985509095 5.012161631636289
0.5037104964164887 5.546298948027555 4.185076655599006
0.5037104964164887 7.725396226516871 6.8484972415905885
0.5037104964164887 5.41368003373794 4.221446716655721
0.5037104964164887 6.794227560206782 4.990915985463271
0.5037104964164887 9.23623481885969 7.745153215049499
0.5037104964164887 5.8650439962689696 4.526016901565615
0.5037104964164887 7.659239234718992 6.55303475134953
0.5037104964164887 6.310274492334898 5.11067667157205
0.5037104964164887 6.935505077890937 5.42329196435007
0.5037104964164887 5.931780398409032 5.130514631610314
0.5037104964164887 6.109998301129838 4.646039752179063
0.5037104964164887 5.562195200408901 4.8128138452111076
0.5037104964164887 6.213575028495782 5.444492212999684
0.5037104964164887 7.481095744325636 6.239145713515403
0.5037104964164887 5.22159338664547 2.768294283726399
0.5037104964164887 5.728476437465471 5.469644996054512
0.5037104964164887 5.750513723604012 4.939556242718069
0.5037104964164887 7.614187721769881 5.253212267766238
0.5037104964164887 3.2272492741025514 3.1430713114902304
0.5037104964164887 3.157671032038778 2.939774148193473
0.5037104964164887 5.5532583959216595 4.1375678301349135
0.5037104964164887 6.354938690685849 5.761402392170277
0.5037104964164887 5.760597501019706 4.072492236010402
0.5037104964164887 7.649780760771337 6.338305843905375
0.5037104964164887 7.778658211021641 6.574583752077424
0.5037104964164887 5.797576888456074 4.132614951958647
0.5037104964164887 5.721427288325341 4.480803083939988
0.5037104964164887 4.565877732527589 3.823961949398235
0.5037104964164887 6.177683613830524 5.0796083381304316
0.5037104964164887 5.517844306536414 4.792106274018513
0.5037104964164887 6.115880642821434 4.599912406735915
0.3496862820189084 4.40221325898694 2.297979715251516
0.3496862820189084 6.028611804647376 5.897759662028746
0.3496862820189084 7.283079579920782 5.812962767443509
0.3496862820189084 7.738038629603979 5.832481208556482
0.3496862820189084 6.656183700724714 6.466869365539743
0.3496862820189084 6.656183700724714 6.139504771284644
0.3496862820189084 7.252421717854208 5.7586760262056025
0.3496862820189084 11.089305084230137 10.83195760575198
0.3496862820189084 10.876322586979818 8.000107287562697
0.3496862820189084 5.47620604475366 5.15173637441609
0.3496862820189084 4.610650684096882 4.339049441026768
0.3496862820189084 6.083539822538892 3.4446264571679484
0.3496862820189084 6.256216469735822 4.881302518167043
0.3496862820189084 6.246480662533074 6.0957649310593105
0.3496862820189084 7.027739219097112 4.803159215553186
0.3496862820189084 5.516837214120425 4.077926253164378
0.3496862820189084 6.708263207161647 6.090504755981559
0.3496862820189084 8.594325250108492 7.383164991947768
0.3496862820189084 8.594325250108492 8.429432470746706
0.3496862820189084 11.614652061219449 9.116089047077656
0.3496862820189084 5.272058405512865 4.143676252656327
0.3496862820189084 7.139562435089644 6.710923316658875
0.3496862820189084 7.621545105465751 7.403359390843449
0.3496862820189084 7.6408601284492 6.961071584636111
0.3496862820189084 6.635539865230804 5.516519797223631
0.3496862820189084 7.697977878047338 5.948091285980138
0.3496862820189084 8.024202442630346 7.277701850940402
0.3496862820189084 7.728742863825712 6.755117419138682
0.3496862820189084 4.5683172004286945 3.086824768143002
0.3496862820189084 4.9328790817119845 4.61343144262291
0.3496862820189084 5.99692992342181 3.0603632298923014
0.3496862820189084 5.183291562769391 4.740909228098831
0.3496862820189084 6.620837821508054 6.0195842778230135
0.3496862820189084 9.36416070311609 8.367384534512055
0.3496862820189084 9.7913850657995 8.566562145428781
0.3496862820189084 5.772357755977307 4.463469759466962
0.3496862820189084 5.936959974192554 4.815433876081497
0.3496862820189084 6.745994996433975 4.784879941935139
0.3496862820189084 4.146252114505508 4.003199859235079
0.3496862820189084 4.497659857423088 4.209011835429898
0.3496862820189084 7.592638650084847 6.771138344340122
0.3496862820189084 7.183369166091499 6.42721942344396
0.3496862820189084 3.1939288421902607 2.5651675469302444
0.3496862820189084 4.559262053571139 3.8135295078262157
0.3496862820189084 4.587960125635874 3.1959200508106935
0.3496862820189084 6.490687694002347 4.162861287076267
0.3496862820189084 2.9821666695079796 1.694176577689867
0.3496862820189084 5.0851549930803195 2.6521384528350778
