2.4001771505349443 7.719591592894453 5.55870545052196
2.4001771505349443 6.034865487862387 4.915227313987059
1.9718961769934542 6.3580071931106055 4.085795084200518
1.9718961769934542 6.5978638945670625 5.319736016845081
1.9718961769934542 6.660797413556232 5.744716081888105
1.9718961769934542 4.903976625571207 3.9358231953405327
1.9718961769934542 6.162305650914675 4.712308296029425
1.9718961769934542 7.73335346608671 5.466411247311999
1.9718961769934542 3.5248233098080886 3.446316772298261
1.9718961769934542 3.429927320101019 3.4007666972388693
1.9718961769934542 3.429927320101019 3.168078891284091
1.9718961769934542 6.408213281330124 4.955583104440984
1.9718961769934542 7.78079536964403 6.801374669630766
1.9718961769934542 6.726311761113919 6.280644462198065
1.9718961769934542 7.265981619712054 6.388583787699341
1.9718961769934542 7.758589869172724 6.516927996464472
1.9718961769934542 7.7425398478576835 5.4363776141675135
1.9718961769934542 6.657760018322328 6.102908332878914
1.9718961769934542 6.657760018322328 6.564042741495756
1.9718961769934542 6.562634545395113 6.068082109452481
1.9718961769934542 6.38978794564548 5.157006119408478
1.9718961769934542 8.335247559572979 6.437765590501977
1.9718961769934542 4.647299764949203 4.590359374096563
1.9718961769934542 5.993345855876793 5.214161469741717
1.9718961769934542 6.509544264834055 6.245786360218273
1.9718961769934542 4.486599418454226 4.265937174654257
1.9718961769934542 7.348529431579694 6.376989564338371
1.9718961769934542 6.725876321987979 6.190597657389033
1.9718961769934542 5.966427029348864 5.810873011069474
1.9718961769934542 6.272926560491285 5.291229180411606
1.9718961769934542 6.592047461877801 5.494949137115096
1.9718961769934542 5.166903247902308 4.650289609563682
1.9718961769934542 5.43816239422835 4.932458806124363
1.2378133785001961 2.981118458935246 2.0892814730788847
1.2378133785001961 3.5886708230665403 3.3593457498023263
1.2378133785001961 3.577582663574621 3.4359254977721467
1.2378133785001961 4.033715080479819 3.9677211555294223
1.2378133785001961 5.63717018737923 3.941514021143579
1.2378133785001961 5.462394185112171 4.2364672655219
1.2378133785001961 6.500457885626545 4.874330540767569
1.2378133785001961 5.7267530305551055 5.062852547189745
1.2378133785001961 6.277198732656981 5.883264968142681
1.2378133785001961 7.213128540583638 6.320296856887841
1.2378133785001961 6.201094570837547 5.201216722587592
1.2378133785001961 3.103263890317614 3.0363950644957005
1.2378133785001961 3.1432796233836595 3.063770774875174
1.2378133785001961 3.1432796233836595 3.10517029848599
1.2378133785001961 3.302760528746529 3.1849107511674246
1.2378133785001961 5.441152324587037 4.3863304137601276
1.2378133785001961 5.969344149091917 5.306808772976512
1.2378133785001961 6.068239860719878 5.8234525589632185
1.2378133785001961 5.840881311365177 4.931384455623254
1.2378133785001961 7.578307417448254 5.130453028947731
1.2378133785001961 2.8752439138287653 2.7789212771379836
1.2378133785001961 4.314532780109346 3.787483022723025
1.2378133785001961 4.28463390257852 4.168614349893794
1.2378133785001961 3.7257527868840943 3.5522268273439432
1.2378133785001961 3.7227927565679804 3.581545351743133
1.2378133785001961 6.090146667949245 4.793014832318411
1.2378133785001961 4.5353764607544385 4.3636719189282624
1.2378133785001961 5.634949427305422 4.987507976926755
1.2378133785001961 7.288221742762591 4.740503138896883
1.2378133785001961 5.895257605996228 4.3959862707536015
1.2378133785001961 6.318772343715409 5.3343792570635955
1.2378133785001961 4.553224529020397 4.466733474762219
1.2378133785001961 5.738425383251094 4.531205153093867
1.2378133785001961 6.576951513110071 5.497342865566581
1.2378133785001961 7.083478321253153 5.720693058868557
1.2378133785001961 10.34308027373319 6.474668836528316
1.2378133785001961 4.933572825352275 4.037116488095098
1.2378133785001961 4.933572825352275 4.768820432913165
1.2378133785001961 6.140543222729022 4.914781208142654
1.2378133785001961 5.39065968234225 4.112907688385422
1.2378133785001961 6.056706678380426 4.6225622339549535
1.2378133785001961 6.020114731563421 5.892347033367791
1.2378133785001961 6.348620871773662 5.350305125655748
1.2378133785001961 6.646876068633624 4.462446477846131
1.2378133785001961 6.418508924459054 5.534061563990366
1.2378133785001961 3.7119370296317595 3.3513597443338905
1.2378133785001961 6.466284254035699 4.740977149026866
1.2378133785001961 5.864436090103663 5.669100175930163
1.2378133785001961 5.57006485477142 3.575366947512358
1.2378133785001961 7.766528820884382 6.916325078467195
1.2378133785001961 6.269363877706837 6.16770134600991
1.2378133785001961 6.4741482628818865 5.438338119153867
1.2378133785001961 6.249968842940827 5.1974729167750535
1.2378133785001961 6.639918172885281 6.270167391485392
1.2378133785001961 5.628951291524736 5.140312080974963
1.2378133785001961 6.577158454366124 6.344608536652316
1.2378133785001961 7.545391898621512 6.738561066360941
1.2378133785001961 6.127310103083708 6.02952016859204
1.2378133785001961 6.410732879856678 6.194662234939853
1.2378133785001961 5.991576136235871 5.1746139686550725
1.2378133785001961 6.693553398934725 6.404930198512725
1.2378133785001961 6.494862820618344 5.7501085342671585
1.2378133785001961 4.319753283705758 3.2065352761884514
1.2378133785001961 4.068634482117602 3.446651542077862
1.2378133785001961 5.1244290639843975 3.9971634937299543
1.2378133785001961 5.165983358960361 4.498643781594021
1.2378133785001961 6.660399305477831 4.97716697073662
