2.798023098502892 7.738909247812954 5.160766380398702
1.2635236879974916 6.511404681312502 3.9181541728651053
1.2635236879974916 7.0893055608695565 6.74937520034402
1.2635236879974916 5.500945838961275 5.360892201671452
1.2635236879974916 6.6021894369311696 6.342578946430551
1.2635236879974916 5.478639657209307 4.7123731827477835
1.2635236879974916 5.594034923472382 4.981333131633388
1.2635236879974916 5.974304306429108 4.9484220605611435
1.2635236879974916 6.423850162673379 5.529731142526519
1.2635236879974916 4.842025181366701 4.305090953469904
1.2635236879974916 6.9022690022630115 6.278803619804067
1.2635236879974916 6.9022690022630115 6.459062398708278
1.2635236879974916 8.074843890768006 6.633515989429012
1.2635236879974916 4.950512648600416 4.850361492946252
1.2635236879974916 4.897689895716205 3.5864749211698608
1.2635236879974916 8.681889940075179 6.919741421521074
1.2635236879974916 8.82474158331153 8.604948436651801
1.2635236879974916 8.681889940075179 7.554804802600256
1.2635236879974916 6.061777450986657 5.7487774541925205
1.2635236879974916 8.121009808759906 7.761865718241362
1.2635236879974916 7.684442937202743 7.424639084955138
1.2635236879974916 7.684442937202743 6.925295544608149
1.2635236879974916 6.590827832401523 5.57936389412317
1.2635236879974916 6.590827832401523 5.971447469003705
1.2635236879974916 7.763296460284147 7.012703928908112
1.2635236879974916 9.016336229652204 7.00877751912447
1.2635236879974916 6.623890999440853 5.812554904018793
1.2635236879974916 5.550119146163166 4.795892097851155
1.2635236879974916 7.585262541810861 6.648044278566114
1.2635236879974916 6.313982040533116 5.238726663655408
1.2635236879974916 5.525862254201641 5.382053223515469
0.7481690463654584 6.400652287861728 3.5847177599462365
0.7481690463654584 6.395367351253618 4.903265435495877
0.7481690463654584 7.090196318893765 6.14900624919096
0.16692349743462076 4.052132697823044 2.0434488245996807
0.16692349743462076 4.863496018099092 3.9731489897348875
0.16692349743462076 4.039312351441591 3.519168063134519
0.16692349743462076 0.7024840226177003 0.4239925495224986
0.16692349743462076 3.292919572369421 2.655056700674172
0.16692349743462076 3.8662627048911316 3.344730488117565
0.16692349743462076 6.578646721257503 6.4023056746780584
0.16692349743462076 4.496285414427948 3.3267784765054027
0.16692349743462076 2.811074208903787 2.6267314733592086
0.16692349743462076 5.736429755197232 4.07386176195185
0.16692349743462076 6.349639818998497 3.34149231533038
0.16692349743462076 5.6171405514305945 5.136754907888583
0.16692349743462076 5.469689476020374 2.853439201784096
0.16692349743462076 3.219317007511411 1.7282529675296125
0.16692349743462076 5.921365282601197 4.284164013949435
0.16692349743462076 3.6211526672401786 3.4456735900427042
0.16692349743462076 5.216980237931377 4.211670823974481
0.16692349743462076 5.666124621448489 5.549773696114044
0.16692349743462076 5.769954051111615 5.3987583285364495
0.16692349743462076 6.345036805865881 4.930801816427986
0.16692349743462076 4.909898396132217 3.9738355880022027
0.16692349743462076 6.4528637982911725 5.32514079803749
0.16692349743462076 3.210848621757617 1.6280075571096606
0.16692349743462076 0.8262056962575177 0.4833789528696109
0.16692349743462076 4.418529420664417 2.9702176129185567
0.16692349743462076 5.0902197592563745 2.842545183984358
0.16692349743462076 7.391606353192641 5.150531007991248
0.16692349743462076 7.746581049259435 7.5331902662915
0.16692349743462076 6.394884184026633 5.355726274173383
0.16692349743462076 4.22384340529511 3.6028853499036146
0.16692349743462076 3.2617646161864724 3.1718847606847955
0.16692349743462076 6.725031877380765 4.9315014244085775
0.16692349743462076 6.636235434292736 6.308545929487639
0.16692349743462076 7.704057736861708 5.24290639882642
0.16692349743462076 3.2262442577443697 3.123158317182116
0.16692349743462076 5.155177067461427 4.207263540094577
0.16692349743462076 5.889780963954976 5.122888596378578
0.16692349743462076 6.775778259145005 6.191166823388446
0.16692349743462076 5.87090957810031 5.756829856486993
0.16692349743462076 5.87090957810031 5.442071083027039
0.16692349743462076 7.75227665921938 3.959600078327
0.16692349743462076 7.680395882224088 6.771650414684131
0.16692349743462076 7.5117334522516295 7.111444767622332
0.16692349743462076 8.43455657827015 6.281021708554558
0.16692349743462076 3.0270664196221237 1.5397921000846233
0.16692349743462076 3.289266642589969 2.8584915459266074
0.16692349743462076 6.091972673011078 4.478844489206383
0.16692349743462076 2.7373249602534853 2.682056027162759
0.16692349743462076 5.433531480910034 4.467334299354937
0.16692349743462076 7.580702883999473 5.540920000899656
0.16692349743462076 5.645372287803877 5.020971017845372
0.16692349743462076 4.535751879495539 4.224087609848972
0.16692349743462076 5.932768056412932 5.594605351783165
0.16692349743462076 7.320183966386287 5.222493665290286
0.16692349743462076 3.726183227939256 2.300564363985295
0.16692349743462076 3.847136699277375 3.3899433958462635
0.16692349743462076 6.5924989894823725 6.45128577517337
0.16692349743462076 3.092173344285744 1.6295484208601834
0.16692349743462076 5.634227094009848 4.363755268065554
0.16692349743462076 5.463247931072193 4.753757265121973
0.16692349743462076 6.484865766555046 6.224858930948301
0.16692349743462076 5.909549991695709 3.8414256452119986
0.16692349743462076 6.654942491875001 6.092597974177462
0.16692349743462076 4.954340349951888 4.634911497572585
0.16692349743462076 4.558142771742045 2.3625331345883325
0.16692349743462076 5.021044482936652 2.496901570475596
