2.4515429540715705 7.702445775038315 5.4796929675698856
2.4515429540715705 6.28125885260506 5.2513740572531695
2.4515429540715705 6.28125885260506 5.386019294131386
2.4515429540715705 6.589349463153351 5.4159959892473974
2.4515429540715705 5.648364834161864 5.031321108132291
2.4515429540715705 6.666386961288811 5.545222581557497
2.4515429540715705 5.854451887710894 5.601377476582197
2.4515429540715705 7.4788633068770345 6.160339370502509
2.4515429540715705 6.664076495150393 5.078885282055137
2.4515429540715705 5.763103778177587 4.70855639497768
2.4515429540715705 3.7931965427529097 3.7630009219738345
2.4515429540715705 5.887553844456804 5.58757024839102
2.4515429540715705 5.674022334101874 4.3830935930113855
2.4515429540715705 5.745201009130117 4.169257780804086
2.4515429540715705 5.73518614527995 4.101531060021641
1.7960368781132279 4.226415061300152 3.024336091225855
1.7960368781132279 4.45901530096787 3.1275260895405506
1.7960368781132279 1.7960368781132279 1.7960368781132277
1.7960368781132279 6.282199565594979 4.614090246820466
1.7960368781132279 7.064147021545381 6.40935196929413
1.7960368781132279 7.544990801478919 6.885296378874239
1.7960368781132279 7.148014847287294 6.637238338874281
1.7960368781132279 6.5782598023512655 6.125111324330289
1.7960368781132279 7.3416119502604005 5.428371423951384
1.7960368781132279 2.8485677751135907 2.771166324140609
1.7960368781132279 4.984228744500669 4.417879602035264
1.7960368781132279 7.464157603141135 6.623624783320594
1.7960368781132279 6.0098167925011765 4.333950003102234
1.7960368781132279 8.777266948701117 6.416201271137267
1.7960368781132279 10.73049871310035 7.405581213012697
1.7960368781132279 5.450829819403207 4.360586454304379
1.7960368781132279 7.669791651467339 7.310574589442697
1.7960368781132279 3.0137392032987873 2.876584235023385
1.7960368781132279 3.060987043293267 2.5166686426527716
1.7960368781132279 4.930193702541143 4.303708387393634
1.7960368781132279 5.276709898054282 4.301692695979543
1.7960368781132279 7.0450598645367695 5.487330682163315
1.7960368781132279 6.947485800959477 6.264143611395679
1.7960368781132279 7.599967401893137 6.759239702656396
1.7960368781132279 7.401902135627926 5.434968732063201
1.7960368781132279 6.2726307926006974 4.892918487410131
1.7960368781132279 4.544854892579078 4.3714307745487835
1.7960368781132279 5.538834561982185 4.906863834369892
1.7960368781132279 6.238311251431661 5.189040715045687
1.7960368781132279 5.297912930647755 4.822405817577156
1.7960368781132279 5.729201427005499 4.2826799755991765
1.7960368781132279 7.287415704005905 5.967989759791185
1.7960368781132279 5.944213821043881 5.664866250761556
1.7960368781132279 5.958148563138877 5.671554926967152
1.7960368781132279 7.501423983814259 6.750549739937634
1.7960368781132279 6.113337965357694 5.777399648558329
1.7960368781132279 6.649513845670377 6.376480537331957
1.7960368781132279 6.4802555168287945 5.729422861794834
1.7960368781132279 6.299219180404098 5.617949479236794
1.7960368781132279 5.067539898901 5.002109838485247
1.7960368781132279 5.495742005424173 5.207646849616371
1.7960368781132279 5.542341396368737 5.149757927117212
1.7960368781132279 6.565887108513522 5.73491552208028
1.7960368781132279 6.9842237002633745 6.1239424963939335
1.7960368781132279 6.956068250807139 6.3250487958916155
1.7960368781132279 6.956068250807139 6.852867623353265
1.7960368781132279 6.985665598948245 6.128403571163968
1.7111656657979606 5.396206444000949 3.555383479145759
1.7111656657979606 6.54090800989329 5.234996887286835
1.7111656657979606 4.0214991021338165 3.7287293389751786
1.7111656657979606 6.999484630196422 6.043308259448146
1.7111656657979606 7.330362735033534 6.878334064665687
1.7111656657979606 8.100647297225455 7.054103343125348
1.7111656657979606 7.3472914794558815 6.702004668531268
1.7111656657979606 6.695535348282398 6.3669715466241845
1.7111656657979606 4.621909561147355 4.520430065638835
1.7111656657979606 4.621909561147355 4.166190192184824
1.7111656657979606 8.923862340928627 6.525221272623854
1.7111656657979606 8.923862340928627 6.434411453052268
1.7111656657979606 9.251252988191663 8.073295793379181
1.7111656657979606 12.365777481923143 7.786847483515269
1.7111656657979606 14.548549289029355 9.945234894651051
1.7111656657979606 14.548549289029355 9.219061982591867
1.7111656657979606 4.403919135330039 4.349656491101112
1.7111656657979606 7.238138853080468 6.2476181070408225
1.7111656657979606 7.0195590974416255 6.634277881660652
1.7111656657979606 4.376054007611469 3.454947566742226
1.7111656657979606 5.3936402461081805 4.843652252160529
1.7111656657979606 5.272331332504425 4.906994133363299
1.7111656657979606 6.20638145445254 5.646825048240969
1.7111656657979606 8.561118178890172 7.0798088078860335
1.7111656657979606 5.8523876559612305 5.085512011486043
1.7111656657979606 6.763384381992456 5.538924649596097
1.7111656657979606 5.0895332298415 4.595386784848257
1.7111656657979606 5.5942063185232485 4.788859361724065
1.7111656657979606 3.679112311189574 3.556098229404122
1.7111656657979606 5.599249095117827 4.372873874018546
1.7111656657979606 7.425209799800655 5.249335012266307
1.7111656657979606 7.311403028890551 5.511058244939616
1.7111656657979606 5.831254194700485 4.966797327431389
1.7111656657979606 7.422457780819288 6.512630145459457
1.7111656657979606 7.422457780819288 6.467843261544253
1.7111656657979606 7.304739024279202 6.786424116555299
1.7111656657979606 3.0931173363117357 2.942661469522875
0.20626298006044808 2.7289435324318707 1.4472476989134817
