0.5978011455592029 7.5977241619999845 5.457600248610922
0.5978011455592029 3.970216824013104 3.5436622851775947
0.5978011455592029 6.247002764478761 4.643744092703952
0.5978011455592029 6.6325577547646475 6.341019320039518
0.5978011455592029 7.295193310362244 6.879204648302196
0.5978011455592029 6.914875229500305 5.811034549482775
0.5978011455592029 6.101679884415024 4.463260698395607
0.5978011455592029 6.5063550538117525 5.7527304999196085
0.5978011455592029 4.512015901345393 4.271559045616837
0.5978011455592029 6.502079301681675 5.939422705072424
0.5978011455592029 6.571263616211699 6.293453685289186
0.5978011455592029 6.393887228486008 5.877489034965002
0.5978011455592029 6.1473541601083745 4.843270702983995
0.5978011455592029 4.948289205338252 4.216921360650391
0.47741842867073503 4.849830577121914 2.6660321572340946
0.47741842867073503 4.933871331035412 3.9243510096723235
0.47741842867073503 6.306730233444998 5.868636510852201
0.47741842867073503 6.5768351921850225 6.116998030533117
0.47741842867073503 7.418233184963201 6.773429238393122
0.47741842867073503 7.508529383539699 6.947122596399603
0.47741842867073503 6.758087584788498 6.438559275002105
0.47741842867073503 6.729964178535308 5.9282034828102175
0.47741842867073503 6.729964178535308 6.075632720483882
0.47741842867073503 7.259552832588376 7.035577763764066
0.47741842867073503 7.067781846001608 6.541418644358563
0.47741842867073503 7.151359660848469 6.581535995485057
0.47741842867073503 4.27180824121913 3.933367853207542
0.47741842867073503 6.593282307930519 6.396185874772051
0.47741842867073503 7.643761547014959 6.613419581320562
0.47741842867073503 8.558814687040503 6.774072461521939
0.47741842867073503 7.447335237304559 6.021408617594529
0.47741842867073503 4.767067979935071 4.43310825548227
0.47741842867073503 6.452146145011113 5.185653081782104
0.47741842867073503 6.287956560203124 3.9737536151410398
0.47741842867073503 7.570355219451466 4.8068009311608355
0.47741842867073503 6.407919855472755 5.428660012891932
0.47741842867073503 6.216070561394517 5.604412422332521
0.47741842867073503 4.452709111201397 3.7780643679207704
0.47741842867073503 4.25363300361456 2.617349939838677
0.47741842867073503 5.912644187363998 3.6567671777218127
0.47741842867073503 7.672660604614247 6.53637105745012
0.47741842867073503 6.638693272220866 5.130479519536301
0.47741842867073503 6.594441143418816 3.8106891471627558
0.47741842867073503 6.3359554874279915 3.681446319167344
0.47741842867073503 5.670008505275792 4.597035987444415
0.47741842867073503 5.564621648236841 4.346118168368021
0.47741842867073503 7.123379487597703 6.2234597746101255
0.47741842867073503 7.123379487597703 6.295569141986505
0.47741842867073503 6.903733172511561 6.214617800657411
0.47741842867073503 5.7825550185568915 4.959321708297456
0.47741842867073503 4.562644007602842 3.5667333385956503
0.47741842867073503 6.917930233465555 4.966876278328271
0.47741842867073503 5.744974082404465 4.369904275848603
0.47741842867073503 3.0997268043186534 3.0472806368056955
0.47741842867073503 5.258745804403677 2.8787174119884575
0.47741842867073503 3.2713056399963567 1.9247461330729445
0.47741842867073503 4.674511405622603 4.398063020492146
0.47741842867073503 5.661369942705843 5.300432839910584
0.07184061976025591 6.639693158899895 3.23252139472549
0.07184061976025591 5.475814552766828 5.361858290726206
0.07184061976025591 6.255523594692388 4.579096510313369
0.07184061976025591 3.6402939213446897 3.4711208914730296
0.07184061976025591 4.410566352945654 2.56630695407922
0.07184061976025591 5.9100833844045155 4.49786918891439
0.07184061976025591 6.262817918577291 4.394792485851686
0.07184061976025591 4.9187866127295194 4.630201769386286
0.07184061976025591 0.07184061976025591 0.07184061976025591
0.07184061976025591 4.90170341266942 3.801091648443901
0.07184061976025591 4.957584252149626 3.5790751295645116
0.07184061976025591 7.091532027483938 3.4412924954676214
0.07184061976025591 5.418985106579502 3.975705064242087
0.07184061976025591 6.3749255095765065 4.48821458430273
0.07184061976025591 5.577255475178902 3.9797075070419794
0.07184061976025591 5.6541824342041735 2.8630115269822136
0.07184061976025591 6.603424886804227 3.337632753282238
0.07184061976025591 7.511730546436896 6.259864235965865
0.07184061976025591 0.07184061976025591 0.07184061976025591
0.07184061976025591 4.899229013016985 4.0548889824135355
0.07184061976025591 6.347150786981036 4.736958544601583
0.07184061976025591 6.603656590755218 4.554086634366441
0.07184061976025591 3.3118011934160916 1.6270216951150571
0.07184061976025591 4.67337734960147 2.487934781736414
0.07184061976025591 2.6933861660925946 2.5920098564256464
0.07184061976025591 6.0985899879681575 4.810396476297493
0.07184061976025591 1.3042029686095913 0.6633745472079365
0.07184061976025591 2.8918651704668545 1.4254524040994243
0.07184061976025591 5.607956634259864 2.8398986270100592
0.07184061976025591 5.467265816831997 5.182398930477713
0.07184061976025591 7.7556347961536005 5.330620384753829
0.07184061976025591 3.3058507221069644 1.624165468886677
0.07184061976025591 5.57187019469043 2.711854815726739
0.07184061976025591 0.07184061976025591 0.07184061976025591
0.07184061976025591 4.887929648772996 4.586100654545687
0.07184061976025591 6.240657539530577 6.055919946627685
0.07184061976025591 6.531559971276561 6.141228009676121
0.07184061976025591 5.783837763735978 4.151438561363599
0.07184061976025591 7.624172229751558 5.380583203932762
0.07184061976025591 4.231732061829984 3.6650226569296147
0.07184061976025591 5.8744195683026454 3.883241566110591
0.07184061976025591 5.66926904758942 3.945647437168239
