1.515701005506362 7.595562695516975 5.627558246160194
1.515701005506362 6.33928337799901 4.935965002330782
1.515701005506362 7.749158379298581 6.867965674929402
1.515701005506362 5.931766066584533 5.837875872726273
1.515701005506362 6.5080723168183 5.992254839480573
1.515701005506362 7.523001300735663 6.462088666297928
1.515701005506362 6.6985130519298615 6.285504033251898
1.515701005506362 6.552239322168532 6.103497844466983
1.1076212904798415 8.612674211696163 4.868309345388535
1.1076212904798415 5.7711098248834425 3.3460957869935686
1.1076212904798415 6.877177729303973 5.18888846265713
1.1076212904798415 5.37426082175784 4.725554337997579
1.1076212904798415 6.19858449364769 5.213366355687645
1.1076212904798415 5.431850307624842 5.287547085471629
1.1076212904798415 5.566758630867064 4.836780700161928
1.1076212904798415 4.592161014083487 4.026295019762938
1.1076212904798415 6.488382114231872 5.471387409088169
1.1076212904798415 7.68435579620237 6.716662096377092
1.1076212904798415 7.68435579620237 6.458528442179118
1.1076212904798415 7.020133416718373 6.419074531478482
1.1076212904798415 7.008558301876294 6.747210284449607
1.1076212904798415 7.406218770821885 6.9460405189224055
1.1076212904798415 6.091293097438189 5.508643766049132
1.1076212904798415 5.26067809925118 4.771049107049041
1.1076212904798415 6.510503256403858 5.708726034993241
1.1076212904798415 6.357938544247979 6.062825357707992
1.1076212904798415 6.357938544247979 5.956640527623852
1.1076212904798415 6.02443600384694 5.508745541287856
1.1076212904798415 6.32302939984104 6.002891928971728
1.1076212904798415 7.7671484863848885 6.061237095138763
1.1076212904798415 6.388280144962202 4.86042003443391
1.1076212904798415 5.929478443294318 4.8390502987872
1.1076212904798415 7.447131106896132 6.871554698424546
1.1076212904798415 4.5814677243981805 3.742544984909648
1.1076212904798415 5.677254906082226 5.221079963307213
1.1076212904798415 5.965840337393235 4.635806882144806
1.1076212904798415 4.863576258450735 4.560646034511378
1.1076212904798415 5.116484956493917 4.214940215581793
1.1076212904798415 6.581673888715038 5.1440925585542745
1.1076212904798415 6.346707089953778 6.03671877995725
1.1076212904798415 5.94178383897874 4.840723636057483
1.1076212904798415 4.4532973540188365 4.343019324564
1.1076212904798415 7.761652532386288 6.371277124012747
1.1076212904798415 4.442170504126381 4.08565643342315
1.1076212904798415 6.637700797021335 5.536082065440907
1.1076212904798415 6.0111311788730895 5.205700544370574
1.1076212904798415 2.650890779448375 2.2485883513477005
1.1076212904798415 3.3075668058877103 3.073982555964536
1.1076212904798415 6.5901259569064194 6.072612341074001
1.1076212904798415 5.9333209961852695 5.400201743434589
1.1076212904798415 6.65720378738526 6.068977513076568
1.1076212904798415 6.484567919904396 5.4559973785010945
1.1076212904798415 6.667572073557391 4.900499723239265
1.1076212904798415 4.33948495831018 3.7364561656156625
1.1076212904798415 6.497984211470797 4.661961316869704
1.1076212904798415 4.362886746346714 3.9954261793689296
1.1076212904798415 5.6761742282250225 5.514371041885457
1.1076212904798415 4.617860937740719 4.531560359263279
1.1076212904798415 5.566810205314841 5.400126917245238
1.1076212904798415 6.216840037897203 5.802641343309325
1.1076212904798415 6.208806550076169 6.055558341472195
1.1076212904798415 7.579364219670673 6.034900367563341
1.1076212904798415 6.605514264013745 5.400479693311353
1.1076212904798415 3.958770988898355 3.6551315570377865
1.1076212904798415 5.418818146417724 4.631771573689667
1.1076212904798415 3.793207950897408 3.695841709607119
1.1076212904798415 5.679322174090618 4.88923140758539
1.1076212904798415 6.351988795578549 5.236786531399515
1.1076212904798415 4.562201556792257 4.377688656782089
1.1076212904798415 5.537367648214833 4.856849336591698
1.1076212904798415 7.612068727688037 5.520122680227868
1.1076212904798415 3.52486643869635 3.476521535732023
1.1076212904798415 4.376709869551338 3.9024432511595166
1.1076212904798415 6.600370907696679 5.533881782209611
1.1076212904798415 5.745805576192872 5.071534643068531
1.1076212904798415 6.52425891123243 5.457661982229752
1.1076212904798415 5.817672373056919 5.089727639700084
1.1076212904798415 6.62738871056262 6.12832952015823
1.1076212904798415 5.882483687120331 4.8092543671124535
1.1076212904798415 5.882483687120331 5.551649367552147
1.1076212904798415 6.663582037819655 4.631391581721233
1.1076212904798415 2.821439555516403 2.7871631902156735
1.1076212904798415 5.6166808434810065 5.407403067158897
1.1076212904798415 6.079191739729676 5.223332596297213
1.1076212904798415 5.755596333718618 5.506000542431378
1.1076212904798415 5.6532469872243425 5.450346344013191
1.1076212904798415 6.9209361169020625 6.506362247717508
1.1076212904798415 7.064416494660874 5.85037474149274
1.1076212904798415 5.912586040377278 5.160505962269234
1.1076212904798415 6.331387591533538 5.21973886300884
1.1076212904798415 6.349335747964535 6.235527380599344
1.1076212904798415 7.2606375116016455 6.692197634566171
1.1076212904798415 7.143746304458766 6.793903016333128
1.1076212904798415 6.456305331205272 6.2835505497602195
1.1076212904798415 10.542333838599278 6.768539875443379
1.1076212904798415 3.3721344142122445 2.6810797958106667
1.1076212904798415 3.949458176781875 3.469553991221336
1.1076212904798415 3.949458176781875 3.8926214390558385
1.1076212904798415 6.079879824356812 4.926865307530736
1.1076212904798415 8.219414531496625 5.55740276112594
