2.257163814592531 7.731749297108918 5.529874938134227
2.257163814592531 9.571204851470307 9.189076521705774
2.257163814592531 11.89126308875673 11.434149724955589
2.257163814592531 6.623794100513848 5.02504826776734
2.257163814592531 6.92414866729527 6.686638778186131
2.257163814592531 6.97175948093081 6.85461437705899
2.257163814592531 5.632870009569949 5.525641929688172
2.257163814592531 6.979843813314993 6.238842787542926
2.257163814592531 6.6980665815085665 6.5686327065099865
2.257163814592531 7.066186482081706 6.661734437459859
2.257163814592531 5.598764783984667 4.764891524561054
2.257163814592531 5.023330331357961 4.254698586026721
2.257163814592531 5.915571567081496 5.0702439863488165
2.257163814592531 6.27357666108518 5.362104823565794
2.257163814592531 4.3321344783084434 4.051295909975731
2.257163814592531 7.392505977019303 6.888280175444967
2.257163814592531 7.392505977019303 6.655494103746363
2.257163814592531 6.435788578196018 5.27836340030573
2.257163814592531 6.665481099699157 4.944011152054493
2.257163814592531 7.651682023502202 6.014327428484434
2.257163814592531 6.155682318784375 5.266327576125527
2.257163814592531 6.240590855477688 6.11941139239006
2.257163814592531 7.695722144208572 6.13591509374271
2.257163814592531 4.192970288821414 3.3280935791253587
2.257163814592531 7.745129261366378 5.39995005854753
2.257163814592531 6.416453787444279 6.052035213109573
2.257163814592531 6.416453787444279 6.217179796757295
2.257163814592531 5.590338777712002 5.457104840958224
2.257163814592531 7.618134809593757 6.6849941209152055
2.257163814592531 7.325579176405551 6.010670254643377
2.257163814592531 5.5409843702851695 5.006252891153135
2.257163814592531 6.229548507981054 5.317219716079735
2.257163814592531 6.140011463832462 5.768790471425828
2.257163814592531 5.9751037174031865 4.486272227022589
2.257163814592531 3.1461583327544145 3.1283784423911776
2.257163814592531 7.059643105492597 5.08512082876027
2.257163814592531 6.156441658894757 6.004214339846914
2.257163814592531 6.007958134571158 5.932942248171587
2.257163814592531 7.667553952810266 6.664069877416325
2.257163814592531 7.667553952810266 6.842534766629265
2.257163814592531 7.667553952810266 7.559346150045919
2.257163814592531 7.637870058602028 6.577957580755407
2.257163814592531 6.627173525117264 4.802713584134786
2.257163814592531 5.456141276391438 5.018842157807031
2.257163814592531 10.797961858294055 6.854514806429157
2.257163814592531 7.305041715933783 6.837036866823313
2.257163814592531 6.342322221142517 6.074972478769358
2.257163814592531 6.356637230125653 6.082129983260924
2.257163814592531 6.389230167716651 6.128044511907614
2.257163814592531 6.478432448228233 5.265153803184457
2.257163814592531 7.187599659185327 5.502167804906306
2.257163814592531 7.187599659185327 7.0394644055538755
2.257163814592531 6.990140782284813 6.154807173963839
2.257163814592531 5.7412497932953706 5.52447807970861
2.257163814592531 6.623683020235326 6.06682737701967
2.257163814592531 6.253926577982401 6.157147234163142
2.257163814592531 6.220238400879477 6.140976909153737
2.257163814592531 6.448156071478671 6.254935744453335
2.257163814592531 6.375214896326426 5.065706539521199
2.257163814592531 6.473254620452554 6.278964413862958
2.257163814592531 5.983537055989217 4.679022996357447
2.257163814592531 8.353410960407913 6.602382105723479
2.257163814592531 6.799841123245045 6.17484631243676
2.257163814592531 7.080169604279803 6.704666788014923
2.257163814592531 10.459014020877062 6.853381909067984
2.257163814592531 6.340739368339232 6.2540935007997405
2.257163814592531 7.144086015079727 6.3084266612127555
2.257163814592531 7.038849767086541 6.267820493795024
2.257163814592531 7.112761372899138 6.928478120058543
2.257163814592531 7.643739312719685 7.281138391643275
2.257163814592531 7.139359944242864 6.762594252704248
2.257163814592531 8.566582708924292 6.350166036434072
2.257163814592531 6.640825034276517 6.412724628742407
2.257163814592531 7.600408390415579 6.754774358770232
2.257163814592531 6.3835947828969175 6.20086072602034
2.257163814592531 6.2240484714235365 6.124278496513118
2.257163814592531 6.35682041739064 6.223348226778444
2.257163814592531 5.97905468284522 5.741842927250623
2.257163814592531 3.9909569309280397 3.2615277781166485
2.257163814592531 7.718709917629928 6.570722122776896
2.257163814592531 5.641196172045355 4.801973926948702
2.257163814592531 7.360603930763833 6.430800076018743
2.257163814592531 7.930173458759061 6.865592547582269
2.257163814592531 7.592141286769166 6.492060698472987
2.257163814592531 6.632602024093995 5.438882902135707
2.257163814592531 7.6034629738564465 6.417879364645228
2.257163814592531 5.572479678299491 4.895776873824891
2.257163814592531 6.519962062555631 5.071695006569506
2.257163814592531 6.494428713235266 5.463993804959288
2.257163814592531 6.719668867843843 6.468656671240376
2.257163814592531 6.14069915646315 5.271226422430516
2.257163814592531 6.504066667694133 5.44564282782139
2.257163814592531 6.4495907680666384 5.977933162640073
2.257163814592531 6.242015065891174 5.070956985549565
2.257163814592531 6.242015065891174 5.116334597907077
2.257163814592531 6.581755185160112 6.413554595760563
0.6163554191193552 5.216123059177036 2.9490554070576587
0.35218347593023624 3.770365745901327 2.0665580497795646
0.35218347593023624 7.355466448622124 5.1683902556695385
0.35218347593023624 6.292017940525543 5.016815963409676
