2.8296204685385367 7.775523859404773 5.481131984464171
2.8296204685385367 6.580416389632337 6.0725215567827995
2.8296204685385367 8.243493705944623 7.5481968930776215
2.8296204685385367 6.458941555418157 6.327781333638434
2.8296204685385367 6.341793955333888 6.056024711033083
2.8296204685385367 6.366900128477631 6.207242273483927
2.8296204685385367 6.232430571169065 5.241809491658881
2.8296204685385367 6.220650807509422 5.899579952919669
2.8296204685385367 3.3398798104732355 3.309525971144276
2.8296204685385367 6.4252256865785355 5.015794521262542
2.194024348547878 5.1219269133136365 3.6706875533305743
2.194024348547878 3.511879556175693 2.8265948482092322
2.194024348547878 3.896815611175477 3.0113641546091285
2.194024348547878 6.364699561717014 4.900676898662916
2.194024348547878 6.354698465059638 5.119381185720602
2.194024348547878 4.530653479583513 4.446236459711635
2.194024348547878 5.243362480603601 4.644600666632755
2.194024348547878 6.454506729168628 5.1504870709474035
2.194024348547878 7.181847025097891 6.732967229520847
2.194024348547878 6.149635594013841 5.818098387757634
2.194024348547878 6.9898508867647635 6.427064830611078
2.194024348547878 6.444648066679992 5.359795948955485
2.194024348547878 6.444648066679992 6.354815190329243
2.194024348547878 6.659614176705965 5.900621861277308
2.194024348547878 4.369707099287805 4.113153091956774
2.194024348547878 7.122132796818873 5.385944031164704
2.194024348547878 3.819667228453089 3.7552718351319463
2.194024348547878 3.662870487288242 3.531550773203657
2.194024348547878 5.431678782502331 5.317155208144634
2.194024348547878 2.8580207280178738 2.8190401622677697
2.194024348547878 5.245957261762619 4.924719712020188
2.194024348547878 6.276229993496489 6.186179812769196
2.194024348547878 7.303792207137617 5.392965354094518
2.194024348547878 5.750904949957128 5.655218233665395
2.194024348547878 6.3806224703840755 5.957882934900506
2.194024348547878 6.296515968056767 5.887053987062388
2.194024348547878 5.659684217436226 4.983267005769187
2.194024348547878 6.56135411684469 5.351653922711398
2.194024348547878 5.691644982777174 5.601660089344032
2.194024348547878 5.013424596368203 3.854450829983585
2.194024348547878 5.013244600055014 3.851442381894374
2.194024348547878 5.9625982879731545 5.412549965225576
2.194024348547878 5.047472359022194 3.9727668027035152
2.194024348547878 5.580647967353684 5.246327690811827
2.194024348547878 5.765292076130457 4.621688414214579
2.194024348547878 3.513023859475212 3.467399138965384
2.194024348547878 4.371695329271898 3.7885418879269133
2.194024348547878 5.107111384707036 4.5192739187148625
2.194024348547878 7.760249263180912 7.028956454522578
2.194024348547878 10.899715672778504 8.168742422859072
2.194024348547878 6.255806155279984 4.972918928807125
2.194024348547878 6.042093414559837 4.914128622060578
2.194024348547878 7.679943777199201 5.67410436991184
1.892665265509113 3.729691654877666 2.8172056418541653
1.892665265509113 6.110311927482119 4.83564885794043
1.892665265509113 6.401109527900196 5.091410178869898
1.892665265509113 6.073197516790081 4.909930874295167
1.892665265509113 6.4317863043150965 6.260028916475196
1.892665265509113 7.067222059500965 5.269649988261816
1.892665265509113 5.6697301741599695 4.436408429045385
1.892665265509113 6.790973283123826 6.556549555995429
1.892665265509113 5.934879940519295 5.506235039250049
1.892665265509113 4.808705564524239 4.645162605753583
1.892665265509113 6.225565756615406 5.461279857850673
1.892665265509113 4.571031979398459 4.413412507292414
1.892665265509113 4.536252111422183 4.396718170663803
1.892665265509113 6.483671666277825 4.961112096046196
1.892665265509113 4.262676983757945 3.7286622780255048
1.892665265509113 6.5334346034549995 5.663136530791258
1.892665265509113 7.6458104016715165 7.190908859703868
1.892665265509113 6.57061429785464 5.265809291589811
1.892665265509113 8.122524980001778 6.134020967105628
1.892665265509113 7.722007719142184 6.776208589006062
1.892665265509113 6.420216701542408 5.239645381176673
1.892665265509113 6.20581376651792 5.081234313555847
1.892665265509113 7.813846850678043 6.435395266469453
1.892665265509113 7.813731846844849 6.332074237573177
1.892665265509113 10.285916924401482 9.631913121477389
1.892665265509113 9.459012402693316 6.688616792877333
1.892665265509113 6.405160769236804 6.202158651167886
0.2704785378813779 7.678368629726583 3.858709516519631
0.2704785378813779 5.582346172013526 4.00501937576319
0.2704785378813779 5.7243496470119695 3.893011093478097
0.2704785378813779 5.754639660304072 4.617922771899841
0.2704785378813779 8.467369797571433 5.99600643510723
0.2704785378813779 5.599873063128353 4.239764288605373
0.2704785378813779 5.306789567353977 4.1870608449074345
0.2704785378813779 7.400679659718522 5.405187715109182
0.2384278375840272 5.591936954332237 2.915823409964079
0.2384278375840272 2.9024870196948425 2.7693349063258355
0.2384278375840272 6.601403786127371 5.432543424401748
0.2384278375840272 6.928127456088035 6.749033670098453
0.2384278375840272 7.743662268270791 7.372227626783329
0.2384278375840272 8.47993206520706 7.8291799057519595
0.2384278375840272 9.598428390768206 6.698549448553044
0.2384278375840272 8.986958807584998 6.105399702841626
0.2384278375840272 4.3266437680335414 2.4956504986763393
0.2384278375840272 3.7950952463444207 2.2368599873789607
0.2384278375840272 5.8022379279536835 4.422847324231929
0.2384278375840272 5.673473903099872 4.361040592302101
