0.027282289645615965 7.77408986229103 5.0880229938294095
0.027282289645615965 0.027282289645615965 0.027282289645615965
0.027282289645615965 5.6461471712651985 3.0470356054857235
0.027282289645615965 6.670460677320577 3.5387060883923054
0.027282289645615965 3.356996776499081 1.6255452433352797
0.027282289645615965 3.831364062723708 2.3181613610675003
0.027282289645615965 5.396158362996879 2.60434280485422
0.027282289645615965 6.181625691966683 3.1044539908061495
0.027282289645615965 0.027282289645615965 0.027282289645615965
0.027282289645615965 5.204081573267203 4.8483236920514265
0.027282289645615965 4.602401973393814 4.002228730321598
0.027282289645615965 4.464857013313452 3.7972746238304045
0.027282289645615965 0.027282289645615965 0.027282289645615965
0.027282289645615965 4.890842581563966 2.361791229766425
0.027282289645615965 5.714701432450628 4.366534429788046
0.027282289645615965 5.215281734247583 4.300825932992679
0.027282289645615965 9.214820343896855 6.806184592298969
0.027282289645615965 5.853881392273962 3.2893475812620476
0.027282289645615965 5.654883911940402 3.11500839686789
0.027282289645615965 3.0314030851924234 2.759622996084108
0.027282289645615965 1.2076322745028887 0.672692189906497
0.027282289645615965 5.365816136723492 4.47595941025289
0.027282289645615965 5.365816136723492 4.570733456391177
0.027282289645615965 5.36770742102944 4.428959463760158
0.027282289645615965 5.087524284855352 3.8345622970743256
0.027282289645615965 2.589532352030933 2.0865826429013627
0.027282289645615965 0.45253847481210885 0.4256388197999704
0.027282289645615965 5.106070461822792 2.9232293076564297
0.027282289645615965 5.922677704943716 3.8295950441845035
0.027282289645615965 6.517934649480935 5.927118974825521
0.027282289645615965 5.656837485430035 5.22355966988899
0.027282289645615965 3.1106135073806347 3.0118738652272627
0.027282289645615965 5.576079102881629 2.8402892305011456
0.027282289645615965 4.884414484753808 2.773561254307535
0.027282289645615965 4.422613539630962 2.2249479146382884
0.027282289645615965 7.005396659991305 6.13943238820803
0.027282289645615965 4.5779000540429315 3.8050557173969004
0.027282289645615965 6.255220372042579 5.625556578819486
0.027282289645615965 3.855260266935226 3.370261625917192
0.027282289645615965 6.481125885378773 5.8639428047517015
0.027282289645615965 5.138008285027123 2.5826452873363697
0.027282289645615965 5.5806594460228425 2.692903324706683
0.027282289645615965 2.585127456017226 1.3062048728314215
0.027282289645615965 6.967676427017839 3.3586714755842833
0.027282289645615965 6.253328720602973 4.382193066015179
0.027282289645615965 6.649355170294921 4.776287313205684
0.027282289645615965 6.307974298466224 4.250029326960434
0.027282289645615965 4.025135911474816 3.369542763668782
0.027282289645615965 5.663386781442107 4.388240193055358
0.027282289645615965 4.2654047589339115 3.692983852519099
0.027282289645615965 3.268525512201738 1.7489638554354223
0.027282289645615965 6.532590243109844 5.909989238357794
0.027282289645615965 4.136248561481306 2.081765425563461
0.027282289645615965 4.618014720601263 2.322648505123439
0.027282289645615965 5.47861847350141 2.643923657896397
0.027282289645615965 3.303896024097867 1.6655891568717416
0.027282289645615965 5.997072145889831 2.8927814206428395
0.027282289645615965 3.196508779947717 1.5485110049906254
0.027282289645615965 3.1549728717759646 2.0268366710879357
0.027282289645615965 6.463573876539922 3.24542808309277
0.027282289645615965 0.027282289645615965 0.027282289645615965
0.027282289645615965 2.5846566698679863 1.3059694797568022
0.027282289645615965 3.94636208281494 3.3148801570220012
0.027282289645615965 4.47108552828562 4.119847740777479
0.027282289645615965 5.134311187004549 3.986820163614425
0.027282289645615965 6.259392369066212 3.64976464750902
0.027282289645615965 2.7942538492415143 1.4240679416899635
0.027282289645615965 5.167647682626441 4.923930989693507
0.027282289645615965 6.456804654901063 4.614855393109275
0.027282289645615965 5.262023243635539 2.6446527666405775
0.027282289645615965 7.212168991841551 6.50966290996586
0.027282289645615965 6.984280010443497 6.210135752546749
0.027282289645615965 6.176507895442114 5.121681411573678
0.027282289645615965 3.2334125268679696 3.1371358660024122
0.027282289645615965 5.4236498583502595 4.71586187563951
0.027282289645615965 6.275111897142715 5.099569461287531
0.027282289645615965 5.663813768183239 3.6121872894758655
0.027282289645615965 3.10343945343913 2.8943441700188806
0.027282289645615965 0.027282289645615965 0.027282289645615965
0.027282289645615965 5.656403496895386 2.8418428932705
0.027282289645615965 3.884238869585531 3.2562688919625256
0.027282289645615965 3.662336738003884 3.2002704389017613
0.027282289645615965 6.795114245540335 5.803360094412266
0.027282289645615965 9.083286858141994 7.477168831193651
0.027282289645615965 3.7121339058446456 3.3731370584269365
0.027282289645615965 6.1133396278741685 4.756920960840523
0.027282289645615965 6.54428342035574 3.1554428323864765
0.027282289645615965 3.819715869277982 1.8476504078691522
0.027282289645615965 7.536491879031869 3.7818870843387447
0.027282289645615965 5.223784959085169 4.048795794692869
0.027282289645615965 2.5930112721704437 1.3101467809080303
0.027282289645615965 2.8424305656561164 1.3785534621306565
0.027282289645615965 2.963832525674562 2.7288840984700853
0.027282289645615965 2.888675501388502 1.4007510312822022
0.027282289645615965 7.761428249697914 5.603479195529517
0.027282289645615965 5.943655292339589 5.195593181859961
0.027282289645615965 3.0280210519779023 1.4676368955651136
0.027282289645615965 6.303081159447093 4.417457491609252
0.027282289645615965 5.271832987698797 2.5446666247111427
0.027282289645615965 6.609191069542458 4.608477472988225
