2.7853489653963384 7.761719185596752 5.5523677159319025
2.7853489653963384 4.568601432436605 4.3725594195022275
2.7853489653963384 6.535005187532207 5.519071469545244
2.7853489653963384 8.992257166989718 6.4014025226569835
2.7853489653963384 3.8787928468406645 3.5538976597696417
2.7853489653963384 5.388197829389053 4.510825201380573
2.7853489653963384 5.84675538723506 4.477916512832085
2.7853489653963384 6.220479058422811 5.3374668569061035
2.7853489653963384 7.333852220890787 6.102158562489518
2.7853489653963384 5.883526405115635 5.5974172752637426
2.7853489653963384 5.98956240433132 4.835205163628127
2.7853489653963384 6.828971649967347 5.851672251267249
2.7853489653963384 7.14866460369953 5.790958538308722
2.7853489653963384 9.80766836921451 7.306418016715632
2.7853489653963384 6.449491469481103 6.0843268117653615
2.7853489653963384 7.372233112731799 6.808106892103516
2.7853489653963384 6.664818226801163 6.624203459493102
2.7853489653963384 5.7722155272217925 4.75101452904198
2.7853489653963384 6.569143856754653 6.0908044373396315
2.7853489653963384 6.310341683740184 4.965550346312519
2.7853489653963384 6.428806718938713 6.0690925461300544
2.7853489653963384 5.86347806732692 4.933424306052476
2.7853489653963384 4.949475368949731 4.4855629838476485
2.7853489653963384 7.721082148083809 7.437016429863754
0.7868292728902522 6.450320077551506 3.5819249640993314
0.7868292728902522 5.776488086446065 5.670846547260602
0.7868292728902522 4.934392047766039 4.682558613561567
0.7868292728902522 6.798858713015173 5.866605603550714
0.7868292728902522 6.313237623758983 5.458033150736771
0.7868292728902522 5.522715541916757 4.931052846890811
0.7868292728902522 6.0919386674681775 5.271103419166683
0.7868292728902522 8.630937383308979 6.621126624806533
0.7868292728902522 6.384636029690132 6.154507039557398
0.7868292728902522 4.9773690224321285 4.159587756525135
0.7868292728902522 6.652371350784506 6.090035277217359
0.7868292728902522 6.446448307235574 4.642590236430161
0.7868292728902522 2.6511577542388314 1.9161222217025888
0.7868292728902522 4.942149833192609 4.072974239996967
0.7868292728902522 4.044241891602805 3.546133437465776
0.7868292728902522 3.765364418164545 3.446286022138393
0.7868292728902522 3.1867783290177134 3.162778838456447
0.7868292728902522 5.719647214057023 4.740277600177198
0.7868292728902522 7.306893779293782 6.432958076269014
0.7868292728902522 6.63116186639299 6.087620690766886
0.7868292728902522 6.469799233608828 4.07997766764628
0.7868292728902522 7.682049501697827 5.440751554741146
0.7868292728902522 3.4330499279214206 3.3177473999195204
0.7868292728902522 6.258435516234414 4.725086019816298
0.7868292728902522 6.396190648988739 4.749579804233354
0.7868292728902522 2.8983123589061077 1.8706165180502337
0.7868292728902522 5.495789054069615 3.8073699358233757
0.7868292728902522 7.6347142295879955 4.1949530485772515
0.7868292728902522 3.0971714644746027 2.83581854875143
0.7868292728902522 4.868998231737628 4.675464822231827
0.7868292728902522 7.215810442709161 6.751130814331512
0.7868292728902522 6.302209705971375 4.449704452509257
0.7868292728902522 6.146848018878018 4.761648778276256
0.7868292728902522 6.6617613431924525 5.002441464999116
0.7868292728902522 6.299480345199903 5.087780903585313
0.7868292728902522 5.434475143124775 5.128764386442846
0.7868292728902522 7.306738751009831 5.9700112770996565
0.7868292728902522 6.438805523448739 4.8048764120800005
0.7868292728902522 6.481245391821691 6.180353384700229
0.7868292728902522 6.291883307453066 5.491250358347604
0.7868292728902522 6.567642393755339 6.303614205109048
0.7868292728902522 5.694840836759379 5.069133601628987
0.7868292728902522 6.266559208862105 6.20826316716952
0.7868292728902522 6.275855004944265 5.980027374144669
0.7868292728902522 4.7862145554591145 4.643579567031899
0.7868292728902522 6.223539902776849 4.78112435930694
0.7868292728902522 6.49651011376702 5.87081039442009
0.7868292728902522 8.242667734113622 7.159095775816473
0.7868292728902522 8.321706373686675 6.206980662925389
0.7868292728902522 6.2800597638023525 5.938118865189629
0.7868292728902522 6.515518865171643 6.103003927207681
0.7868292728902522 9.960414205377221 7.405954657828789
0.1118599241949707 6.584445145445109 3.3549022283069885
0.1118599241949707 7.337955980792666 6.32061903406102
0.1118599241949707 6.638727659448314 5.43930725205978
0.1118599241949707 6.799666898338797 6.710753493193286
0.1118599241949707 4.102704585202559 3.8558563630909783
0.1118599241949707 6.576963042893691 5.670713810479161
0.1118599241949707 6.482758543529293 5.7012783172013375
0.1118599241949707 7.4808225804935 6.312447352591804
0.1118599241949707 8.414581748682057 6.821814694425622
0.1118599241949707 6.575983030178783 5.4581097698687
0.1118599241949707 4.255245628341104 4.171715375788221
0.1118599241949707 6.0693334565671755 4.829787214101269
0.1118599241949707 5.06248246499425 3.9752941645216238
0.1118599241949707 5.776695910319312 4.222510358307102
0.1118599241949707 6.6328125992153275 5.305861101480121
0.1118599241949707 5.603970269268931 4.82284887673635
0.1118599241949707 6.607705492940877 6.254847530400558
0.1118599241949707 6.296903568966719 5.001866725715637
0.1118599241949707 5.679763302699694 4.416638166087104
0.1118599241949707 7.651735082801768 5.382904338337124
0.1118599241949707 8.640631595444557 7.345393346448945
0.1118599241949707 4.305292697521391 3.747967266698321
0.1118599241949707 7.660503775580443 6.781416590934063
0.1118599241949707 6.74226299051783 6.639443614534007
