2.5206123006788137 7.7272072596840164 5.3921390577658705
2.5206123006788137 5.457380331866435 5.045309399376752
1.3661312997758128 6.021996630124459 3.6590501216556817
1.3661312997758128 5.697192475542035 5.112156790183018
1.3661312997758128 6.459812264652054 4.69429089394948
1.3661312997758128 5.967435282123645 5.365419877398763
1.3661312997758128 5.967435282123645 4.7262663759328865
1.3661312997758128 5.83138861179069 3.956451578597612
1.3661312997758128 3.9378848591366524 3.373829440778527
1.3661312997758128 6.4891174956402295 4.085101282277178
1.3661312997758128 3.9629227888730054 3.695958730994107
1.3661312997758128 4.696813244695523 4.004339927590706
1.3661312997758128 6.0026492725517855 5.245720818866527
1.3661312997758128 7.662590138613128 7.545237794242102
1.3661312997758128 8.072291121041799 6.947269310666945
1.3661312997758128 6.689554027006498 6.486260271461359
1.3661312997758128 6.352018820972429 4.7555524708133206
1.3661312997758128 6.136485809201712 5.564846873118125
1.3661312997758128 6.510680437108348 6.05713182412876
1.3661312997758128 6.3963302535202295 5.979433511307492
1.3661312997758128 6.145919351529336 5.946779102877237
1.3661312997758128 6.654034015265307 5.0957486945673125
1.3661312997758128 8.555849946350866 6.066389702900023
1.3661312997758128 6.081777673629624 5.377810457344245
1.3661312997758128 5.6839840412926925 5.480054956332058
1.3661312997758128 6.226105028717974 5.4913618251004745
1.3661312997758128 4.606709951798745 4.40736685071648
1.3661312997758128 7.16349376918939 5.246951757779867
1.3661312997758128 6.434459879416455 5.740251424462914
1.3661312997758128 5.971666205933733 5.40492383800186
1.3661312997758128 5.653697113928331 4.408190969281129
1.3661312997758128 6.412464448584455 4.644152157963307
1.3661312997758128 5.654852504462756 5.236195348779992
1.3661312997758128 6.630829506796562 5.052378123976075
1.3661312997758128 6.240478365060056 4.666026361895852
1.3661312997758128 5.525411957739312 5.466694078672511
1.3661312997758128 6.94308833508207 5.723532828114075
1.3661312997758128 7.292387599613404 6.92796241269684
1.3661312997758128 6.490104641185649 6.102116559514189
1.3661312997758128 7.295599737847835 6.9069908805915725
1.3661312997758128 7.413021676956079 6.752326515084511
1.3661312997758128 6.493580762226433 6.404155241632554
1.3661312997758128 6.589825384012727 6.160501495124945
1.3661312997758128 7.251719805009195 4.969552687533512
1.3661312997758128 7.258609045277902 5.440584529596022
1.3661312997758128 6.62607872210225 5.504341546322528
1.3661312997758128 8.84116109422327 7.214943679417908
1.3661312997758128 8.84116109422327 8.655685835291427
1.3661312997758128 6.09313466772846 4.982588853653883
1.3661312997758128 6.419640849910291 6.304907453490822
1.3661312997758128 6.851603372590924 6.593709142555507
1.3661312997758128 7.464116193609012 7.317008341515279
1.3661312997758128 7.464116193609012 5.177100121081599
1.3661312997758128 6.342997305944287 4.800791248968369
1.3661312997758128 6.432600236062349 6.152733672782257
1.3661312997758128 4.556567412770388 4.134000238294822
1.3661312997758128 3.136120553053065 2.8193263808110887
1.3661312997758128 6.2313977394401086 6.036109170119662
1.3661312997758128 7.654178485172338 5.887922186261204
1.3661312997758128 6.498717911837005 5.353940295383953
1.3661312997758128 7.565210131958585 5.605183816803893
1.3661312997758128 4.083762020340455 3.9003136656446515
1.0891189467314146 5.478465391202096 3.2865622924971998
1.0891189467314146 5.9775989917156345 5.680969110667668
1.0891189467314146 7.723437778322021 6.694641738120058
1.0891189467314146 4.6866901139459 4.310390000877194
1.0891189467314146 6.5084316706548435 5.223481420414213
1.0891189467314146 7.04553572394205 6.895621732620453
1.0891189467314146 7.682495927148258 7.298082055740984
1.0891189467314146 6.038338261566896 4.522917638046826
1.0891189467314146 3.67293869875541 3.1245546816766447
1.0891189467314146 6.153429369308469 5.863874910216305
1.0891189467314146 7.688382112389645 7.082868299565276
1.0891189467314146 6.4777591265015495 6.3609938343015635
1.0891189467314146 6.67681249976016 5.509389679279369
1.0891189467314146 7.734078547815775 5.700697543191557
1.0891189467314146 6.629247694838405 6.154777955156974
1.0891189467314146 5.842970967815841 5.1519780596337625
0.8704463785408447 5.229844623465269 3.0523322266849595
0.8704463785408447 3.1440306238924802 2.9925645691124587
0.8704463785408447 6.393150078775612 5.525063189048929
0.8704463785408447 5.782184205324221 5.103130164218443
0.8704463785408447 5.9253753256825235 5.275752316593107
0.8704463785408447 8.602379216637685 6.438846915140394
0.8704463785408447 7.393513784550681 5.3104262214731115
0.8704463785408447 4.559171583088148 3.6717920035732856
0.8704463785408447 5.803700051391523 5.542808630313954
0.8704463785408447 6.07315858200305 4.856007364482002
0.8704463785408447 6.751561366716684 6.155462806655047
0.8704463785408447 4.047565299388285 3.789289566663351
0.8704463785408447 5.09102293102783 4.527188607950016
0.8704463785408447 3.8361110677081425 3.564180692882559
0.8704463785408447 3.909504484333365 3.413209592325822
0.8704463785408447 6.766463230126709 6.386253748055608
0.8704463785408447 6.582659768539159 6.228992945151427
0.8704463785408447 7.613984494045161 7.488807447933042
0.8704463785408447 6.59942552606222 6.194809790903248
0.8704463785408447 7.772198228136144 6.601630117314772
0.8704463785408447 5.603113350550668 3.7187905923739226
0.8704463785408447 3.4906720191346925 2.7863427916892967
