2.421403828365428 7.748058356212251 5.446484750145618
2.421403828365428 7.547703735122045 6.013776207955799
2.421403828365428 5.235767635607711 4.553547679895911
2.421403828365428 6.086997484281927 5.822710464646902
2.421403828365428 6.434710222686736 5.424102973100719
1.9324201816390212 6.286057409432004 4.0705922597248545
1.4957028765524218 3.2288579154775765 2.349316018676619
1.4957028765524218 5.7570323341884055 3.869272555628579
1.4957028765524218 5.4955639110510255 3.7034969775977205
1.4957028765524218 6.441200976910668 6.01366001804872
1.4957028765524218 7.150902561511163 6.9417431266391665
1.4957028765524218 7.0485142770080955 6.426070043216424
1.4957028765524218 7.0485142770080955 6.1832046359901565
1.4957028765524218 6.2917335546821285 4.4959514317577165
1.4957028765524218 5.976534408708012 5.607675158167862
1.4957028765524218 6.109911967666875 5.8519633844976875
1.4957028765524218 6.666177539258889 6.545231768354707
1.4957028765524218 6.5140019839447945 5.336837509120429
1.4957028765524218 7.627151829767845 5.915952061706961
1.4957028765524218 6.379425454654715 4.504568531570986
1.4957028765524218 4.8850285024243405 3.742531768102426
1.4957028765524218 2.900525909368288 2.6313004317900055
1.4957028765524218 6.245403484215938 4.764788100287044
1.4957028765524218 3.7415132745321 3.3340378803828927
1.4957028765524218 5.443439383021534 4.96735200309929
1.4957028765524218 6.202438786481668 6.046985217399861
1.4957028765524218 4.560565165181831 4.462007665062746
1.4957028765524218 3.277688131728088 3.230054158933497
1.4957028765524218 7.157493334437522 6.2860081524299245
1.4957028765524218 7.656622210395339 6.908148087948854
1.4957028765524218 7.626252587044597 6.9361559348758695
1.4957028765524218 6.460963371565125 5.682724662784972
1.4957028765524218 7.651394593008046 6.546145399448023
1.4957028765524218 5.563508264559051 5.045659466466082
1.4957028765524218 4.565450561748264 3.8895368152293504
1.4957028765524218 6.8348280238926336 6.618274986379023
1.4957028765524218 4.718346563057619 4.167779719154908
1.4957028765524218 5.584072089801182 5.021646697416136
1.4957028765524218 6.884460849412209 6.03747665090667
1.4957028765524218 7.219685372975761 5.989314608626403
1.4957028765524218 6.235309944405703 6.109536320912259
1.4957028765524218 6.147276667730537 5.696504327877247
1.4957028765524218 6.697266762911802 5.742488212899852
1.4957028765524218 7.651437067473534 6.619430142540194
1.4957028765524218 6.31643917744891 6.241805884464059
1.4957028765524218 5.104567354816012 4.758141948860726
1.4957028765524218 4.804164726957573 4.237201503602217
1.4957028765524218 5.979156288473387 5.231545750854049
1.4957028765524218 5.7524985123993595 4.2108162562039295
1.4957028765524218 6.228753296595972 5.397241915544243
1.4957028765524218 7.119676342576167 6.548793685902768
1.4957028765524218 9.154332576054575 6.644424628905425
1.4957028765524218 6.492798121126867 6.2007090624866565
1.4957028765524218 7.462857544463949 6.615053808697816
1.4957028765524218 7.331708482513079 6.638861899040214
1.4957028765524218 5.6991793930831705 4.185633576128286
1.4957028765524218 3.507477513785027 3.165060721953107
1.4957028765524218 5.701054023387677 4.39648424781058
1.4957028765524218 6.811346415901895 5.587738826569787
1.4957028765524218 4.517104568271236 4.290886183400819
1.4957028765524218 6.695692191154031 6.322700357047786
1.4957028765524218 6.695692191154031 5.608540755634517
1.4957028765524218 7.230805102700192 5.3225298111250785
1.4957028765524218 5.542909541128637 4.635700510215755
1.4957028765524218 3.4139361254024903 3.2815173140200016
1.4957028765524218 5.8345780071162 5.257521986879396
1.4957028765524218 6.246604737351365 4.632798709326016
1.4957028765524218 6.470071393940515 6.3982160987404315
1.4957028765524218 6.556924356097845 5.509098732383651
1.4957028765524218 6.55136143643799 5.21329475009763
1.4957028765524218 7.555323874775491 6.017317307245761
1.4957028765524218 4.375839901715704 4.141377030557749
1.4957028765524218 6.662180889559316 5.874912192049546
1.4957028765524218 5.913778422960032 4.759890416658216
1.4957028765524218 7.611117083435698 7.041455356470035
1.4957028765524218 6.232940172937926 6.118224505364192
1.4957028765524218 4.606564713794139 3.8354343666543915
1.4957028765524218 6.2979027613410175 6.006995285774528
1.4957028765524218 5.590307075184825 4.424074214578016
1.4957028765524218 7.646430746412518 5.970995143406091
1.4957028765524218 6.991700961375869 6.658109684579781
1.4957028765524218 5.6303583809586115 5.260949964717929
1.4957028765524218 7.643225375374691 6.273944699149895
1.4957028765524218 7.408990220671258 5.797810931636281
1.4957028765524218 7.133611733753327 6.690854360594365
1.4957028765524218 5.816445229273501 4.341401238618438
1.4957028765524218 6.00730095560575 4.675537253762681
1.4957028765524218 8.51412784640534 7.251888392305362
1.4957028765524218 7.435505657850165 7.254418099820834
1.4957028765524218 6.026132269567441 4.54875573323063
1.4957028765524218 6.0718225177965195 5.857803447795215
1.4957028765524218 6.378725416859531 5.893974966635296
1.4957028765524218 6.162078998855481 5.772930213024508
1.4957028765524218 6.525503124835382 6.434286228116979
1.4957028765524218 4.536315549696049 3.952530231040961
1.4957028765524218 6.313905376406211 5.972923870543071
1.4957028765524218 4.563144299847654 4.400300422244901
1.4957028765524218 6.065408086136756 5.912362965584144
1.4957028765524218 6.276978232126432 6.11411072674672
1.4957028765524218 7.600336717537873 7.173423685029869
