0.16113199870985584 7.747479414786069 5.2730652054319584
0.16113199870985584 5.907011400459673 4.836124939734561
0.16113199870985584 7.743336175928503 7.2515742775697944
0.16113199870985584 5.624544849595534 4.714116477112887
0.16113199870985584 7.801086897779326 6.067827679233036
0.16113199870985584 7.681480424038254 6.857361192984396
0.16113199870985584 6.259654127716043 5.090099007218306
0.16113199870985584 6.926736716756533 3.4762783105527233
0.16113199870985584 6.635343425577194 6.318207609038352
0.16113199870985584 7.733471798862013 7.10868421421809
0.16113199870985584 5.087333946959774 4.256395217316558
0.16113199870985584 6.369247146372068 5.387933717594937
0.16113199870985584 5.717709087639083 5.657595533524533
0.16113199870985584 5.876530452022283 5.17731047228049
0.16113199870985584 5.125726063197192 4.496888575359413
0.16113199870985584 6.08787183084511 4.180269753039215
0.16113199870985584 3.5502089473171385 2.150048540987202
0.16113199870985584 7.246128749966928 5.722848090576383
0.16113199870985584 4.19737324552192 4.025733457035428
0.16113199870985584 5.599527672248964 4.084596116048391
0.16113199870985584 6.466243792738229 4.479479921221498
0.16113199870985584 5.633685233683348 4.403458297834214
0.16113199870985584 5.462383479653042 4.267874861520514
0.16113199870985584 3.250705851645002 2.8905871219266457
0.16113199870985584 6.551684064585423 5.302516508873259
0.16113199870985584 6.09648603723528 4.799311836774905
0.16113199870985584 4.438865241190268 4.028762445687272
0.16113199870985584 4.045338056857414 3.1639346633892944
0.16113199870985584 4.858696211888201 4.770475563905169
0.16113199870985584 6.079735548151529 5.519058634131041
0.16113199870985584 5.662309988956931 4.632906044749363
0.16113199870985584 4.043425337646756 3.71303262937272
0.16113199870985584 7.396127603308729 5.73613464658422
0.16113199870985584 6.087333802031818 5.047986247879262
0.16113199870985584 5.507114089634587 4.320957136833734
0.16113199870985584 7.218908614911747 5.815211917750415
0.16113199870985584 4.514665063204635 3.8214883740377537
0.16113199870985584 6.461903985110499 5.47389351629263
0.16113199870985584 6.357150084321017 4.534039163646176
0.16113199870985584 3.535105752483354 3.3258482975362016
0.16113199870985584 6.3570970972015814 5.720450471478459
0.16113199870985584 5.0956079281930045 4.641931151368425
0.16113199870985584 6.4768417280281305 6.289733801564945
0.16113199870985584 6.473647753567828 5.033959672300353
0.16113199870985584 6.541676395604828 6.471639195777943
0.16113199870985584 7.06435912397785 6.4873029935561375
0.16113199870985584 7.056251163769723 3.910156254749807
0.16113199870985584 6.192035286231409 4.763723632178636
0.16113199870985584 6.193312632246435 5.875297622439668
0.16113199870985584 7.334846839885497 4.918858206891379
0.16113199870985584 5.575823144353453 4.306973399387499
0.16113199870985584 7.568514052858477 5.333855514172667
0.16113199870985584 3.174864079626293 3.1025782510520004
0.16113199870985584 4.728812214405881 4.622623145393564
0.16113199870985584 6.241196998287286 5.371753702157792
0.16113199870985584 7.960146929142351 5.1027518317101475
0.16113199870985584 6.625973304074904 4.250011826294219
0.16113199870985584 5.989297626280731 4.8283971150435
0.16113199870985584 5.871202000292232 4.8723611666940965
0.16113199870985584 4.415493245311886 3.509629176929918
0.16113199870985584 5.984210532275995 4.516397033481696
0.16113199870985584 5.629183320798141 5.035886625045652
0.16113199870985584 6.21514948346211 4.6178871208239745
0.16113199870985584 5.108222041955141 4.753177153461565
0.16113199870985584 6.54154407885887 5.158334218623491
0.16113199870985584 4.464643028097182 4.161098986453846
0.16113199870985584 6.586515243511421 6.457582985886639
0.16113199870985584 5.504584231055194 4.667036483061459
0.16113199870985584 7.50065578095051 7.170596363720793
0.16113199870985584 5.314486204088372 4.8196072181886125
0.16113199870985584 6.2779094471980486 5.489065135323404
0.16113199870985584 6.667381153034029 5.826771287133115
0.16113199870985584 7.719922639947578 6.903123262646789
0.16113199870985584 5.560646818065042 5.007634011670958
0.16113199870985584 4.120775809226213 3.315887779867254
0.16113199870985584 5.083423618588878 4.44500814547583
0.16113199870985584 5.3949010060945675 4.273001581269698
0.16113199870985584 6.673987812575984 5.572492904972621
0.16113199870985584 6.230668838707807 5.103282541605693
0.16113199870985584 4.368033830435003 3.7231828424452647
0.16113199870985584 6.404966313925154 6.1694247429888955
0.16113199870985584 6.65914291474645 5.5518981998038965
0.16113199870985584 6.080638155542864 5.842643753307075
0.16113199870985584 4.539019836943339 4.456693796476157
0.16113199870985584 6.889147689579646 6.660826045602151
0.16113199870985584 6.445347898080687 5.990104582810968
0.16113199870985584 6.463742063739591 5.053387778133742
0.16113199870985584 5.307541221280548 4.645597099599694
0.16113199870985584 6.438317082284549 5.624235684188525
0.16113199870985584 5.0405145832832225 4.301682661744866
0.16113199870985584 6.684552757154464 6.4472822665634695
0.16113199870985584 6.464669606335423 6.340781416814075
0.16113199870985584 6.654149030570672 6.48898031921723
0.16113199870985584 6.396594948160104 5.231627164489324
0.16113199870985584 5.613572268068221 4.539787086646873
0.16113199870985584 5.754871212559081 4.465636613155808
0.16113199870985584 5.647764925301168 4.576050295299211
0.16113199870985584 6.490044768405461 6.388765893485826
0.16113199870985584 6.343709693729284 5.903879564895419
0.16113199870985584 7.726985618492128 7.056466829873825
