3.1166856984486633 7.6541254726254255 5.454562255362755
3.1166856984486633 6.266124760467822 5.742131218400622
3.1166856984486633 7.624124482094226 6.531700293160385
3.1166856984486633 6.456730992910497 6.040107006105757
3.1166856984486633 6.517046841785959 4.941783098448545
3.1166856984486633 5.852314936535127 5.096940624683966
3.1166856984486633 5.594548139830309 4.568505204713289
3.1166856984486633 5.916295699909227 4.741824532320137
2.6092596949457243 3.208865017923362 2.908140563239796
2.6092596949457243 6.994267116239895 5.164154135055228
2.6092596949457243 5.974874183915112 5.404602057049004
2.6092596949457243 6.624646243671666 5.521432611751375
2.6092596949457243 6.537618187866062 5.502724759993186
2.6092596949457243 4.310069615882529 4.055549813504761
2.6092596949457243 6.382533111971323 6.168031787154068
2.6092596949457243 6.455815687730876 5.505095233580802
2.6092596949457243 4.601750516285787 3.7494467419550843
2.6092596949457243 4.905391872389842 4.730609872563369
2.6092596949457243 7.0829653688050875 6.814000233223208
2.6092596949457243 6.510860245157026 5.964781683227006
2.6092596949457243 7.673373733894259 6.333071387803193
2.6092596949457243 6.719931459535157 6.58017414842417
2.6092596949457243 6.574487650382597 5.33370291587408
2.6092596949457243 7.601890153875328 6.947703728882947
2.6092596949457243 5.85223361723887 5.193072047580942
2.6092596949457243 7.219229425585951 5.777973040247348
2.6092596949457243 5.042999778133179 4.483744725560068
2.6092596949457243 7.675301351987718 7.514465022643805
2.6092596949457243 5.665561477139974 4.8857503355273835
2.6092596949457243 4.281546881078864 3.625927004840711
0.21175988262403012 5.842713068817943 2.994901941982265
0.21175988262403012 7.62071252262087 5.361378190108191
0.21175988262403012 5.055505617010908 3.8670435271441863
0.21175988262403012 7.065161394132325 5.873704545525286
0.21175988262403012 6.472874771452776 6.057071416817279
0.21175988262403012 6.078654407832111 5.9164305337825
0.21175988262403012 5.639722609466983 4.3930533997328975
0.21175988262403012 6.560133467909228 4.765622008489235
0.21175988262403012 6.333944002470602 6.1899238738518445
0.21175988262403012 7.645682130530259 7.135652065174088
0.21175988262403012 4.578605550647232 4.496677871217921
0.21175988262403012 5.6961005944101615 5.636139340255153
0.21175988262403012 5.476949474403568 4.322609487320998
0.21175988262403012 7.7335809367020865 5.444060507096485
0.21175988262403012 7.234366501095279 5.366254581898944
0.21175988262403012 7.298061090395349 7.077912659286423
0.21175988262403012 3.298807698977701 3.1434743685863453
0.21175988262403012 5.554139200661808 4.5053241366069985
0.21175988262403012 6.360168894272501 5.7924096088813375
0.21175988262403012 3.1244663977659823 2.886250183162243
0.21175988262403012 6.562396989341657 6.1313662172719035
0.21175988262403012 6.153044161259885 5.591617406588446
0.21175988262403012 8.177583860989193 5.416028401345702
0.21175988262403012 6.433077294628912 5.078019346111949
0.21175988262403012 7.0911214999436964 5.548209680065157
0.21175988262403012 6.933845542037016 5.429886205165079
0.21175988262403012 5.161471594757739 4.3079162139334795
0.21175988262403012 5.799898535370843 4.968117191465333
0.21175988262403012 4.303490043886619 3.8381112609286587
0.21175988262403012 4.9702792525630315 4.265037077588134
0.21175988262403012 6.4295378194230075 5.182579014299903
0.21175988262403012 7.67784171280783 6.52881115936038
0.21175988262403012 6.292796855767605 5.997758011517227
0.21175988262403012 5.416409976917901 4.982023644927764
0.21175988262403012 5.723447425615163 5.340019648301114
0.21175988262403012 6.207687651068504 6.08157018463868
0.21175988262403012 8.382407890955363 6.386266431154566
0.21175988262403012 3.9427692432005625 3.5421033545501923
0.21175988262403012 7.645879052914024 6.980787799775475
0.21175988262403012 6.386112037030067 5.002761568431825
0.21175988262403012 5.8488736089597 4.203596764835292
0.21175988262403012 5.924403415259043 5.1220818474673395
0.21175988262403012 7.028435390965928 5.6390832156141775
0.21175988262403012 5.793260557143224 5.279919558304337
0.21175988262403012 7.310960155507267 5.439443408930044
0.21175988262403012 6.265146756946741 4.664852629725673
0.21175988262403012 3.5910828272576905 2.845668060443448
0.21175988262403012 3.1376430117046223 2.5774539991842755
0.21175988262403012 6.2768213208241015 3.6957690842571185
0.21175988262403012 6.659915944366087 5.026864651298954
0.21175988262403012 6.520081855793549 4.404983795817021
0.21175988262403012 3.665770573108962 3.596109970232467
0.21175988262403012 4.549850875726207 4.106120324965145
0.21175988262403012 3.9556507165113293 3.682515213851116
0.21175988262403012 6.1240020712087535 5.314523126205721
0.21175988262403012 5.791658769565128 5.710047845471064
0.21175988262403012 6.907701238330969 5.684809113232972
0.21175988262403012 5.2702530618909975 5.023559521622117
0.21175988262403012 4.341813992040599 4.198669154416839
0.21175988262403012 6.574837957561208 6.1908683588724225
0.21175988262403012 5.678108050280439 5.454636820115704
0.21175988262403012 5.444101860272507 4.946506537553762
0.21175988262403012 6.171826798424114 6.090764753992813
0.21175988262403012 4.649963770970611 4.520521683365877
0.21175988262403012 6.7961271950165045 5.558398232603127
0.21175988262403012 3.778040395290159 3.7077026088566107
0.21175988262403012 5.493470037404858 4.781784457637494
0.21175988262403012 6.340312159544094 5.523350141554737
0.21175988262403012 7.405295364379731 6.0640164513594605
0.21175988262403012 5.706296356331318 4.770473559428773
