1.760911608224046 7.774952706193687 5.592594481177379
1.760911608224046 7.682110590458272 6.608867264986468
1.760911608224046 6.340137189246615 5.937355972351192
1.760911608224046 4.588484552267939 4.548263825338881
1.760911608224046 6.4111406053671764 6.281296102269352
1.760911608224046 6.484883146519202 5.879985867194237
1.760911608224046 6.140644606254167 5.721878003166515
1.760911608224046 6.661194916565822 5.1302376092122275
1.760911608224046 6.656411008723076 6.467252499842667
1.760911608224046 7.167655661458719 5.617853796931175
1.760911608224046 5.35278336748717 4.321232475815178
1.760911608224046 6.825343045020645 6.252655501628307
1.760911608224046 6.094594492041715 5.182566506866449
1.760911608224046 6.580941544493719 6.275803871898397
1.760911608224046 6.300550587161695 5.190182078683073
1.760911608224046 5.632359973004927 3.6912997072867846
1.760911608224046 4.771248760552023 4.573063332888931
1.760911608224046 4.3770555019497515 3.7537586346766454
1.760911608224046 4.512975628835591 3.7218286296395644
1.760911608224046 5.41957554318094 4.190401113992038
1.760911608224046 7.545084452844774 6.838130860988032
1.760911608224046 5.77794963764698 5.639837282368862
1.760911608224046 5.4795000260899265 4.674348467022422
1.760911608224046 4.854080601872397 3.823052203593247
0.292148940383957 3.0163265250278326 1.6689253593842956
0.292148940383957 6.113696241356127 4.612985451298402
0.292148940383957 7.477325431028779 6.357601799773358
0.292148940383957 5.381581698330844 4.644009941786707
0.292148940383957 5.191474915148049 4.43524534437184
0.292148940383957 5.885049936668555 5.427504207658278
0.292148940383957 6.2871590918999765 5.339118106573192
0.292148940383957 3.736905927974519 2.8411065393372668
0.292148940383957 5.860554734669776 5.368181046701904
0.292148940383957 5.67527595470062 5.614607265817715
0.292148940383957 6.592004553356709 6.258843172538734
0.292148940383957 7.609934869051214 7.507009969539326
0.292148940383957 6.543315452199558 6.293443303617654
0.292148940383957 6.168594485272063 5.726322808265009
0.292148940383957 6.324456197106407 4.425461597734559
0.292148940383957 4.470769142968123 4.412748971695912
0.292148940383957 6.420853624801246 5.5114310546904335
0.292148940383957 6.020967527861039 5.1609621228516245
0.292148940383957 5.937250798575711 5.402893567366756
0.292148940383957 6.2882480490585735 5.277984399852771
0.292148940383957 7.585847209299494 5.7715432046138275
0.292148940383957 5.666367277292153 4.902237360840209
0.292148940383957 6.100615975609635 5.12056573048601
0.292148940383957 4.251386121973201 3.690730634337667
0.292148940383957 5.947583813595209 5.047663666102994
0.292148940383957 7.604476314854466 6.426327499234568
0.292148940383957 6.457445021275362 6.388656287651583
0.292148940383957 6.264887704432972 6.098881367439756
0.292148940383957 3.569256301157243 3.4163240047840646
0.292148940383957 5.870764319238624 4.243578340763722
0.292148940383957 6.0639467077612 4.929994432443558
0.292148940383957 4.590270549070723 4.060570293275989
0.292148940383957 4.732459754535107 4.433510853225821
0.292148940383957 6.822867968166875 5.589683243038088
0.292148940383957 6.618444882006845 5.202275868430239
0.292148940383957 5.3254692400638355 4.829063143721008
0.292148940383957 7.1413007520074405 5.653957807826527
0.292148940383957 6.656621554174503 6.5108460715905645
0.292148940383957 7.21224525467542 6.770475845354005
0.292148940383957 6.608282223362835 4.503671486384886
0.292148940383957 5.715484991790007 5.540790412334238
0.292148940383957 7.664607111891799 7.562931236686435
0.292148940383957 7.753803336565802 7.072452639803407
0.292148940383957 6.495930008258622 6.2400032058402735
0.292148940383957 5.818420667519614 5.040519858945729
0.292148940383957 6.284658812919247 6.152635370407699
0.292148940383957 4.629508018737688 4.289967367683435
0.292148940383957 4.44912452399641 2.652149594454384
0.292148940383957 6.508865714784484 5.891589414826717
0.292148940383957 4.1797300699544095 3.672035241690876
0.292148940383957 6.652790963103474 5.730362794542138
0.292148940383957 3.788951688488972 3.246260202367799
0.292148940383957 4.2433052033463206 3.483591428969277
0.292148940383957 6.654918089748296 4.558679625431039
0.292148940383957 5.528753453261142 4.338600973306433
0.292148940383957 4.326750107837949 3.55060182216633
0.292148940383957 3.978389719538218 3.9293444310700836
0.292148940383957 6.1821172791023145 5.668332646470101
0.292148940383957 6.785770394913815 6.510619488186109
0.292148940383957 8.515106737719565 7.5703339205562035
0.292148940383957 6.252773674234131 5.614954177563033
0.292148940383957 2.722864222013531 2.1898193825658865
0.292148940383957 4.722844106906887 4.401272847086082
0.292148940383957 4.5781684761007 4.073019149028323
0.292148940383957 6.706929516165335 6.445664561313191
0.292148940383957 5.7568484611554815 5.5638047687964685
0.292148940383957 6.654888359133018 6.58694652926447
0.292148940383957 6.42811978312313 6.17367435875868
0.292148940383957 7.724470955453265 6.077299094481462
0.292148940383957 4.509448356496158 3.851927407713867
0.292148940383957 4.544390208681204 4.105647572357354
0.292148940383957 6.664317369065053 5.945484772324486
0.292148940383957 6.121080731018971 4.337212803089477
0.292148940383957 6.460829961479046 5.444071286913638
0.292148940383957 7.573586203493328 5.892117970198899
0.292148940383957 4.576167590503037 3.9850781092257246
