0.8888418812116083 7.7641235960584805 5.645780001059312
0.8888418812116083 6.0068521219867215 5.164009483742699
0.8888418812116083 5.603659191950552 4.964376260051855
0.8888418812116083 7.408960458294834 6.821857348056196
0.8888418812116083 6.363638120066167 5.224687847281285
0.8888418812116083 7.559027492210733 6.038036678298818
0.8888418812116083 6.470813673286937 5.156592366346563
0.8888418812116083 5.67367163649358 4.791096436663749
0.8888418812116083 7.410503215958453 5.91983964954302
0.8888418812116083 6.288068724329008 5.222502363822383
0.8888418812116083 7.599996807750532 6.94665675610951
0.8888418812116083 7.637372201910106 6.764850223242292
0.8888418812116083 7.5518063468692915 6.015588399190038
0.8888418812116083 5.456062266860421 4.53805020083561
0.8888418812116083 7.198831296854534 5.335532806742425
0.8888418812116083 5.60707972700375 4.882692974767788
0.8888418812116083 5.344074683126195 4.206767031479224
0.8888418812116083 5.8318763666260836 5.0784238816034035
0.8888418812116083 6.440751764872417 6.049388233090923
0.8888418812116083 7.78422732046096 6.060543296851714
0.8888418812116083 5.423716019103356 4.045615325354487
0.8888418812116083 3.9427996755638373 3.3318121926321203
0.8888418812116083 5.878715205082987 4.765778093208752
0.8888418812116083 6.756771386536402 6.408112059378308
0.8888418812116083 5.262491935073907 5.071793283251165
0.8888418812116083 6.416590910733145 6.084641259601695
0.8888418812116083 7.631659826143965 5.378183109106962
0.8888418812116083 5.686865207057714 5.0613551061969355
0.8888418812116083 6.933877376463272 4.532836481084397
0.8888418812116083 6.513362948927629 6.428092772254239
0.8888418812116083 6.437750088539989 6.29132841966582
0.8888418812116083 7.534251868739172 6.607655834006007
0.8888418812116083 5.686038402954388 4.775315234774836
0.8888418812116083 6.33994923361481 4.885509420544261
0.8888418812116083 7.4438676057929065 5.925274656131482
0.8888418812116083 6.079722083465345 5.598949053982294
0.8888418812116083 4.20855783241614 3.956120558483396
0.8888418812116083 3.807500426393901 3.522637692190221
0.8888418812116083 6.490830687162568 6.414762992243696
0.8888418812116083 6.431058315725906 5.602805323930401
0.8888418812116083 8.8051106346754 6.271603605264646
0.8888418812116083 6.397123827693989 6.282362966657811
0.8888418812116083 7.423102913655569 5.113357982120323
0.8888418812116083 4.436573359346902 3.63628536760171
0.8888418812116083 4.427068115670465 4.201569042290949
0.8888418812116083 7.234429695613526 6.786074075677428
0.8888418812116083 4.095193106178964 3.6447655757033504
0.8888418812116083 6.212214760341126 5.423167587316481
0.8888418812116083 4.533226223646995 4.369328640642963
0.8888418812116083 5.049665516283653 4.712280897770048
0.8888418812116083 5.724162450393997 4.750503912258743
0.8888418812116083 6.399332889468035 5.419355407261014
0.8888418812116083 7.535458683741938 6.682498615665917
0.8888418812116083 6.312554341692444 5.34947794539227
0.8888418812116083 6.5044213817698235 5.526197180151376
0.8888418812116083 6.396062701544828 5.8769822611050175
0.8888418812116083 5.86759338765123 4.979392653230366
0.8888418812116083 6.238154833657102 5.197949915464754
0.8888418812116083 6.137396943545156 5.327444474489864
0.8888418812116083 4.216316619913446 3.9606804047351316
0.8888418812116083 5.559122431421432 4.745634304875221
0.8888418812116083 7.220077253440957 6.56979072373907
0.8888418812116083 6.067955870842866 6.005469515959615
0.8888418812116083 7.689734937182971 6.808610349536948
0.8888418812116083 7.657243955447573 7.42998921723911
0.8888418812116083 7.5448222515892756 7.041712895259768
0.8888418812116083 6.436546636238994 5.442443010749844
0.8888418812116083 4.540225860922892 4.4663725234682605
0.8888418812116083 7.075805036921558 6.6709986730348385
0.8888418812116083 5.6667211060246885 4.976794029368102
0.8888418812116083 6.659456442541849 5.516416424708931
0.8888418812116083 6.640207022902906 5.428393505250568
0.8888418812116083 6.997977692038079 4.798523642713356
0.8888418812116083 7.221981279687586 6.794807326491242
0.8888418812116083 4.937580012016522 4.563120856146066
0.8888418812116083 5.97620420514086 5.383975954106628
0.8888418812116083 6.700614937224671 6.406670564001476
0.8888418812116083 5.742198936206151 5.009901430332722
0.8888418812116083 4.085862715434022 3.9600659633896096
0.8888418812116083 6.545915481201803 4.933245770046385
0.8888418812116083 6.568916786968192 3.9448822272417736
0.8888418812116083 4.3881373382206625 4.102100978752994
0.8888418812116083 5.447822403202675 4.096433258734594
0.8888418812116083 5.108853104607416 4.151497882756613
0.8888418812116083 7.674367524931434 6.642243650813816
0.8888418812116083 7.740622435487779 6.837334305759876
0.8888418812116083 5.49738719924693 5.0293280409231045
0.8888418812116083 4.948656222774041 4.155704460195576
0.8888418812116083 7.620820213412999 6.302879836026872
0.8888418812116083 6.618793141914733 5.734744129883791
0.8888418812116083 5.561867939264349 4.2230342241623955
0.8888418812116083 5.873002082789615 4.573579908534763
0.8888418812116083 6.517729113327331 6.248250361958271
0.8888418812116083 7.755387118484487 5.942111232253193
0.8888418812116083 6.015432354796069 4.6455120474783245
0.8888418812116083 6.137791507302222 5.2460296949243626
0.8888418812116083 6.361671093155358 5.975446146612535
0.8888418812116083 7.726432528674849 7.10276335017319
0.8888418812116083 6.666625072314837 6.53572862371679
0.8888418812116083 6.666625072314837 4.909867380950292
