0.701693625641195 7.766341743114712 5.313611075519563
0.701693625641195 6.153552358256118 4.948583661978295
0.701693625641195 6.431144266264695 5.512862461133768
0.701693625641195 6.025948178162551 4.264614954025048
0.701693625641195 5.725103648059168 5.248984874885439
0.701693625641195 6.457694837136209 6.06626976657772
0.701693625641195 7.071820075521222 5.041459034516504
0.701693625641195 6.3060924348608545 6.0895147814602835
0.701693625641195 5.670689551423298 4.910709270758897
0.701693625641195 7.7727986096305415 7.636228983897479
0.701693625641195 7.56358007047595 6.869194178414951
0.701693625641195 7.575399884175168 6.522149374006371
0.701693625641195 4.325333102186725 4.158700969540325
0.701693625641195 6.525650284116683 5.091682814593614
0.701693625641195 5.302123289511478 4.5854103929376295
0.701693625641195 3.9333302284193477 3.7565949052454046
0.701693625641195 6.5628112831882675 5.660151873233535
0.701693625641195 6.911052719523097 6.538120263487981
0.701693625641195 6.597532524067475 6.496002661057787
0.701693625641195 7.3360088558884815 6.69116206200873
0.701693625641195 6.633466291111187 5.925898076976283
0.701693625641195 6.570629332892224 5.868625354574804
0.701693625641195 5.960562251715487 4.495463625626906
0.701693625641195 4.584562099144335 3.594378779984784
0.701693625641195 5.1629532150191615 4.823901064291425
0.701693625641195 7.527837248284756 5.536086172782636
0.701693625641195 6.986905535430809 6.588136696520298
0.701693625641195 6.436743318286524 5.436478573511957
0.701693625641195 7.643502525590993 7.016249316161626
0.701693625641195 7.36347496229342 6.851779542625213
0.701693625641195 6.674854008840459 5.785412989086711
0.701693625641195 5.393409090853044 4.709969863179845
0.701693625641195 4.046504317479407 3.9950514895635405
0.701693625641195 4.265284615687417 3.7928286408393164
0.701693625641195 6.6408987334915075 5.78069934601477
0.701693625641195 7.709532732567876 6.370487615958175
0.701693625641195 6.4382934832662535 5.106660451791071
0.701693625641195 6.7829524834147765 6.063868899159138
0.701693625641195 7.550419760036368 6.030428697230051
0.701693625641195 6.547734357860673 6.442833608078876
0.701693625641195 7.722656393332652 6.074979017687768
0.701693625641195 6.357306953386711 4.66269842485853
0.701693625641195 6.484873936149842 6.120834829385622
0.701693625641195 6.395984248126663 5.482508263878677
0.701693625641195 5.351064985346564 4.088451835520016
0.701693625641195 6.0415790354706225 5.789333887201641
0.701693625641195 7.0321989500576105 6.68824267857128
0.701693625641195 7.569058113476883 6.002754709056279
0.701693625641195 6.640622835306381 6.10367231763725
0.701693625641195 6.268981999339612 6.161182676628574
0.701693625641195 7.1036567616680895 6.344003588592531
0.701693625641195 5.840680513408206 5.762792661621084
0.701693625641195 6.81471243463726 6.615014525180179
0.701693625641195 6.276084323624286 4.549864872462356
0.701693625641195 6.146948426508747 5.0864091610995095
0.701693625641195 7.382208205377751 5.302738365321272
0.701693625641195 5.794421292704801 5.169656703675218
0.701693625641195 5.970465935005844 5.330534333214023
0.701693625641195 6.285049780166652 5.207888587259204
0.701693625641195 4.212862596368222 3.681872975228974
0.701693625641195 6.45567653956088 4.554500820363664
0.701693625641195 6.144520319732909 5.219192933238027
0.701693625641195 5.762646832601273 4.706030277914593
0.701693625641195 5.949371332945237 5.803532305700214
0.701693625641195 7.941918992611006 7.727869841644382
0.701693625641195 7.279570696115124 5.210238943701528
0.701693625641195 7.425062646214311 6.261033248242462
0.701693625641195 7.291887147233005 5.375314970124492
0.701693625641195 7.436578531427983 6.982336491297035
0.701693625641195 6.289843788230364 5.827969528725119
0.701693625641195 2.8693042715540646 1.8224924273527339
0.701693625641195 7.504965456917487 6.260985044911361
0.701693625641195 7.288466718558482 6.806274957044138
0.701693625641195 6.851814602081154 6.733870135832105
0.701693625641195 7.521168410973475 6.1478202406718605
0.701693625641195 6.207154684425888 5.9757446757288575
0.701693625641195 5.056329468286496 4.274282827175035
0.701693625641195 5.527323971183602 4.809232881917689
0.701693625641195 6.54267189230384 4.561186167265978
0.701693625641195 4.359924221067885 4.188151831141742
0.701693625641195 4.289928378471 3.684004594436573
0.701693625641195 7.399758563188961 5.2910153131995035
0.701693625641195 7.7693265543452465 6.779066057083104
0.701693625641195 4.445972622322035 3.7863871376764577
0.701693625641195 5.896748068454247 4.252351181440792
0.701693625641195 7.715131701423079 6.7492968977967855
0.701693625641195 6.401136199094783 5.673692715706084
0.701693625641195 6.256854636022638 5.858402137876221
0.701693625641195 6.146917745053543 5.849836475024574
0.701693625641195 6.542140960218681 6.174960540078086
0.701693625641195 3.836180231295487 3.6782417820586617
0.701693625641195 6.3288497840106395 6.124633821971433
0.701693625641195 6.868624385649225 4.989839437186113
0.701693625641195 6.113392665911572 5.8102835216357285
0.701693625641195 5.003604731226989 4.509618853408437
0.701693625641195 7.378787173119889 6.257247603982696
0.701693625641195 7.50752291048099 5.62580585356908
0.701693625641195 8.544019254485342 7.705890363486499
0.701693625641195 5.289726264261294 3.9739269584872097
0.701693625641195 6.850992697564337 6.193219240040792
