0.5339916263343025 7.773863744431502 5.3756363533854135
0.5339916263343025 7.316175232932602 5.790187554241174
0.5339916263343025 7.331961486908252 6.217352823479638
0.5339916263343025 5.114954752038297 4.934328378297822
0.5339916263343025 7.746915321412697 6.472144877324317
0.5339916263343025 6.69313106666246 6.036606646014868
0.5339916263343025 7.609946485720643 7.433375541851448
0.5339916263343025 5.030675669934087 4.095365557459913
0.5339916263343025 6.444257661338103 6.214417087419505
0.5339916263343025 4.801400192120635 4.3517875705848725
0.5339916263343025 6.201497290221049 5.121617963632868
0.5339916263343025 7.717933257777121 6.754387592172122
0.5339916263343025 7.056731626726716 6.395669372562663
0.5339916263343025 6.5439048414822345 6.190089031947041
0.5339916263343025 6.939259393587845 6.377441665742144
0.5339916263343025 7.317867882408429 5.812199925650442
0.5339916263343025 6.872617363449788 4.630134341601968
0.5339916263343025 5.290806900658506 4.043526933951734
0.5339916263343025 6.645194093022845 4.720720530133904
0.5339916263343025 8.315897886291387 7.911729921006081
0.5339916263343025 10.319530246771516 7.876707201775527
0.5339916263343025 4.547746364068299 4.363811278666141
0.5339916263343025 5.09883532583277 4.4452909304837265
0.5339916263343025 6.337038307187797 6.028223207672405
0.5339916263343025 7.223658765795511 5.328064900960705
0.5339916263343025 7.508514786043783 6.553580442090928
0.5339916263343025 6.512409120630512 6.388034448654785
0.5339916263343025 8.423299965526844 7.480310441896795
0.5339916263343025 6.509841847599461 6.275450526401421
0.5339916263343025 7.5931716753857685 5.667426242774652
0.5339916263343025 6.399071487994451 4.544709462467417
0.5339916263343025 7.38850197052923 6.658997979823721
0.5339916263343025 7.464244648007771 5.879314747517647
0.5339916263343025 7.525551390796393 6.880584311697942
0.5339916263343025 4.510171802534437 4.1799508998318675
0.5339916263343025 6.901270356996919 5.2038876191921215
0.5339916263343025 6.100701526851825 5.960316172581976
0.5339916263343025 6.422321944184063 5.743236431258082
0.5339916263343025 6.021686701356675 5.646870981010493
0.5339916263343025 4.31544828855349 2.763702921647191
0.5339916263343025 6.328234079268796 5.736655918976586
0.5339916263343025 4.93721049427446 3.8148866157922305
0.5339916263343025 7.575119102789662 6.986677502805744
0.5339916263343025 5.4403687464933626 4.967008439547396
0.5339916263343025 6.727994674832376 6.422609653222043
0.5339916263343025 6.4529305611574905 6.386753380808365
0.5339916263343025 7.664356595779232 7.1414697966798295
0.5339916263343025 6.742758331687485 6.487514206071211
0.5339916263343025 6.416584678751267 6.24685542890307
0.5339916263343025 5.78240234471269 4.2669398181272005
0.5339916263343025 2.753710688557249 2.6743763289086395
0.5339916263343025 6.293732508678428 5.395643444233915
0.5339916263343025 2.5026046359156706 2.2111191487174797
0.5339916263343025 3.3085304740105177 3.151684028515218
0.5339916263343025 7.7620050481496605 6.9724552638084045
0.5339916263343025 9.303258931325846 8.836105589995935
0.5339916263343025 8.616571097053633 7.061822238462612
0.5339916263343025 6.570586061665935 4.631684094085418
0.5339916263343025 6.5687346752374935 5.349239161181053
0.5339916263343025 6.454754474724279 5.954734862464143
0.5339916263343025 6.377660191266251 6.2861819829772365
0.5339916263343025 8.614197754537695 7.516501303571968
0.5339916263343025 6.536122868129272 6.306853741941535
0.5339916263343025 7.502289882053507 5.8991801191977
0.5339916263343025 7.566093793858755 5.778190056833284
0.5339916263343025 7.655660406160498 6.885571960089041
0.5339916263343025 4.71608579106103 4.514877221972687
0.5339916263343025 6.379179328461074 6.303511349868337
0.5339916263343025 5.730749230616841 5.371626578565359
0.5339916263343025 3.8617000811662554 3.6140380818956945
0.5339916263343025 3.8255571551497245 3.4103845607974677
0.5339916263343025 7.742602354496656 5.325314842836364
0.5339916263343025 7.270009948825001 6.8573228044946575
0.5339916263343025 6.622077154697013 6.351489522050224
0.5339916263343025 4.546279371431066 4.488834180971835
0.5339916263343025 7.48158913701778 6.509288078313508
0.5339916263343025 3.3974078600324096 3.3072197535306653
0.5339916263343025 4.918795391443698 4.067913519236314
0.5339916263343025 5.8744164283865885 4.42550106202172
0.5339916263343025 5.863684890697012 4.811494295019209
0.5339916263343025 6.473388436369465 6.378047060580825
0.5339916263343025 5.545072326123925 5.418353027884678
0.5339916263343025 5.677094665711486 3.9855708195881006
0.5339916263343025 6.539155668738278 6.0566941368311085
0.5339916263343025 7.57230375066535 6.605366776096327
0.5339916263343025 6.32430493778034 5.427681610602012
0.5339916263343025 6.32430493778034 6.1268341697488715
0.5339916263343025 7.701501168052694 6.944311762405723
0.5339916263343025 7.6762660451407605 7.029788491370556
0.5339916263343025 5.976535835089475 4.444395228116695
0.5339916263343025 5.659672203580236 5.439876399323279
0.5339916263343025 6.690044972280884 6.528494468213649
0.5339916263343025 6.490065031065342 6.169329401314609
0.5339916263343025 6.33452126551062 5.26836212393202
0.5339916263343025 7.627200869965735 5.8931374092229385
0.5339916263343025 6.258074370817255 4.783873707595604
0.5339916263343025 8.889300811280863 6.462129056934999
0.5339916263343025 5.77292469117301 5.567582796397955
0.5339916263343025 6.33217802655664 5.811905643861486
0.5339916263343025 5.782121473095412 5.123892844327475
