1.1113482283353204 7.749218427899276 5.324720044146546
1.1113482283353204 6.550146398094967 5.510192019500213
1.1113482283353204 5.105498333102307 4.580576181482372
1.1113482283353204 7.795434933499081 4.472327806043119
1.1113482283353204 3.5688126628301977 3.2718875309729016
1.1113482283353204 6.738675836257345 4.76413897258843
1.1113482283353204 7.3674391908067545 5.851983018447486
1.1113482283353204 6.543789637950184 6.470170748667411
1.1113482283353204 6.788502183524294 6.656866012357273
1.1113482283353204 5.872995231616265 4.339147213702435
1.1113482283353204 7.631082158038909 6.489494883097127
1.1113482283353204 6.278647793068451 6.169192227270162
1.1113482283353204 6.549185359642966 5.494596019181627
1.1113482283353204 4.588690637162454 4.330353345317937
1.1113482283353204 5.334219778659502 4.771291567249091
1.1113482283353204 5.542781626508717 4.665578182792682
1.1113482283353204 5.437330016744948 5.35689805131365
1.1113482283353204 6.608363090969696 6.272578720355495
1.1113482283353204 7.583686053595638 5.403539107209195
1.1113482283353204 6.753926391517233 6.050838234913873
1.1113482283353204 6.753926391517233 6.356315852926328
1.1113482283353204 7.12526957364404 6.827958373677994
1.1113482283353204 7.2712657290360205 6.442890067711786
1.1113482283353204 7.78033188636673 5.6822827255419615
1.1113482283353204 7.403266352403856 7.324193943048279
1.1113482283353204 6.7462286866440255 5.309569327827301
1.1113482283353204 6.445772559536376 5.916837515147567
1.1113482283353204 6.569266142336279 6.29816468025659
1.1113482283353204 9.850836338306099 8.155309718006972
1.1113482283353204 7.3431188542392665 6.802780346774962
1.1113482283353204 6.380407194955225 5.321726343852517
1.1113482283353204 5.377763959984389 3.670567919572987
1.1113482283353204 6.168612880568112 6.060500510621149
1.1113482283353204 6.133371569490034 4.927949560886827
1.1113482283353204 6.600133111345031 5.308258714174181
1.1113482283353204 6.656693397363064 6.07260167926639
1.1113482283353204 7.584999439437258 7.0653929667098865
1.1113482283353204 7.7148723603067495 5.83884370471919
1.1113482283353204 6.018487949398761 5.339294224427283
1.1113482283353204 4.757305676567633 4.275310832077032
1.1113482283353204 6.603813919358345 6.261097811975717
1.1113482283353204 4.560892727552055 3.7964904524631033
1.1113482283353204 6.506263995018724 4.923100611071614
1.1113482283353204 7.5463895819310185 6.871652000054739
1.1113482283353204 7.442911653924396 6.061843183109803
1.1113482283353204 6.345782608279194 5.582593844784726
1.1113482283353204 7.670066744191274 5.840424654888599
1.1113482283353204 5.976200623358764 4.287368717461598
1.1113482283353204 7.59211502256483 7.351551196198032
1.1113482283353204 5.487601765985069 4.906050505285381
1.1113482283353204 6.346509549192547 4.638544843839835
1.1113482283353204 6.01023351826824 4.8776392889116575
1.1113482283353204 6.197251376867463 6.006785217713697
1.1113482283353204 7.703225401394777 6.363550482950326
1.1113482283353204 6.774139449539041 5.120124022434383
1.1113482283353204 7.529733770711003 5.982624739804337
1.1113482283353204 3.4162917339056524 3.093578277268877
1.1113482283353204 7.084407158216196 6.318419979492673
1.1113482283353204 6.267829485591054 5.909773282201304
1.1113482283353204 6.538244410901889 5.214531666160758
1.1113482283353204 6.122998583809608 4.664040530517613
1.1113482283353204 6.198773220645222 6.036742821277289
1.1113482283353204 4.501234657113134 3.8786253390400214
1.1113482283353204 7.512016784834621 7.313705260221688
1.1113482283353204 6.80064160672096 5.309892228929088
1.1113482283353204 7.464438769644312 5.536123658406649
1.1113482283353204 6.304892539792416 5.039795131278417
1.1113482283353204 4.512347124670928 4.136689470411756
1.1113482283353204 6.57964597983964 5.171334055365275
1.1113482283353204 6.721006498435205 5.795464745304702
1.1113482283353204 4.318505485451702 4.059045745668144
1.1113482283353204 5.584859966359339 5.062693021618119
1.1113482283353204 6.97956627000346 6.663212477472522
1.1113482283353204 5.039080232808065 4.757507686495164
1.1113482283353204 6.227068468710744 4.6847043609416765
1.1113482283353204 4.029974180357765 3.8898388257933267
1.1113482283353204 7.162930028915952 5.456316750072415
1.1113482283353204 4.797161969082442 4.615698911076284
1.1113482283353204 8.29927233615478 5.730448697461441
0.10655660465119299 7.720742479317199 3.9236974582210387
0.10655660465119299 6.296559284039702 5.831733156239853
0.10655660465119299 7.640799518186885 5.943023872856345
0.10655660465119299 6.597550645269838 5.364750628230393
0.10655660465119299 4.54689845575113 3.7792379860734475
0.10655660465119299 6.013467262496942 5.222617799402117
0.10655660465119299 3.732763953539074 3.423748749499388
0.10655660465119299 6.944893965020954 5.155585130708699
0.10655660465119299 5.719459345078203 3.938156169884688
0.10655660465119299 7.454337146853419 5.091932963469568
0.10655660465119299 6.504128138884855 5.498082103215499
0.10655660465119299 6.579648992309654 5.317854647677596
0.10655660465119299 6.7141195826583555 6.0620953147259184
0.10655660465119299 7.537413245733443 6.695478918205286
0.10655660465119299 6.228324885962284 5.516249766145246
0.10655660465119299 6.379963337326199 5.56199252517419
0.10655660465119299 7.6731688639167945 6.222956342564215
0.10655660465119299 7.60135536905425 6.968009753296563
0.10655660465119299 6.360654817378979 5.910033642485099
0.10655660465119299 6.4459789986505385 6.011375289190726
0.10655660465119299 8.953600490853146 7.7376793047267
