1.4752667956118306 7.767716689900711 5.311202552692756
1.4752667956118306 5.067712669105433 3.325163753418696
1.4752667956118306 7.289380754088231 6.509830813462738
1.4752667956118306 6.355020531440761 6.266275045625132
1.4752667956118306 6.406245268314674 6.292686373031234
1.4752667956118306 6.275124634526087 6.039462665257006
1.4752667956118306 7.5994302566118375 7.025664157889443
1.4752667956118306 6.600877022899194 5.436586290816825
1.4752667956118306 4.290404994711999 4.246834889660484
1.4752667956118306 6.557500696038851 6.434918979990293
1.4752667956118306 7.177026459004477 4.6431583167623875
1.4752667956118306 6.716892281729699 6.630100172601182
1.4752667956118306 11.896889932873137 10.758043213303853
1.4752667956118306 4.036660479369104 3.8730649293364205
1.4752667956118306 6.376013171510781 6.270053675250344
1.4752667956118306 7.7522959337725315 6.483180594295355
1.4752667956118306 6.174994542874792 5.832097427432882
1.4752667956118306 6.10853378401163 4.935862325090837
1.4752667956118306 7.432095090656603 6.639941122791217
1.4752667956118306 6.033716067185399 4.339892418308726
1.4752667956118306 6.152544315141284 5.834453252494988
1.4752667956118306 6.96619324605982 6.4086050436146955
1.4752667956118306 6.550059027518071 6.24469525632308
1.4752667956118306 6.328885947610271 6.203493928623161
1.4752667956118306 5.306195487542794 4.013910307352222
