2.6951046891721444 7.783968058660573 5.316692138031732
2.6951046891721444 5.735989169515477 5.343283683055411
2.6951046891721444 5.443580680170921 4.985245993399218
2.6951046891721444 5.673192980443037 5.53090207039699
2.6951046891721444 5.6836171600703835 5.61584629280112
2.6951046891721444 6.650195547933624 5.25475016897311
2.6951046891721444 6.367256796221657 5.421639820099232
2.6951046891721444 6.972976240210889 6.719459104789025
2.6951046891721444 12.129642274221302 9.57453561658753
2.6951046891721444 6.307746614411375 6.2233243714068385
2.6951046891721444 6.813838267773134 5.374183414714175
2.6951046891721444 4.789190715768758 4.442056044840493
2.6951046891721444 4.686939744661679 4.390930559286952
2.6951046891721444 6.271311248115069 5.321249613842506
2.6951046891721444 7.455186729793031 5.882499826465574
2.6951046891721444 4.778223424143608 4.384515539671075
2.6951046891721444 4.528293187385902 3.8682880542053857
2.6951046891721444 6.544598011625894 4.968926232179275
2.6951046891721444 6.76358649288391 5.0784204728082845
2.6951046891721444 5.993296199184538 5.444904448563583
2.6951046891721444 5.969038979768346 4.429125348917005
2.6951046891721444 3.7968015133861504 3.771152299275697
2.6951046891721444 6.292019295922842 5.033393436412351
2.6951046891721444 6.531670699331933 5.125765573812145
2.6951046891721444 5.709695763854448 4.491709381268416
