0.9828515415903962 7.762879055317001 5.479627360539317
0.9828515415903962 4.545088669455069 4.241299233522575
0.9828515415903962 7.45153097392113 5.587634514591351
0.9828515415903962 9.073102194757944 6.1407010396965065
0.9828515415903962 5.800588976047727 4.507359735657517
0.9828515415903962 7.4648450611474235 6.054508649655742
0.9828515415903962 7.1242720051251585 5.884222121644606
0.9828515415903962 6.706251797399894 5.0191707743840395
0.9828515415903962 4.140981670306548 3.911736173037363
0.9828515415903962 6.261317897437294 5.8968972113080715
0.9828515415903962 5.050756920129135 4.749670689851463
0.9828515415903962 6.653838888113686 6.486891213076487
0.9828515415903962 6.088181801256397 4.67724140960675
0.9828515415903962 7.576149447927072 6.032161625471158
0.9828515415903962 4.56129162735952 3.7848715840295513
0.9828515415903962 4.12579077933313 3.338031850998634
0.9828515415903962 3.709314642095301 3.4723661209608485
0.6279602802014179 6.34052738358487 3.4306670734731965
0.6279602802014179 7.614986345324914 6.040811244825413
0.6279602802014179 9.321983640795507 8.38604288841052
0.6279602802014179 7.128962745127488 5.433237896318973
0.6279602802014179 5.139009116403429 4.360738791395051
0.6279602802014179 6.2921134600014845 5.397206923553937
0.6279602802014179 5.06935982049286 3.6537584686306253
0.6279602802014179 6.957550287832115 6.584635147990607
