0.516087526997183 7.730409246392286 5.423783054139062
0.516087526997183 6.509164447990663 6.275591587913822
0.516087526997183 7.6871176188279975 6.588435203407385
0.516087526997183 6.476235125219713 5.509167261911615
0.516087526997183 6.00453012601686 5.041911139385842
0.516087526997183 7.144224292128484 6.276621259463943
0.516087526997183 6.128539369630015 5.852966831450397
0.516087526997183 5.789555260002363 5.104602569474853
0.516087526997183 6.188430727282228 4.893629427102033
0.516087526997183 7.459962368238159 6.753727735988143
0.516087526997183 6.65052203037413 5.916862055854896
0.516087526997183 5.294370649811523 3.621330473588429
0.516087526997183 6.543498543497183 6.000690520409152
0.516087526997183 8.741978670927205 6.316355027568537
0.516087526997183 4.5341876602428925 3.958173009455208
0.516087526997183 6.598461600818965 4.871442833683855
0.516087526997183 5.793092989733076 4.330057667009924
0.516087526997183 4.788164548958953 4.4391735961500505
0.516087526997183 4.594700885225251 4.515105623510874
0.516087526997183 6.525377517974473 6.042935626151891
0.516087526997183 6.656031041617588 6.045565693873365
0.516087526997183 6.915254342167474 6.494130646674347
0.516087526997183 5.498833120952046 3.5227537627219094
0.516087526997183 5.635690767186272 4.814146796401787
0.516087526997183 3.9230576953270746 3.810720507617422
