0.1393243077126951 7.663645249381625 5.225404704083089
0.1393243077126951 6.795426529704947 5.624741212888748
0.1393243077126951 3.659197382991977 2.594482524664999
0.1393243077126951 7.257147078847227 4.118451815511588
0.1393243077126951 3.4989100915372444 1.8678304454429426
0.1393243077126951 5.046299248512639 4.923223298820039
0.1393243077126951 6.844703843482318 5.9157747133451615
0.1393243077126951 5.931421403355991 4.129244527171209
0.1393243077126951 7.144058987629927 6.245883457676526
0.1393243077126951 7.630298663898598 6.617072678368058
0.1393243077126951 4.752877812251821 4.366778456363682
0.1393243077126951 6.254854744759683 4.943851731424484
0.1393243077126951 6.972718041950941 6.617805689085608
0.1393243077126951 5.874036959244815 5.57689568276901
0.1393243077126951 6.519544045018414 5.203140497580296
0.1393243077126951 6.897573742711343 6.259122019983142
0.1393243077126951 4.328968766297528 3.432049542717031
0.1393243077126951 7.491505755432227 4.96167062412478
0.1393243077126951 4.349451982167462 3.2308429233724274
0.1393243077126951 6.324205464126692 6.250900324484585
0.1393243077126951 5.233680546299706 5.008300531823644
0.1393243077126951 6.316775685927045 5.028336906296668
0.1393243077126951 6.316775685927045 5.865651597340601
0.1393243077126951 6.999808258482338 4.900827058059161
0.1393243077126951 7.549371922018732 7.47416034987253
