0.996354424227516 7.655486824323759 5.440414457667053
0.996354424227516 5.29496999882312 4.564159132960927
0.996354424227516 5.461426943303675 4.746728019160239
0.996354424227516 5.743436006992603 5.0289486142195665
0.996354424227516 6.573096292108868 5.02764437964069
0.996354424227516 4.2951867986006995 4.226236769968222
0.996354424227516 5.836123782253768 5.6868771946518235
0.996354424227516 5.061496321266006 4.789837249646797
0.996354424227516 5.521221577237181 5.290646717030036
0.996354424227516 8.623600665056843 6.609678539722506
0.996354424227516 7.767413747425104 6.513306798867714
0.996354424227516 7.582079639425441 5.526124763659353
0.996354424227516 6.502861729795573 6.319691146859657
0.996354424227516 4.460813069860688 4.1578587196039924
0.996354424227516 6.505739638270281 4.989109616767077
0.996354424227516 4.601981815709895 4.037230705486892
0.996354424227516 7.7326329874935436 6.024998829727895
0.996354424227516 6.656015215089681 6.407408470268405
0.996354424227516 6.795354691818883 4.819118736071828
0.996354424227516 5.497250385720278 4.0599271342574115
0.996354424227516 6.033337354512529 5.493408867902142
0.996354424227516 5.631992523227947 4.536865438613773
0.996354424227516 6.389783699638233 5.96453173044309
0.996354424227516 7.169025008732186 6.731604421339263
0.996354424227516 7.103922346814658 6.193854632028141
