1.5874727376812854 7.662281365804736 5.332022193722869
1.5874727376812854 7.498307197041008 5.447310147109185
1.5874727376812854 6.065180771591265 5.796473540214899
1.5874727376812854 6.403574509699233 5.741048527977661
0.5970074104870169 6.630560516100886 3.563353085509757
0.5970074104870169 5.567962702431572 5.448843568041212
0.5970074104870169 7.65541184223706 5.272360096103352
0.5970074104870169 5.128651402956091 4.341428875722409
0.5970074104870169 3.693568237114754 3.5019951663263487
0.5970074104870169 6.470965969705034 4.893906181871936
0.5970074104870169 7.260852822053291 5.0392855114396005
0.5970074104870169 5.834698863498179 4.68018748804992
0.5970074104870169 6.365128359228489 5.531337345870113
0.5970074104870169 7.656171613032367 6.810457224247921
0.5970074104870169 7.573982865723643 6.854131125454802
0.5970074104870169 6.652679710262266 6.379935210946618
0.5970074104870169 7.578147098305211 6.246954282297704
0.5970074104870169 6.6561104088267875 5.985258861951519
0.15649225256100907 6.601876310677646 3.3191355926174237
0.15649225256100907 6.68231856655235 5.587552188513777
0.15649225256100907 7.25790565987927 6.662894667039289
0.15649225256100907 5.044503145669395 4.056149262278837
0.15649225256100907 6.741852000418486 5.75000008282829
0.15649225256100907 6.203161644629425 4.738662089329628
0.15649225256100907 6.737153406569343 5.85881774503109
