0.36556370500303403 7.740357923098056 5.246657368905529
0.36556370500303403 6.227865534789103 6.099983874990145
0.36556370500303403 7.580721274207541 6.819500691756802
0.36556370500303403 7.941645176268398 6.171781816402907
0.36556370500303403 6.614765637808592 5.225682406647212
0.36556370500303403 4.4736155133645426 3.1776130516899843
0.36556370500303403 6.090377081100442 5.753507180125114
0.36556370500303403 5.486267332970122 4.644431330578525
0.36556370500303403 6.619838458293337 4.7431557925350765
0.36556370500303403 7.5143072363038055 4.198281641018856
0.36556370500303403 6.363891432611052 4.051760554591818
0.36556370500303403 6.584975368307624 5.751087156671656
0.36556370500303403 6.072238463890489 4.664779666108876
0.36556370500303403 6.348066243970177 5.459497787168503
0.36556370500303403 7.4586756800137906 6.776936856478419
0.36556370500303403 5.851444395447228 5.483963546210801
0.36556370500303403 7.4123999780972945 4.937274163057744
0.36556370500303403 4.259611626985851 3.723758138542786
0.36556370500303403 5.014538147733781 4.671204957245013
0.36556370500303403 6.814878898154671 5.651741510347855
0.36556370500303403 6.475744140104101 5.809456273787062
0.36556370500303403 7.587206463052826 6.186032556095267
0.36556370500303403 6.6562380199997975 6.228955054993646
0.36556370500303403 6.294398043887643 5.209647595183025
0.36556370500303403 5.694766427452656 4.941533746079829
