2.0500300377692686 7.754318970531944 5.4420770242121845
2.0500300377692686 6.936363752149894 6.120521394841672
2.0500300377692686 6.074664649525882 4.68007963383135
2.0500300377692686 5.7203685791180305 5.083053746912777
2.0500300377692686 5.999107247728862 5.269199225000384
2.0500300377692686 5.50882500721087 4.912911447246839
2.0500300377692686 3.4058488028356853 3.3113526366379027
2.0500300377692686 7.031595371192468 6.774939318092932
2.0500300377692686 7.673742229959949 6.911525873434113
2.0500300377692686 6.0399060518265095 5.163590866962696
2.0500300377692686 5.9223336732791765 4.817057076774261
2.0500300377692686 8.137082093439343 7.36791330499707
2.0500300377692686 6.288566992219888 4.940216429365785
2.0500300377692686 6.165190487445976 5.335680753650035
2.0500300377692686 6.276953898385592 4.652059975161872
2.0500300377692686 5.95406433184251 4.954069104885868
2.0500300377692686 5.392754277013172 4.660141152900169
2.0500300377692686 6.506249701005402 5.555189602137699
2.0500300377692686 6.506249701005402 5.1284730395628415
2.0500300377692686 4.151432584238872 3.949466045318786
2.0500300377692686 6.312394988939378 5.05801312710176
2.0500300377692686 3.2951064289316823 3.0363912241451936
2.0500300377692686 4.593322529241448 4.458932012010099
2.0500300377692686 6.1022561654379714 5.1626682244515845
2.0500300377692686 6.303301276344726 5.649054735197037
