0.8954670969013105 7.577775184884773 5.330399832620267
0.8954670969013105 6.132693310192458 5.26048829822625
0.8954670969013105 5.278415382752986 4.05256778667289
0.8954670969013105 6.371506963710395 5.894919958580152
0.8954670969013105 6.657586770496838 5.8216511190923095
0.8954670969013105 6.32124393386189 4.744362901349094
0.7240934618507038 7.654656688234834 4.191088811393274
0.7240934618507038 6.650963419403773 6.292961371258295
0.7240934618507038 5.552904125172507 4.525885256399402
0.7240934618507038 7.110388282416595 5.289052493449
0.7240934618507038 4.578029880834009 4.18933338932742
0.7240934618507038 5.8627949322292885 4.876979545499146
0.7240934618507038 7.194860482325041 6.573037705300225
0.7240934618507038 6.068591643511073 4.867777576529743
0.7240934618507038 4.606831648091259 4.546602099418533
0.7240934618507038 7.624499020134095 5.852719695071955
0.7240934618507038 4.5597380112743195 4.365408687317589
0.7240934618507038 6.059296989315605 5.242461353532556
0.7240934618507038 5.800219337185155 4.385450480411079
0.7240934618507038 7.554087929283845 6.759015094058391
0.7240934618507038 4.5616486241874235 3.7241907845182687
0.7240934618507038 4.573995910666763 4.144051771946878
0.7240934618507038 6.330502496585574 6.106906460721076
0.7240934618507038 6.330502496585574 5.459122466789347
0.7240934618507038 7.104007834102571 6.821604298910038
