1.204881406940029 7.702623435898145 5.550583806157384
1.204881406940029 6.632791708507039 5.071895873315012
1.204881406940029 5.6735831538827775 4.335514940681745
1.204881406940029 5.6735831538827775 5.420693370885537
1.204881406940029 7.474549234920087 5.776858691550432
1.204881406940029 4.035222999191024 3.9547243728843307
1.204881406940029 7.081322181107948 6.084589738354667
1.204881406940029 5.844521911484403 4.713026637932696
1.204881406940029 6.161971307489829 4.671614893442916
1.204881406940029 5.515120642045218 4.907779293592281
1.204881406940029 6.089253033344814 5.2074991447745695
1.204881406940029 6.867626312532002 6.442771351646092
1.204881406940029 6.073296157689381 5.281566735559292
1.204881406940029 4.12063800373074 3.9916764430625737
1.204881406940029 6.594021124461175 5.661336164745828
1.204881406940029 7.587251658712949 5.307451911278357
1.204881406940029 5.649783494264472 5.104489969034751
1.204881406940029 5.2005030795614395 4.7085285843935685
1.204881406940029 6.358284480521249 6.165395619787223
1.204881406940029 6.074887679147583 4.951803133238332
1.204881406940029 6.503012910310833 5.113049570655097
1.204881406940029 7.513008606686032 6.580371436277327
1.204881406940029 7.356028633953439 6.9006324426544445
1.204881406940029 7.675702814625108 6.857161964167545
1.204881406940029 10.31646625423737 10.125435196451587
