0.5602289062281085 7.771666537630047 5.399556437986904
0.5602289062281085 6.6532150241293415 5.487124011113183
0.5602289062281085 6.642204439262581 5.206009328731641
0.5602289062281085 6.383912495622113 4.7098382870548905
0.5602289062281085 6.1858762136220875 5.820646730647484
0.17919039787942426 7.264067514674281 3.6545905701923918
0.17919039787942426 4.034845606566606 3.254362533919763
0.17919039787942426 5.6230934118708475 4.992820462128385
0.17919039787942426 5.518067616188414 5.15075544379453
0.17919039787942426 5.725511312153344 5.22128616302769
0.17919039787942426 7.321297433439094 5.74603616124696
0.17919039787942426 6.2762590784433065 4.403372816764921
0.17919039787942426 5.10676281609965 3.984211210186043
0.17919039787942426 6.480365345274652 5.309183259001411
0.17919039787942426 6.952574538547019 6.022294980934241
0.17919039787942426 7.842626894150786 6.215127871015586
0.17919039787942426 6.517481856671353 5.816128796243742
0.17919039787942426 5.962306305295023 4.757249249729197
0.17919039787942426 6.173917956134918 6.015887148899437
0.17919039787942426 7.648297995424141 6.066351510373122
0.17919039787942426 6.335577526365189 5.7809989482831785
0.17919039787942426 6.830760449572246 6.474195547670965
0.17919039787942426 6.471233893121411 4.502256857160318
0.17919039787942426 2.5813224624914644 2.557301141845349
0.17919039787942426 6.064610997600788 5.728515494717219
