1.068148923498669 7.682388767712551 5.345958244374607
1.068148923498669 4.71040169154638 3.95215052218901
1.068148923498669 4.212622952698393 3.624513723997659
1.068148923498669 4.362340157065386 3.914631267536417
1.068148923498669 6.246053526182845 5.973923396871644
1.068148923498669 6.622207424962607 5.624834923079601
1.068148923498669 6.644099966196801 5.278032974086012
1.068148923498669 6.644099966196801 6.072520794462701
1.068148923498669 7.6647710267686815 5.890603801476934
1.068148923498669 7.6647710267686815 6.918104320753879
1.068148923498669 6.652819478899573 5.8708224449137125
1.068148923498669 7.696915654259772 5.9958096995691275
1.068148923498669 7.587334303518615 5.8943419330515985
1.068148923498669 4.302045845718524 4.187410898018619
1.068148923498669 7.720151385846412 7.041132247563912
1.068148923498669 6.564431013171138 6.351579954588566
1.068148923498669 6.199568349643673 5.321526778571876
1.068148923498669 6.109417127510948 5.618254491896899
1.068148923498669 7.554297552398115 7.202981822202827
1.068148923498669 3.475266060261451 2.945758688428411
1.068148923498669 5.895467587059777 3.560655849989577
1.068148923498669 5.549043524133843 4.774972728553859
1.068148923498669 3.9329255892720245 3.4514890423113638
1.068148923498669 5.688457271234618 4.9081925987643
1.068148923498669 7.195653247958699 5.362292765361656
