0.5797979167979972 7.736410403500827 5.326089563017333
0.5797979167979972 5.87567330305658 5.6481806912820245
0.5797979167979972 6.081997280271107 5.757612981912484
0.5797979167979972 7.1402562407853996 6.815006512971207
0.5797979167979972 6.434075465072318 5.475472960881601
0.5797979167979972 6.258224554685203 6.101686200553876
0.5797979167979972 8.057466675307698 6.615226524044901
0.5797979167979972 8.214607033666493 6.528373726397722
0.5797979167979972 7.705099313390285 6.016030301740703
0.5797979167979972 6.272193069378574 5.931190436786485
0.5797979167979972 6.529366835804652 4.916458541694344
0.5797979167979972 7.000283611625504 6.231416249969199
0.5797979167979972 4.2263909191891464 4.052741723489789
0.5797979167979972 3.581142564349044 3.4414666304409987
0.5797979167979972 6.152331891662712 5.726377016191948
0.5797979167979972 4.725708755114109 4.245416063852736
0.5797979167979972 3.061552201150786 2.3789196257135568
0.5797979167979972 4.407857569821498 4.16961881305661
0.5797979167979972 5.505200356503128 5.359579525661832
0.5797979167979972 4.527670045444815 4.184300568664619
0.5797979167979972 6.38379997181913 5.467623324033995
0.5797979167979972 5.956309798044725 5.236595536383232
0.5797979167979972 6.651507171477718 6.5040451473177905
0.5797979167979972 6.382951820139759 5.201657247411211
0.5797979167979972 3.6731905344333957 2.7302711285414505
