0.47664055895293034 7.714288467502119 5.401744420079495
0.47664055895293034 6.625229486217055 4.86668230349493
0.47664055895293034 4.481762297266364 4.2658412912656685
0.47664055895293034 4.177518772047502 4.023632117811848
0.47664055895293034 7.123157398758494 5.592426732069603
0.47664055895293034 6.393593260072752 6.29286523195389
0.47664055895293034 3.7257700397534745 3.68061464785377
0.45614661445495175 4.528953044339584 2.452026704543399
0.45614661445495175 5.866526968885218 4.510499242435248
0.45614661445495175 5.435693503653884 4.345363030531642
0.45614661445495175 6.5547693591174685 4.743881545035208
0.45614661445495175 7.489324519048296 5.473057110539773
0.45614661445495175 6.051607064681843 4.321435988946619
0.45614661445495175 6.379372105971459 5.448846966877145
0.45614661445495175 4.689372016624191 4.492222552624086
0.45614661445495175 4.099329116707402 3.6025861089955082
0.45614661445495175 4.1142925724370265 2.48345816720113
0.45614661445495175 6.048840579557449 5.60291835062685
0.45614661445495175 5.220688137751278 4.846211041725238
0.45614661445495175 7.383895940976062 5.4138797165164325
0.45614661445495175 4.578707653047363 4.004734505223102
0.45614661445495175 5.655675022847284 5.480800296639181
0.45614661445495175 6.229482209962118 5.793665175641872
0.45614661445495175 5.9920097201713 5.157638839774262
0.45614661445495175 4.171885417251513 3.8778515000228198
