2.969917622721035 7.687344078154776 5.536728246985267
2.969917622721035 6.770438194043079 5.138788166004006
2.969917622721035 5.065094526379447 3.574183936097403
2.969917622721035 6.126410114188225 5.040579139747125
2.969917622721035 6.5495568074793376 5.285653822372893
2.969917622721035 6.5495568074793376 5.64345681331337
2.969917622721035 6.947496428452 6.032114328252964
2.969917622721035 6.947496428452 5.055237026386069
6.073963163561931 6.281501425826786 4.149508392370083
3.3947900272079647 4.148096176821532 5.916197459631072
3.3947900272079647 6.936169893966936 6.202256908356853
3.3947900272079647 7.697470955454591 6.954971151588987
3.3947900272079647 7.697470955454591 5.98360056751508
3.3947900272079647 7.697470955454591 5.425609428592463
2.784940440576371 6.202382041929226 4.342188750764761
2.784940440576371 5.106925237876993 3.5220805385843623
2.784940440576371 5.899946809889091 4.552906930226808
2.784940440576371 6.660496748002409 5.753248843482327
2.784940440576371 8.189950783569355 6.308172604784883
2.784940440576371 8.189950783569355 6.54145148936183
2.784940440576371 8.189950783569355 6.064193829483564
2.784940440576371 6.528882634456711 5.155893445876009
2.784940440576371 7.6561911107591705 4.973792283066238
3.1048768911059104 6.150631924939642 4.3518813460361345
2.784940440576371 6.150631924939642 4.792901117530757
2.784940440576371 5.720179978370812 4.95540463271778
1.4785533458338098 4.8720920161081835 3.657427148884955
1.4785533458338098 5.637731600621393 5.0543603774125385
1.4785533458338098 8.492916088578053 5.766407542363604
1.4785533458338098 8.492916088578053 4.950141592371384
1.4785533458338098 7.473596010379394 6.556688075751731
1.4785533458338098 7.473596010379394 5.392244803428626
0.9780417780789681 7.473596010379394 4.226408465823768
4.325566383919014 6.235768588741873 3.782621317694069
0.9780417780789681 5.41965641042318 3.230695373160201
4.325566383919014 5.41965641042318 3.264321113278445
4.325566383919014 3.8244185507347876 3.0044684655304015
4.325566383919014 5.031665625398372 2.9973474647667517
4.325566383919014 6.421208034289965 5.613542127703777
4.325566383919014 7.099201268380314 6.315336308850955
4.325566383919014 7.6872415899763045 6.4681051327885015
4.325566383919014 7.6872415899763045 6.370939043836124
4.325566383919014 7.6872415899763045 6.644360533298173
2.4686597565130772 7.749359131174899 3.4107813918212213
2.463406524107747 6.042312965868078 3.2878078603995937
2.74829618235383 5.972312315885922 4.198144779408615
2.74829618235383 6.4160703572827344 4.720797069149897
2.463406524107747 6.4160703572827344 3.9332346874827504
3.6673485532251147 6.685932842086999 4.872585410219289
3.6673485532251147 7.594749887379866 6.594374636656182
3.6673485532251147 7.594749887379866 6.3794755924992455
3.6673485532251147 7.295986291132179 6.438695515388486
3.6673485532251147 7.652932470905235 5.851630914151311
3.6673485532251147 6.340540229542409 6.187863343867348
4.256419336697245 6.340540229542409 4.137462309993696
3.935628867881825 7.28465522480192 5.6662709456657385
0.4756164310734019 7.28465522480192 2.8116365873598994
0.4756164310734019 6.034600652980966 2.921569488712733
0.4756164310734019 4.884693580397769 1.980854367206125
5.1042349263871785 5.339200160952135 3.7513419200454248
5.1042349263871785 5.692535289818821 4.8822297323943395
5.1042349263871785 6.49585467934968 4.353573521421273
5.1042349263871785 6.49585467934968 4.018100788734024
2.7813453909116466 5.501783783514391 4.316175898719334
2.333042823328882 7.588517465215167 3.3248484829532923
2.333042823328882 3.7050025430712386 2.7585620300695775
2.333042823328882 4.23746099439218 3.425477851993764
2.333042823328882 6.6002411353125865 5.400013208360519
2.333042823328882 5.834177325555025 3.7948685262402275
2.333042823328882 6.393063070504105 3.6612684997904417
2.333042823328882 6.593724317278543 4.871589209286885
2.333042823328882 4.421508904069153 3.398291195849934
2.333042823328882 5.5559926872240375 4.552403899342111
2.333042823328882 10.427951772220878 6.412692108830551
5.772434176196164 10.427951772220878 5.173952065715254
5.772434176196164 7.5554612800527075 4.745995315603126
6.469693370747105 7.5554612800527075 4.727850375197878
4.588194867226747 6.469693370747105 6.299209366074881
4.588194867226747 7.634876542999729 6.725318225345075
6.35165502585296 7.634876542999729 5.089791592969932
6.35165502585296 7.4208833034625385 5.836694353848816
5.975887965925718 6.8174915640788285 6.276636384658754
3.7090825310081432 6.8174915640788285 6.031640999207569
3.7090825310081432 6.725507635984517 4.998316618870363
3.7090825310081432 7.625754119386981 6.841878760513251
3.7090825310081432 9.197569442804918 7.344661203692223
3.7090825310081432 9.197569442804918 5.733839648910094
3.7090825310081432 6.661399290400453 5.87718065090287
3.7090825310081432 7.541361148121496 6.694001802289449
3.7090825310081432 7.541361148121496 7.110738251132301
3.7090825310081432 7.541361148121496 6.585098865853134
3.7090825310081432 7.243991824668132 5.365598138504379
3.7090825310081432 8.095907162801229 6.207922312315343
5.571695984572049 8.095907162801229 5.525111108681322
5.571695984572049 6.55740607430571 5.195876952955437
5.571695984572049 6.621336888630779 6.157808212107145
5.571695984572049 6.621336888630779 6.086320294271018
5.571695984572049 7.731731735076835 6.639088472529653
3.086322153394111 7.731731735076835 4.403623316807048
3.086322153394111 4.911429452924136 4.430525394415379
