3.9680325230020164 7.6197041007201705 5.533901059855002
3.9680325230020164 7.6788055044790635 4.813709480250131
3.9680325230020164 7.76867700662393 6.2988072258559615
3.9680325230020164 7.76867700662393 5.174577673580258
3.9680325230020164 5.415116350700455 4.186194458856734
3.9680325230020164 6.415397322340144 5.244101208924007
3.9680325230020164 6.415397322340144 4.868080278250966
2.960474731251026 6.343730861241269 4.168465166157684
2.981604609081725 6.343730861241269 4.0560618235882
2.981604609081725 5.071623163277312 4.23152540715073
2.981604609081725 5.071623163277312 3.3373698701425907
2.981604609081725 4.5545430445762385 2.3947001724072106
2.981604609081725 2.7361736621278117 1.8565599090562588
2.981604609081725 5.078770818497826 3.9081232699354755
2.981604609081725 5.635331560419228 4.563084850866455
2.981604609081725 5.81755177008991 4.495888839551825
2.981604609081725 6.641965864074816 5.297852545896359
2.981604609081725 7.321206563110772 5.2313877111623155
2.981604609081725 4.688181235267482 4.439533847610579
2.981604609081725 4.773891347875555 4.242011316294918
2.981604609081725 6.648528659937352 5.054614240427733
2.981604609081725 6.648528659937352 5.235870219910706
2.981604609081725 6.343565777289385 5.87934559024407
2.981604609081725 7.337636799423535 6.301060918503348
2.981604609081725 7.76809781298442 7.13566273227224
2.981604609081725 7.76809781298442 6.42383095317138
2.981604609081725 6.516496338968217 5.902200927160933
2.981604609081725 6.622258804520083 5.032936576741594
2.981604609081725 6.516496338968217 6.135513471935692
2.981604609081725 7.427368929884111 5.854509014399899
2.981604609081725 7.427368929884111 5.365687847363027
2.981604609081725 7.427368929884111 5.750915606597282
2.981604609081725 6.267461665267497 4.708582424742664
2.981604609081725 5.3795083122498575 4.840955443714013
2.981604609081725 6.004262641701057 5.423803081615414
2.6588603465749725 7.115512718427569 4.429907402885529
1.3582427195254039 7.115512718427569 3.4749789830713977
2.82980011949886 7.307596054316988 5.060821106297127
2.82980011949886 6.7136721661914756 4.660532641954621
2.82980011949886 7.65597509985815 6.279001397234975
2.82980011949886 7.65597509985815 5.755984891274391
6.349633477126684 7.100642681324588 4.695956205137199
6.2498748859266975 7.672971914858337 6.890003781424618
4.581463954018588 6.794448936251937 6.884809150152422
4.581463954018588 7.768082656508117 7.033805933173397
4.549802258415081 7.768082656508117 5.795542462422808
3.250242625964344 7.768082656508117 3.7440552500222157
3.250242625964344 5.521443404250185 4.239937253760235
3.250242625964344 5.614392403657305 4.817507380603539
3.250242625964344 7.36168905975037 6.078625357189145
3.250242625964344 7.36168905975037 4.844457132730179
3.250242625964344 5.741394514063497 4.764502055389344
3.250242625964344 6.538273039605738 5.518302126335873
3.250242625964344 5.342843570052807 6.4495018408778435
3.1662689167825993 6.031592384931894 4.578584495572511
3.1662689167825993 6.031592384931894 4.718794396326474
4.394136877956914 6.38913089876397 3.969317138152066
0.7821417161212776 5.438867887475794 2.9120061966462396
4.010658058530598 4.871121332855601 3.8466116753046533
4.010658058530598 6.7534453577804 3.732969628815748
3.234062668217263 7.390236331671163 6.414062145988813
3.234062668217263 7.390236331671163 6.288733908997231
1.9656565429901751 7.390236331671163 3.6612969483224145
2.682400936910899 6.015941725737996 5.047260369643375
2.682400936910899 6.015941725737996 3.9042434503929453
2.682400936910899 6.604161486550389 5.1237015976027385
2.682400936910899 5.629180968123826 4.588131984193547
2.682400936910899 6.659755829545947 5.9131976511296065
2.682400936910899 6.659755829545947 3.47068901314451
5.914626733394403 7.547114204222376 4.776898146209388
1.554206955661528 7.135340095966081 6.33628070600405
1.554206955661528 7.135340095966081 5.4935350108297145
1.554206955661528 7.456386148531562 6.212725735312026
1.554206955661528 7.544588150061404 5.149312810017385
1.554206955661528 7.555862038958841 7.028450309941362
1.554206955661528 6.636705957859878 5.539438279002201
1.554206955661528 7.7715329500328085 6.373792155752452
1.554206955661528 6.85069472367109 5.587615871020265
5.402276746663638 6.7265057947813585 4.746101907343808
2.071985041728713 6.575097631343457 3.8028064090338707
0.980905152773357 6.425692804481347 2.9185252325807953
2.699910727852711 5.733333649161207 3.259027078907041
7.541835362141137 5.733333649161207 2.728211207363925
2.699910727852711 7.541835362141137 5.185154336150628
2.699910727852711 7.541835362141137 5.191140670978195
2.699910727852711 6.280013886297464 4.80429872871227
2.699910727852711 6.496564474927322 5.753025568725798
2.699910727852711 6.496564474927322 5.366203248294397
2.699910727852711 6.190987340140591 4.151988946027439
2.699910727852711 5.300517848631731 3.7555403487679935
2.699910727852711 6.658951368831424 4.555282979565238
2.699910727852711 7.964051685585403 5.681000826887264
2.699910727852711 5.590603327638782 2.653131231129278
2.699910727852711 3.6229964232811906 3.178727764148641
2.699910727852711 6.54580155084086 4.874617643641759
2.699910727852711 6.090097741706078 5.416289561341182
2.699910727852711 8.241041482148644 7.430988529822165
2.699910727852711 8.241041482148644 4.71485790108334
2.699910727852711 9.553900903058912 6.197810968097077
2.699910727852711 7.715192149373188 7.001656970237594
