2.5296797413289487 7.750864918149329 5.676947301214159
2.5296797413289487 6.659500011634687 4.910656829324477
2.5296797413289487 4.8451961245677175 4.164353430142762
2.5296797413289487 6.314725057520906 4.715115901137342
2.5296797413289487 6.314725057520906 4.13724734493722
2.5296797413289487 6.130474869163319 4.790205648120173
2.5296797413289487 6.570297064370866 5.86836508622254
2.451714322898376 6.446064925037149 4.551102669412475
2.451714322898376 6.361177543227967 3.886754954689429
2.451714322898376 7.6144643090725115 5.2544703170809735
3.7765122062839436 7.6144643090725115 3.990593665765189
3.7765122062839436 6.481507631555903 5.030326243513333
3.7765122062839436 7.598821301603497 5.943688091939987
3.7765122062839436 10.124392668681411 7.49877039928742
3.7765122062839436 13.277227209425858 8.276431758590977
3.7765122062839436 17.272372745818043 10.500956680056644
3.7765122062839436 17.272372745818043 5.360562298382283
3.7765122062839436 6.476778463365399 5.756911185338253
3.7765122062839436 6.476778463365399 4.371964426225567
3.7765122062839436 5.279310307409517 4.290279496931746
3.7765122062839436 7.5587228210612025 5.958538816347981
3.7765122062839436 6.649464692617872 5.758340855973597
3.7765122062839436 6.649464692617872 4.7848861031934
3.7765122062839436 6.736950828050109 4.99314022660467
3.7765122062839436 7.279340585930347 4.445732873328845
3.7765122062839436 6.662543202127676 4.892765583566432
3.7765122062839436 6.003604426562038 4.034574113813638
3.7765122062839436 6.003604426562038 4.635643062932948
3.7765122062839436 6.003604426562038 4.89934434909467
3.7765122062839436 7.7126560218028875 6.65346803508157
3.7765122062839436 8.227452215914745 6.921586260772872
3.7765122062839436 8.227452215914745 6.692306003242823
3.736189363801451 6.033036500430555 5.6980044065171045
3.736189363801451 7.4236954550567535 6.212969283271733
5.716006389537682 7.4236954550567535 4.911575460975564
5.716006389537682 6.323025537455134 5.006081990772942
4.534124433033135 7.425916401395506 6.664063034681654
4.534124433033135 7.425916401395506 6.102353011003228
3.6397450562950557 6.5289987645423935 5.21845523789585
2.811916434427872 6.5289987645423935 3.6167366937231935
2.811916434427872 7.500327330091036 6.216477941556357
2.811916434427872 7.500327330091036 5.338695219145041
2.811916434427872 6.530855424446614 5.775100692338265
7.153735096352081 6.530855424446614 3.4365374600622927
5.346843296157445 7.153735096352081 4.139140403044232
5.346843296157445 5.937464565317526 4.02885408866193
3.0598910506156582 7.671917021851797 6.041631130798501
3.0598910506156582 7.557043225377971 4.928331030006584
3.0598910506156582 5.937464565317526 4.214252698077867
3.0598910506156582 7.922991428868606 6.756820737507388
3.0598910506156582 7.922991428868606 4.8703383791570785
5.440886272372509 7.718312898174283 3.706895164932219
5.440886272372509 6.4112198989484455 5.143357280779712
5.440886272372509 6.4112198989484455 4.523577873085544
5.440886272372509 5.686729472895838 5.0025324661770405
5.440886272372509 5.855328516372662 4.319594865651546
5.440886272372509 7.368789821600187 5.789514824093418
5.440886272372509 7.368789821600187 5.299411011139671
5.440886272372509 7.368789821600187 6.437067927502224
5.440886272372509 7.368789821600187 5.740217464173716
5.440886272372509 8.699751927531475 7.289869750919516
5.410608025801597 8.699751927531475 5.916536238193882
4.9085870370649225 5.826549659796058 5.399880800713821
4.608838965831286 6.250763185055753 4.748640518630392
4.608838965831286 6.568355303469623 6.017247105057695
1.5243698402590522 6.568355303469623 5.354762161570742
2.7267878170197837 6.568355303469623 3.82633371152451
5.718132133672476 6.4348861035370035 3.604453513973797
5.718132133672476 7.4721445839635905 3.4228812070142904
5.718132133672476 6.0424240183933335 3.594885277425899
3.692047637680553 5.718132133672476 4.230881767140076
3.692047637680553 6.145273084524195 5.487793297461707
3.692047637680553 6.069600000108377 5.145000386124619
3.692047637680553 5.749501632416365 5.449641187386344
3.692047637680553 5.922706108623604 5.604739895636114
3.692047637680553 6.227095698300285 5.600578397906144
3.692047637680553 6.227095698300285 5.270558097507621
3.692047637680553 6.629634877527273 5.2282849827313695
3.692047637680553 5.713637195858357 4.916200919012081
3.692047637680553 6.291154735262733 4.558389471271889
3.692047637680553 8.469631383150373 6.422215684792526
1.8593673758821052 8.469631383150373 2.9145598164402973
3.837005292643472 7.228595052547437 5.625229869189368
3.692047637680553 7.650148062438429 6.871081222195467
3.692047637680553 7.650148062438429 7.444774729875231
3.692047637680553 7.650148062438429 6.782278988892738
3.134525592196312 7.650148062438429 5.397357622953929
3.8038654303739254 6.612867347080748 4.7432072883738865
2.865640709451388 5.974128963935975 5.502480320681786
3.8038654303739254 7.214405611389953 6.2444134230939845
3.8038654303739254 7.725226698866432 5.991563150096336
3.8038654303739254 7.725226698866432 5.335580553121903
3.8038654303739254 6.4977855969599005 4.2140184700144445
3.8038654303739254 6.419276099345538 4.748758547380993
3.8038654303739254 6.142450246248565 4.0855297847435486
2.734720299068059 6.972346919052184 5.25120013612273
1.1351048637596262 6.972346919052184 5.356949564152284
2.734720299068059 6.920819040245167 5.475994135528848
2.734720299068059 6.513074390252129 5.057249403763677
2.734720299068059 6.513074390252129 3.696832967136201
