2.749452737789078 7.671031235456088 5.204004520598266
2.749452737789078 7.575660328888237 6.35250791661561
2.749452737789078 7.408877944654716 6.562334626446259
2.749452737789078 7.613574969686969 7.186954487829058
2.749452737789078 7.825453392502 6.813122346858188
2.749452737789078 7.825453392502 7.138976733040445
2.749452737789078 7.917556367910995 6.835220987463587
2.749452737789078 7.498630749748793 6.1930907946144576
2.749452737789078 7.498630749748793 4.781107142192949
4.8493821704237305 7.498630749748793 5.315765263126565
4.8493821704237305 7.159550731099554 5.806463688393278
4.635480456749807 7.633747267138011 5.725750283653995
4.635480456749807 7.3343393786906965 5.072640564374258
4.131390678713512 5.8133250211609635 4.693965470403235
4.131390678713512 5.662082645649967 5.381782848829714
4.131390678713512 6.126020187709454 4.861361315304079
3.567133423955355 7.783037995461941 5.898310446696056
3.567133423955355 7.783037995461941 6.57096966921141
3.567133423955355 8.980872711369688 7.213630743941219
3.567133423955355 8.980872711369688 5.37010920747015
2.8504430766917648 6.15630136770768 4.254120214491531
2.8504430766917648 5.940884199830915 4.495794539602921
4.500344473539595 5.337852813559614 4.46722064278591
4.500344473539595 7.361735197232916 5.891558511330164
4.500344473539595 7.361735197232916 5.010316415874301
3.012051028506392 7.783544255996892 6.061461387508043
5.691928825324261 7.783544255996892 6.396661449938924
5.691928825324261 7.52055277750175 5.900006823308729
5.691928825324261 7.52055277750175 6.670789783224672
5.691928825324261 7.555937364741521 6.104369474396942
5.691928825324261 7.7469163605932145 5.9089822349521635
5.691928825324261 7.7469163605932145 4.218011109066218
2.9182996805940253 7.7469163605932145 4.648114558785405
2.9182996805940253 6.56503344534995 5.0629925244780924
2.9182996805940253 5.874457015125287 4.9699730982498345
2.9182996805940253 5.406576324369642 4.57732252910152
2.9182996805940253 5.572849090029457 4.964546360602078
2.9182996805940253 6.408962967579736 5.26200177374032
2.9182996805940253 6.408962967579736 5.364149255510515
2.9182996805940253 6.803754828330405 6.288170637553844
2.9182996805940253 6.803754828330405 5.332549370775206
2.9182996805940253 6.94246695143614 6.356432901803715
2.9182996805940253 6.94246695143614 6.139801015927041
2.9182996805940253 7.619402072430187 5.975390823905807
2.9182996805940253 7.619402072430187 6.559971181650755
2.9182996805940253 7.840495162887409 6.689231782589436
2.9182996805940253 7.840495162887409 7.355687973976152
2.9182996805940253 7.840495162887409 6.47354598667946
2.9182996805940253 6.298214422712917 4.971217920442226
2.9182996805940253 6.298214422712917 3.922129820573982
2.9182996805940253 5.718022474498948 4.297032387724705
2.8099318208295867 6.251640882731532 4.142243367264424
2.9657845898640365 5.574073231844054 3.9283174999646233
0.7233031307256934 6.076947193428879 5.145981899761668
2.9657845898640365 6.51221828245356 4.934995744470607
2.9657845898640365 7.114694494375431 4.7844144865513645
3.4114374747288925 7.114694494375431 4.028826609816033
3.4114374747288925 7.343318586968078 5.837249603472272
3.4114374747288925 7.246572672041472 6.301754179033816
3.4114374747288925 7.246572672041472 5.3150571855363635
3.4114374747288925 8.272905274881326 6.044113721338897
3.4114374747288925 8.272905274881326 6.836989903864805
3.4114374747288925 7.602464313341642 5.747110165406769
3.4114374747288925 7.392654860695679 6.6619058868787695
3.4114374747288925 7.439356478765486 5.423325900124399
3.4114374747288925 6.500613015013332 5.796155548560456
3.4114374747288925 6.500613015013332 5.445093959224571
3.4114374747288925 6.539018649546765 5.563196791784259
3.4114374747288925 6.539018649546765 5.085506310577255
3.4114374747288925 6.521883188736048 4.770055734639813
3.4114374747288925 6.594284525665703 5.49309863156226
3.1052638011094627 6.594284525665703 5.404111799900124
3.1052638011094627 7.2245375312997915 6.401770568932707
3.1052638011094627 9.24380533782797 6.955427641753918
3.1052638011094627 9.24380533782797 5.9230559655244015
3.1052638011094627 12.178755645930309 8.629089498910744
3.1052638011094627 12.178755645930309 6.597703905454599
3.1052638011094627 7.565462927230964 5.758852881646883
3.1052638011094627 7.565462927230964 4.864944598648653
3.1052638011094627 6.56368038724705 5.499288729394691
3.1052638011094627 6.943728243889197 4.923489467246925
3.1052638011094627 6.316684871719115 4.562931403799448
3.1052638011094627 6.316684871719115 4.197144436604178
3.1052638011094627 7.04495436654145 6.435142756405205
3.1052638011094627 6.928312182701797 6.48732510774823
3.1052638011094627 6.928312182701797 5.399286360829735
3.1052638011094627 7.0877525903178675 6.37525732272108
3.1052638011094627 7.637488669620456 5.653682521273688
4.012643405899851 7.637488669620456 4.519070187005642
5.189728706400299 7.637488669620456 6.253382931227605
5.189728706400299 9.101866407061111 6.4147311517220045
5.189728706400299 9.101866407061111 5.024799755459773
5.189728706400299 7.6627482336719694 5.846428658319715
3.292714993381488 6.755799424538118 4.658721041936513
3.0988463649464895 7.418858332922127 5.065874295224694
2.8266768058400236 7.418858332922127 3.6718757295902393
2.8266768058400236 7.418858332922127 4.999089180394791
2.8266768058400236 5.079058802611744 4.000487985841744
2.8266768058400236 6.689316199759396 5.4282267832917555
2.8266768058400236 7.552494841807201 5.97851369950405
