5.6131466772204135 7.740062056517308 5.567897062608454
5.6131466772204135 6.6433540043699395 5.990504293835581
5.6131466772204135 6.483397258136279 4.772527616915245
4.592022495975812 6.663706805379515 6.205908655389736
4.592022495975812 7.264890271256659 6.46014718280224
3.8883413350810305 7.052302496704629 4.88532867810079
3.8726452162486145 7.052302496704629 5.0738417248754555
5.069935172313432 6.5858029103125695 2.184523714279261
3.0882091397293476 6.5386956696771215 5.414568935880945
2.7705294253090043 6.5386956696771215 3.954207734270181
3.722737159702714 6.5386956696771215 4.946942797690777
3.722737159702714 6.523046606763657 5.937152840021429
3.722737159702714 6.523046606763657 5.096472856165172
3.722737159702714 5.38790055527646 4.091532140931049
3.722737159702714 6.600587263750356 5.725663993816652
3.722737159702714 6.060785862966714 4.879518567749561
3.722737159702714 5.936064905138046 4.049907234681398
3.722737159702714 4.525570721446197 4.188147693934739
3.722737159702714 6.7594405080704085 5.761765294668601
3.722737159702714 6.378010421579777 4.809015418307569
3.1488412103115455 6.592682974388001 4.108904762080477
3.1488412103115455 7.6946653280422055 6.758056502048046
3.1058795616869976 6.5423575688341025 4.500737818135285
2.898526072640206 4.948510899741748 3.5057824742608057
2.898526072640206 4.659575496820089 5.032337021498294
0.17681443187360601 6.657585956454017 3.959926355613972
0.17681443187360601 5.710329088693356 3.960329417106881
0.17681443187360601 8.646310407115 5.784460748389925
0.17681443187360601 8.646310407115 2.1134736295959917
2.584728001234027 3.174795125722085 0.4226746354712202
2.646424190307869 5.871272961590126 5.062235500475393
2.584728001234027 6.824250973032036 5.790958395758981
2.584728001234027 8.298857347317734 6.406651756664945
2.584728001234027 6.97726593975943 5.735295855996458
2.584728001234027 5.74038935862275 5.189478961674331
0.5226203886658394 5.74038935862275 3.5011385642502115
7.6493677291042985 6.409193553315028 5.038428663462248
7.6493677291042985 7.320578305457921 4.342406650709697
7.6493677291042985 8.43927196348671 6.3203053539292116
4.137520209349248 8.43927196348671 6.70143366445847
4.137520209349248 8.43927196348671 6.736025789334994
4.137520209349248 8.43927196348671 5.143316631590528
4.137520209349248 7.783806160432148 6.103540079848922
4.137520209349248 7.783806160432148 5.199817826647352
4.137520209349248 7.783806160432148 5.485075175295316
4.137520209349248 6.6468028703716975 4.421149976651929
4.137520209349248 6.152491820212234 4.780938829844039
4.137520209349248 6.152491820212234 3.52807771487987
4.137520209349248 5.6577672741114675 4.5032004039072175
4.137520209349248 5.6577672741114675 4.559303753559042
4.137520209349248 5.6577672741114675 4.182751866993667
4.137520209349248 6.648280053960583 5.405314513810336
4.137520209349248 6.648280053960583 5.662644822826298
4.137520209349248 6.421406830211996 5.650787397347642
4.137520209349248 6.367558669772237 4.762803706466779
1.1903214817419685 6.367558669772237 3.939338093070735
5.749087151808798 7.899550610336938 5.318666698516029
0.6725159956528057 6.403520769689756 5.899302626590212
5.749087151808798 6.65989586115262 5.695061301037145
5.749087151808798 6.5904381674813095 5.157938271136711
5.749087151808798 6.321210513234615 5.627158640208077
5.749087151808798 7.18334570236963 4.707516431753273
2.682078628251521 7.18334570236963 4.695272141021657
2.682078628251521 7.18334570236963 4.0231652440711265
6.263245537705469 6.474123724203185 4.778061394153007
6.263245537705469 6.474123724203185 4.200672974973436
6.263245537705469 7.474941851617519 5.6995105467898055
6.263245537705469 7.682024656652523 5.495261489618379
6.263245537705469 7.682024656652523 3.9313496377275756
6.263245537705469 7.123527663880351 5.711806173614013
6.263245537705469 7.123527663880351 6.409888333547096
6.263245537705469 7.983991206576766 6.24167000956997
6.263245537705469 7.983991206576766 5.399030763135528
6.263245537705469 9.225182602990326 6.054346490725214
6.263245537705469 9.225182602990326 5.420581608075901
6.263245537705469 7.57461211694725 4.640792554099262
6.263245537705469 6.518937301790611 5.900250282745487
6.263245537705469 7.888128583182279 6.437476056484476
6.263245537705469 7.888128583182279 6.102411423917178
6.263245537705469 6.556509541392131 6.173793191912697
6.263245537705469 6.482314558130096 5.685424488549947
6.263245537705469 6.502441844804405 6.092856687585424
6.263245537705469 6.502441844804405 3.880848064636533
6.263245537705469 6.042178310377697 5.325130236762386
6.263245537705469 7.715328020942614 6.416815497473054
6.263245537705469 10.372639603471361 8.623735204041969
6.263245537705469 8.619641827964115 5.27869349411656
3.5659301597821202 8.619641827964115 6.291665585921485
4.264175528290643 7.609720407439967 4.132848525100082
3.9165310144711403 7.609720407439967 5.106116705534951
3.9165310144711403 7.74172733761203 5.816334608512296
3.9165310144711403 8.384339413054 6.784713217254192
3.5549388296745232 5.692912812364725 5.221099492347179
3.5549388296745232 5.687105877284914 6.246032117462065
3.5549388296745232 6.845711146420726 5.434658292588355
3.5549388296745232 6.845711146420726 4.473018735433939
3.5549388296745232 6.845711146420726 4.446077299366376
3.128166150935567 5.765177417518046 4.468711047747443
3.128166150935567 4.007858331581179 3.644514757653636
3.128166150935567 6.270881619183644 5.202459619211733
