7.652977431356847 7.674965535796561 5.49063508602697
7.652977431356847 7.566519488210659 5.546193234025276
7.652977431356847 6.048456243560139 3.9995646475418836
7.652977431356847 6.655809752647517 5.40304855570471
7.652977431356847 4.960954334162949 4.037119420974111
7.652977431356847 4.960954334162949 3.5234819428506063
3.287559061926743 7.652977431356847 4.542800941689385
0.6063818749305452 7.652977431356847 3.4795450653804356
3.0693543458091885 6.709561827157412 4.227481458205427
3.0693543458091885 5.657492461922512 3.1607957217327107
3.0693543458091885 5.385433311308812 2.805173726166164
3.0693543458091885 7.78024120497151 5.101934341062614
2.66953349458672 7.672398849374968 5.3098951713376845
2.66953349458672 6.666923149362958 4.834554531306966
2.66953349458672 7.1028230229798215 5.4262101790577795
2.66953349458672 7.1028230229798215 4.450136074068321
3.4126001736045564 5.795526481295486 4.144491346178221
3.4126001736045564 5.686541569473718 4.759275301926833
3.6744973797305573 6.85135446557141 4.984655007229299
4.0779327435397015 6.673256379232068 4.467710882729529
6.646882851310863 7.2804969633015375 5.184228695288259
6.646882851310863 7.4011596523356555 4.747809309422346
6.646882851310863 7.4011596523356555 5.617416439161214
6.646882851310863 5.5827426686514805 5.207351255567329
6.646882851310863 6.32311273025438 5.309857311656802
3.057807628992894 7.676965901292 7.02960981193337
3.057807628992894 7.676965901292 5.529317660934153
3.057807628992894 7.4986504396669655 5.9640088916808205
3.057807628992894 7.702279024765918 6.374448525018088
3.057807628992894 7.696886535224079 6.0222708555000075
3.057807628992894 8.297439065049224 7.526514608836472
3.057807628992894 4.791778693936596 4.6358851746441605
3.057807628992894 7.315796307246352 6.7573275515188005
3.057807628992894 7.4261554239717995 5.250478994431102
2.1183506585316967 7.4261554239717995 5.592508744447186
1.9218038653866718 7.315796307246352 4.322878990439798
3.575682500599456 7.100594084839493 4.386982704288426
3.3316299783646532 7.100594084839493 2.91796013540013
5.670059199667865 5.1948472444844604 4.254803362410307
5.18315439919861 6.077961213975897 5.512174734256478
6.343327463692187 6.026292919537099 5.208125077062483
4.515786878718423 6.343327463692187 5.432293060300176
4.515786878718423 6.026292919537099 4.822994235595424
4.515786878718423 7.736097019895551 6.471056105755956
3.5268345515260724 7.73320440484283 5.176473736250143
2.678208492185036 7.28432225753197 3.5611073736622116
2.678208492185036 6.431650903765053 5.8832157964872565
2.678208492185036 7.2574424743901815 6.139052344682763
2.678208492185036 7.089078086770355 6.658602016631328
2.678208492185036 7.549202483472344 6.220539346987599
2.678208492185036 7.889040188773297 6.578806731419493
2.678208492185036 7.889040188773297 4.4397755488595925
2.678208492185036 7.889040188773297 6.087148605679373
2.678208492185036 7.58506162130548 5.133052707217056
1.795668249145344 5.5587077500167155 3.9841592548511886
1.795668249145344 5.5587077500167155 5.005176846809098
1.795668249145344 6.348663031739314 6.05663258492295
1.795668249145344 5.937763573908139 5.033634459516234
4.058161873688718 7.576773766965008 4.5546768214318005
4.058161873688718 7.576773766965008 4.132888908220528
4.032945233219703 6.7852697042817365 5.235817424688077
3.8566155458192353 6.7852697042817365 5.204816218138003
3.8566155458192353 7.260156811493546 6.544641874163808
2.734610279305955 7.955664710883003 5.648725227609488
2.734610279305955 7.955664710883003 4.524733831105979
2.734610279305955 8.75432776633185 6.974149562719086
2.734610279305955 8.75432776633185 6.061229616989426
2.734610279305955 8.75432776633185 6.844755812698464
2.734610279305955 8.75432776633185 6.692826401915583
2.734610279305955 6.83136525136838 5.501111108360135
2.734610279305955 6.83136525136838 5.261602075250071
2.734610279305955 6.83136525136838 4.914856521281179
2.734610279305955 7.074397008725928 5.75032944266746
2.734610279305955 7.195753177305416 6.922673083173102
2.734610279305955 8.475442087342284 6.423075412911428
2.734610279305955 8.003735822123929 6.267138314282623
2.734610279305955 6.077325669145889 5.465016859094936
2.734610279305955 7.419433743137512 6.577532240270815
2.734610279305955 7.419433743137512 5.396764379216766
2.734610279305955 7.319025378163882 4.885061821919715
2.734610279305955 6.019012288996148 4.830277520349563
2.734610279305955 7.666407470058051 6.430129115526075
2.734610279305955 7.6079222110866365 6.034475153916563
2.734610279305955 7.6079222110866365 6.026314241702891
2.734610279305955 7.6079222110866365 5.144358427782187
2.734610279305955 8.617433516727285 5.540149034545156
2.734610279305955 8.617433516727285 4.749230547325059
2.734610279305955 6.328231492327486 4.564215786385368
2.734610279305955 6.70929743584033 4.663822235615753
2.734610279305955 6.70929743584033 4.7213333715624
2.734610279305955 6.222998941189328 5.366532409959665
2.734610279305955 6.184932394787875 5.072205997171626
2.734610279305955 7.195286352501354 4.82736089350842
2.734610279305955 7.195286352501354 5.92366977750464
2.734610279305955 6.42062382786828 5.416868736411876
2.734610279305955 6.42062382786828 4.825364855698314
2.561878251092829 6.42062382786828 5.1034854153429
2.561878251092829 6.545186903816148 5.80776416264533
2.561878251092829 7.603490418285311 6.809829326570296
2.561878251092829 7.603490418285311 4.936571527866156
