1.646946856272415 7.746965882439184 5.246577652930708
1.646946856272415 7.6135586031878795 5.635400937842333
1.646946856272415 4.602075030344963 3.8987848827133593
1.646946856272415 7.360138751021477 5.9431045627769095
1.646946856272415 7.053708545570139 6.182764699425796
1.646946856272415 7.053708545570139 5.257767999687994
1.376466236263703 6.739888190977425 5.067306266558875
1.376466236263703 7.021579835061422 5.552442745300791
3.886245333034197 6.676812707516948 5.040756681256406
3.886245333034197 6.882623416931434 5.4796555382022065
3.886245333034197 4.377200848341975 5.390189014538789
3.886245333034197 5.5545890970137535 4.585861179559963
3.886245333034197 6.2608204020164315 5.166124238489498
3.886245333034197 6.2608204020164315 4.914698517379834
3.626462019037142 6.841351578373935 5.5831095700083715
3.9038603752309666 6.841351578373935 4.306820218117361
3.9038603752309666 6.210410248481317 4.518582816543121
3.9038603752309666 7.639495091350261 4.96300750933956
3.9038603752309666 7.639495091350261 5.072937838798426
3.9038603752309666 6.427012912808312 3.953749559766608
3.9038603752309666 4.529524252992378 3.733498226107408
3.9038603752309666 6.513226084998465 4.835251354992044
3.9038603752309666 6.513226084998465 4.999277980580972
3.9038603752309666 6.513226084998465 3.983996708412458
3.9038603752309666 5.661448783575395 6.657991771676965
3.9038603752309666 5.661448783575395 4.311149609259866
3.9038603752309666 5.939321244255705 5.03117106548736
3.9038603752309666 5.702378936956858 4.899923073233432
3.9038603752309666 5.702378936956858 3.7751570627178466
3.9038603752309666 6.338167119656767 5.110533999060851
3.9038603752309666 5.546885423389416 6.64614817537586
3.9038603752309666 7.503651970830463 6.006425159801515
3.9038603752309666 10.39008543687046 6.808582100182636
3.9038603752309666 6.3952274666045135 4.580778627974649
3.9038603752309666 6.626378556849069 5.882668195833952
3.9038603752309666 6.626378556849069 4.839917844120161
3.9038603752309666 6.626378556849069 3.1786952112238827
3.9038603752309666 5.758659782800876 3.164377861850734
3.9038603752309666 7.291395507060969 6.136120809236602
3.9038603752309666 7.291395507060969 5.269792588530875
3.9038603752309666 7.291395507060969 5.153331246165721
3.9038603752309666 7.291395507060969 5.6923300466967275
3.9038603752309666 6.404251611399065 5.881463097272778
3.9038603752309666 7.556134845538491 6.607039966430555
3.9038603752309666 7.654604525023622 5.845153347175788
3.9038603752309666 7.654604525023622 6.462361288828889
3.9038603752309666 7.654604525023622 5.356814639556985
3.9038603752309666 5.98333700322069 5.2338992658669925
3.9038603752309666 7.836694073098936 5.914007220586415
3.9038603752309666 9.271867124769441 7.741783575802097
4.139979215324139 9.271867124769441 5.21610996818285
3.9038603752309666 6.6446436532944375 4.9768134083719175
3.9038603752309666 6.6446436532944375 4.611447486079362
3.9038603752309666 6.694243531785876 6.26045117263001
3.9038603752309666 7.111519893635503 6.851115305302627
3.2762102714363626 7.96133905817117 5.625930610937498
3.2762102714363626 7.96133905817117 5.574338189877048
2.307215949706418 6.24900300210885 2.9196835579439333
2.8811816461882356 3.3258605323377393 2.153207364686581
5.337960042685715 5.859769784757706 3.8368920715030943
5.337960042685715 6.311734871248856 4.989280960998062
5.337960042685715 6.311734871248856 3.993704219592016
5.337960042685715 7.666365965266783 6.098893654511409
5.337960042685715 7.666365965266783 4.393642777170387
5.337960042685715 4.562251290844053 4.247060630758511
5.337960042685715 4.737921230489906 4.371170865877783
5.337960042685715 4.872038393052577 4.6067391601732
5.337960042685715 6.416398849505008 5.268845611395245
5.337960042685715 4.872038393052577 4.220398758103548
5.337960042685715 6.476106186848039 4.916966662345952
5.337960042685715 8.5696828969684 7.346482928110537
5.337960042685715 8.5696828969684 5.989982546791267
5.337960042685715 6.627255777315174 5.461963792788829
5.337960042685715 6.99028259197676 5.999312086200916
5.337960042685715 7.538731373285334 6.750956455574717
5.398260988731316 7.538731373285334 4.479109360044861
3.132573093793781 8.89764538374543 6.59567676027659
3.132573093793781 8.89764538374543 5.335024345829703
3.132573093793781 5.66155816987316 4.8687300950775105
3.132573093793781 6.692824201429868 5.648165137619773
3.132573093793781 6.692824201429868 4.585304161198066
3.132573093793781 9.531443838326865 7.237277546505444
3.132573093793781 9.531443838326865 5.927056243742474
3.132573093793781 7.32201915984035 6.584971475374413
2.2640552387581683 7.32201915984035 4.152557319497453
2.2640552387581683 6.516933360046146 4.476869702291052
2.2640552387581683 6.539386497696228 5.0259400391855165
2.2640552387581683 6.917670092443785 5.016837292141841
2.2640552387581683 7.296732440848965 5.692402354129549
2.2640552387581683 6.595113703211265 5.641056223326391
2.2640552387581683 7.681308237489166 6.790430157731475
2.2640552387581683 7.689067990078419 6.2580890440980985
3.856347209289251 6.326706685529665 4.290323436266854
3.856347209289251 6.156247718731773 5.473748862687869
3.195696605446568 6.598513055548189 3.845369521846468
3.195696605446568 7.3708020276093205 6.1132646559053425
1.8356426804510844 7.3708020276093205 3.464991038268731
5.073564497139792 6.283481767777523 2.8709875328006906
1.8356426804510844 7.644352393542695 4.746042979829521
1.8356426804510844 7.651104628352426 5.398908842458753
