2.809046776826467 7.6126813701176665 5.534465163765809
2.809046776826467 7.056244882159955 4.985813269488553
2.809046776826467 7.5016701335230405 5.322211926207756
2.809046776826467 7.5016701335230405 4.749724562693354
2.809046776826467 6.603180582060773 5.400024825434848
2.809046776826467 6.737647449380258 5.219768563532427
2.809046776826467 7.572919000940775 5.080658466164943
1.7683767113268911 6.486947309676502 4.439374036618727
1.7683767113268911 5.998392578752583 5.136555905192908
1.1614531709360745 7.585357405447327 5.217264606072449
1.1614531709360745 7.585357405447327 4.2481342911728
5.8943875727965604 7.241013071762477 2.7830643482973256
5.8943875727965604 7.116678104103009 4.611093472584769
5.8943875727965604 7.116678104103009 4.8434104488409275
5.8943875727965604 6.298389366988253 5.733330521199107
5.8943875727965604 7.715199989790811 4.7489014282399635
5.8943875727965604 7.715199989790811 2.4353252109374144
5.8943875727965604 5.758214769831568 4.820828498793051
5.8943875727965604 5.758214769831568 4.452867839989912
5.8943875727965604 6.649478896532262 4.9259232137919255
5.8943875727965604 6.649478896532262 4.300759834884071
5.8943875727965604 6.678607834960104 5.992949675286693
5.8943875727965604 6.044955562510069 5.732048145125915
5.8943875727965604 7.153268191728852 5.498622354805531
5.8943875727965604 6.628740539693528 5.7687427975437995
5.8943875727965604 7.154055739023637 4.581380175546924
5.8943875727965604 5.873367165085369 4.751780741851345
5.8943875727965604 7.548946735108139 6.543477545284281
5.8943875727965604 7.7995475239487675 5.680098172390729
5.8943875727965604 7.7995475239487675 5.735210557453042
5.8943875727965604 6.666517074968265 4.631789300277435
5.8943875727965604 6.084763322703324 3.9647673041986207
1.1614531709360745 5.8943875727965604 2.868634195352247
3.537948287657152 6.124422861893972 4.3315567320608475
3.537948287657152 7.5094466697886 6.2189167095191715
3.5205684483460087 6.664694578066108 5.133067805392162
3.5980172448988594 6.664694578066108 5.2746066306769785
3.5980172448988594 4.398790897089135 5.149494286986595
3.5980172448988594 5.899533063825615 4.702802762638344
3.5980172448988594 6.8593940081378975 5.561047161568918
3.5980172448988594 6.942508061444446 6.1592297885298795
3.5980172448988594 8.43594914468348 4.50988334126156
3.5980172448988594 8.43594914468348 6.899788875748149
3.5980172448988594 6.820659378239943 6.7493477138596605
3.5980172448988594 8.860930223631597 6.783888571390432
3.5165577152882617 8.860930223631597 5.405345377785491
3.5165577152882617 6.176669963827539 5.018902111743028
5.622828628545008 5.822225215820435 3.7256346988514304
0.9252943556175492 5.930438730282152 5.058144153362084
5.622828628545008 7.6360725049760365 5.787778950521557
5.622828628545008 6.472908377685588 4.701434987091513
5.622828628545008 8.37095059762861 6.170538049493724
5.472674904247743 8.37095059762861 7.208930998867669
5.472674904247743 8.37095059762861 6.26384545703103
4.8153232663607355 7.592705389309074 4.228666160634346
5.617299153786011 5.472674904247743 3.841862683833343
4.0312176141007185 5.617299153786011 4.590472894794093
4.0312176141007185 6.109296834379101 5.786309937229138
3.6229927426946316 8.562205311734733 5.992760182584117
3.817806279989196 10.040496101250437 7.15565413979739
3.817806279989196 10.040496101250437 6.354463090752413
3.145583323052542 7.684689853096412 4.907566129561662
3.145583323052542 6.638649128010336 5.890224302402166
3.145583323052542 7.773828682765558 5.588983786884357
3.145583323052542 7.543229726724231 5.496872139895104
3.145583323052542 6.22536009363694 4.799558688510978
3.145583323052542 7.618406401379186 5.585921264730026
3.145583323052542 7.618406401379186 4.828610693479826
3.145583323052542 7.618406401379186 5.964233995152678
3.145583323052542 6.561102189045723 5.686472300709366
3.145583323052542 6.561102189045723 5.8987951649307275
3.145583323052542 7.651369153532528 6.898221123824057
3.145583323052542 7.713690608593913 6.10563311129115
5.032202155028845 7.254666332075596 5.854952759200298
5.032202155028845 6.814123847324787 2.935081049791947
3.2542280084608497 5.032202155028845 4.040876802495026
4.471118405146306 7.295951193808374 4.89001550899155
4.150147619079178 7.295951193808374 5.082277432586524
3.139202822003764 5.764554564903115 4.500206014046313
3.139202822003764 7.561267121620061 4.644741523431074
3.139202822003764 7.224383734650644 5.446625550085331
2.6311803958597726 7.224383734650644 4.698989491992369
2.6311803958597726 8.0434286173113 7.134683545480921
2.6311803958597726 8.0434286173113 5.600450775558492
0.43237509630807525 7.211787255673373 4.8080510667708545
3.1413404810056886 7.211787255673373 3.298744886305839
3.1413404810056886 5.791006165554574 4.449741906272334
3.1413404810056886 6.359859299080025 4.429639954626534
3.1413404810056886 7.150315223554017 5.79415855108366
3.1413404810056886 7.150315223554017 6.111752597442089
3.1413404810056886 7.150315223554017 5.944586480439217
3.1413404810056886 6.279117672072697 6.166783765131404
3.1413404810056886 6.498703762755252 5.781432320737715
3.1413404810056886 7.570832585897472 5.7696321589937405
3.1413404810056886 7.570832585897472 5.300657921612222
3.1413404810056886 5.505453230237304 4.720501317717139
3.1413404810056886 5.290600082551787 4.828033168288316
3.1413404810056886 6.325027396656626 4.597364722022835
3.1413404810056886 6.380465119079169 5.297728183848906
3.1413404810056886 6.325027396656626 4.539313439150243
