3.2396870405331417 7.755274197949397 5.293972460200167
3.0942257309869885 6.957701921648161 4.8278877742355615
3.0942257309869885 6.957701921648161 4.638019261002428
3.0942257309869885 6.957701921648161 5.511916674015095
0.9159337310222111 6.232858758393075 3.534118694484342
0.9159337310222111 6.665500473148416 5.30666969869379
0.9159337310222111 5.647798469897367 5.347609885314951
5.8615059960932925 6.339303643004786 4.753455523419432
5.8615059960932925 6.4249524096937805 5.248253855461041
5.8615059960932925 6.4249524096937805 4.795957565140774
5.8615059960932925 7.407378753016694 5.649626752579276
5.8615059960932925 7.407378753016694 4.84562270661966
5.8615059960932925 6.453054847818279 5.539295633013636
5.8615059960932925 6.296090555348691 4.777699550252417
5.8615059960932925 7.288165488429069 4.521645921283757
5.8615059960932925 6.389214856469799 5.96479611434156
5.8615059960932925 6.389214856469799 5.797375077991833
5.8615059960932925 7.58907047447563 6.291221837013733
5.8615059960932925 9.105231036497287 6.781987431243355
5.8615059960932925 8.516578869872582 5.052345340553936
5.8615059960932925 8.516578869872582 6.734827532252941
5.8615059960932925 12.222595176062951 8.01658857580005
5.8615059960932925 12.222595176062951 4.607174346275508
5.8615059960932925 7.442919894444577 4.659098161625678
5.909760095833267 5.937674267925889 4.7239275480063165
5.909760095833267 5.6329127307137625 4.332524934724918
5.909760095833267 6.643878354552118 6.140572615861829
5.909760095833267 6.643878354552118 5.413690128103752
5.909760095833267 6.643878354552118 4.778969773618622
5.909760095833267 6.315877703014998 5.756724274617378
5.909760095833267 6.69963353513727 5.394243364481853
5.909760095833267 6.69963353513727 5.146585467626948
5.909760095833267 6.784357662585716 6.475782106966116
5.909760095833267 7.176992539929904 6.706369136208899
5.909760095833267 7.247717955189126 5.4128122131950285
5.909760095833267 7.247717955189126 4.298931785482093
5.909760095833267 6.188996721883342 4.392330631036205
5.909760095833267 6.629692590937527 5.0906940429932055
5.909760095833267 6.629692590937527 4.68433546351158
5.909760095833267 6.629692590937527 4.3659642955088716
5.909760095833267 7.727920264042593 5.993362815811009
5.909760095833267 7.727920264042593 5.159590938702531
5.909760095833267 7.727920264042593 5.173089594190184
5.909760095833267 6.6016483073692385 5.716634397264476
5.909760095833267 7.542497422415963 5.144675010257973
5.909760095833267 7.542497422415963 6.071943156363674
5.909760095833267 8.092170304038888 6.067513458198522
5.909760095833267 8.092170304038888 4.921628115615706
5.909760095833267 8.092170304038888 5.452839419222912
5.909760095833267 6.334414280781083 4.434113861365154
5.909760095833267 5.213651317742702 4.1898522939487135
5.909760095833267 5.772039141219949 4.8955446038493955
4.9372647037057185 5.909760095833267 4.623481216795521
4.466173251483607 7.3378191855790345 6.296568129827497
1.0169514307499665 7.3378191855790345 4.486297021436121
2.096321994144326 3.1269135596285875 2.427015714629486
2.096321994144326 5.659763761862408 5.260489599362285
2.096321994144326 5.659763761862408 3.9460894445468764
2.096321994144326 8.170465269143651 6.156796258196185
2.7808516496077265 8.170465269143651 5.671806295685336
2.7808516496077265 8.170465269143651 5.741199462896319
2.7808516496077265 8.170465269143651 5.145038106287773
2.7808516496077265 7.640701283263205 4.557789255132181
2.7808516496077265 6.229020234697458 5.784075423839051
2.7808516496077265 8.566754939696274 6.346477176653385
2.7808516496077265 8.566754939696274 4.4218877061211534
2.7808516496077265 6.229020234697458 5.079292909210983
2.7808516496077265 6.291401280816203 5.161293586336245
2.7808516496077265 6.291401280816203 4.424735262958836
2.7808516496077265 6.61551251167656 5.338965216556139
2.7808516496077265 6.61551251167656 5.286040171418383
2.7808516496077265 6.518528524132389 5.701159434473792
2.7808516496077265 6.518528524132389 4.515063634719812
5.073575351115135 7.1575996242132796 3.907805902388643
4.917420330392854 5.073575351115135 3.8940355503979003
5.109599291814359 6.170070177616445 4.5273919867167844
3.2032956474498495 6.170070177616445 4.013764839655117
3.2032956474498495 3.9756133712185435 5.774553643925303
3.2032956474498495 7.645535219178818 5.526534666587501
3.2032956474498495 6.2702950548548415 5.416367128181183
3.2032956474498495 7.587718495582434 6.591374652908408
6.078372253447736 7.587718495582434 4.005404998940932
3.9846567720878565 6.078372253447736 5.434314080026955
3.9846567720878565 6.318967979482128 5.239540682432432
3.9846567720878565 6.318967979482128 5.592747092149922
3.9846567720878565 6.079632119613716 5.43539730811411
3.9846567720878565 6.079632119613716 5.141482114958825
3.51796430463563 5.674555623084505 4.358822015720967
3.51796430463563 5.109815354258352 4.779153585499895
3.0056816362137266 6.606752804153576 4.861051055940706
3.0056816362137266 6.606752804153576 4.67792184985651
3.0056816362137266 6.042695928028731 4.705195015503652
3.0056816362137266 6.20956062956235 5.098041682062909
3.0056816362137266 6.20956062956235 5.024873455075011
2.9684963891194873 6.002489977971813 4.350515597472925
2.9684963891194873 6.57048914498165 6.102551785484856
2.8339964805657556 6.562819537985362 4.007436395742763
2.8339964805657556 4.728273575463241 3.92692692031343
2.8339964805657556 6.6285387853024815 4.670345158045575
1.8011534509436413 6.494393630920854 3.8939767339903075
