5.921804432757106 7.757388890580502 5.369237744437164
5.921804432757106 8.583167729098962 6.562448320446253
3.056662360013292 8.583167729098962 5.912284119762668
3.056662360013292 7.265854083722326 5.7341160096690915
3.056662360013292 6.394438514981918 5.988361961205644
3.056662360013292 7.396930339736286 6.145537574139265
3.056662360013292 7.775685861371922 6.372626260081165
3.056662360013292 7.776957216958692 6.975610864310203
3.056662360013292 7.776957216958692 6.062267636103019
3.056662360013292 7.776957216958692 5.208399332567208
3.056662360013292 7.776957216958692 6.209429782167729
3.056662360013292 6.766287298987811 6.36639240382927
3.056662360013292 6.485989428496385 5.911937875110933
3.056662360013292 6.638603825413195 5.825044401623486
3.056662360013292 6.014019593963308 5.928541239374585
2.919913424290265 6.6318079250357265 4.382446218675918
3.3193011461953756 6.369387795133523 4.934133874226699
3.3193011461953756 6.475735491604965 5.277202564783534
3.3193011461953756 7.590342289834034 6.345719847579835
3.3193011461953756 10.082411676502407 8.922738779643778
3.3193011461953756 10.082411676502407 8.063696837971287
3.3193011461953756 8.118143018028139 5.5498275435107125
3.3193011461953756 7.685773146860095 5.795088715794883
3.3193011461953756 7.685773146860095 6.561830018736185
3.3193011461953756 7.665734634625334 6.564216330659853
3.3193011461953756 7.68749869334979 6.976940598822918
3.3193011461953756 7.453150654561448 5.411088419045865
3.3193011461953756 7.600577908527066 5.635868843075415
3.3193011461953756 7.600577908527066 5.134607913953361
3.3193011461953756 7.484586383483979 5.796574546993197
3.3193011461953756 7.490828654163206 4.353092580196729
3.3193011461953756 6.110019299738106 5.073459374169771
3.3193011461953756 6.260736318882568 4.981828442328861
4.347717093309395 6.260736318882568 4.017933838161953
3.053431970817393 6.444933519850714 4.6498012022331
3.053431970817393 6.550768480264733 4.0203046036918355
3.053431970817393 6.359347997926708 5.578398777954469
3.053431970817393 7.620851275685183 7.020405734236895
3.053431970817393 7.5427441020218176 5.513108362011651
3.053431970817393 7.5427441020218176 4.468962606527359
3.053431970817393 7.277521198465623 5.675729589558209
3.053431970817393 5.703794647168273 4.062776538383634
3.913562849630655 5.987704659535066 2.7268251498276896
3.414480701670659 7.606134352227377 5.200940234444546
3.414480701670659 7.034577568812459 4.894022798057492
3.414480701670659 6.2169835839556775 4.745865531007217
3.414480701670659 7.6626102125592475 6.036553872293914
3.1985827399819162 7.6626102125592475 4.982037474294836
3.1985827399819162 7.6626102125592475 6.049190823228271
2.9189221514479837 7.336610275564551 5.245783720451446
2.9189221514479837 7.336610275564551 5.429595127302398
3.5641015296626795 6.5997257482491705 5.82249660755234
3.5641015296626795 6.425950823666202 3.6901884017801465
3.5641015296626795 7.3382045830788005 6.024189174632953
3.5377301148387876 7.3382045830788005 3.6128963262281792
3.3139120684599033 7.666045569602538 4.7322370581077235
3.3139120684599033 6.219357759655807 6.098533023184509
3.3139120684599033 6.575363543727629 6.134538440487173
3.3139120684599033 7.480863696567221 5.960110477565371
3.3139120684599033 7.480863696567221 5.3069722337672545
3.3139120684599033 5.584702212097543 4.277662986081356
3.3139120684599033 6.163899222467776 5.2609480015915615
4.129361930361711 6.219093263221094 4.613252163583669
5.7289351197323946 5.024884655670839 3.467622560085347
5.7289351197323946 6.633021940990805 4.6185939206877755
4.129361930361711 7.677566111787389 5.913182436148052
4.129361930361711 6.195684416457283 5.399013305858164
0.27740991241511326 6.073468832541533 2.9059335072268753
4.446594712814186 6.7369161606197245 4.561684709048763
4.446594712814186 6.36625769815705 5.417846297178785
0.27740991241511326 6.36625769815705 2.386689317975175
4.962430701402866 6.36625769815705 2.894364627645024
4.962430701402866 6.36625769815705 3.86746104296497
0.27740991241511326 7.514366906856587 5.568190850662727
4.962430701402866 7.700385797762722 5.554939268299757
4.962430701402866 7.741781033000564 5.878984002058478
4.962430701402866 7.73612655273622 6.477640617633429
4.962430701402866 7.73612655273622 5.4720626563393004
5.4132608449210196 6.3176479910068295 2.678950811425088
5.4132608449210196 4.962430701402866 3.0344400573893426
2.8959348491065247 5.4132608449210196 4.144456453402309
2.8959348491065247 3.47244249884804 5.789759456322657
2.8959348491065247 5.863093098883816 4.249874954162404
2.8959348491065247 5.177532670799831 3.724596189433088
4.194892233382578 5.053021030264542 3.757427045331012
2.453128921357934 5.053021030264542 3.836299944684533
2.453128921357934 7.556445572742504 5.769688671832165
2.453128921357934 7.556445572742504 5.202044806315298
2.453128921357934 7.256239157110423 4.667872091738369
2.453128921357934 6.341804913237805 5.887801465703246
2.453128921357934 5.1458364819524505 4.555511902023531
2.453128921357934 6.127240595233651 4.771682827284805
2.453128921357934 6.304893359455356 4.68576824622092
2.453128921357934 6.142939631169003 5.208091671766843
2.453128921357934 6.748010449020221 5.259438789334355
2.453128921357934 6.748010449020221 6.153831824697756
2.453128921357934 7.4977098818494206 5.904421342903274
2.453128921357934 7.573858438231625 4.958948135999022
2.453128921357934 7.151590032160943 5.278561486056141
2.453128921357934 7.151590032160943 5.819109428312953
