3.3590481970248267 7.778772035818735 5.673804947835782
3.2126190735152957 6.950452570668421 5.079212457243283
3.2126190735152957 7.110580228983293 4.696432670510673
5.061711246125981 4.0297027458619326 2.5117925214055856
5.061711246125981 5.034857710270803 2.905422784525874
3.2223188909749436 5.37003283386824 4.007860021308927
3.2223188909749436 5.061711246125981 3.8841521779237698
3.174846586151333 6.603634695788035 4.42169724773998
3.510194222316571 6.603634695788035 3.914980638540392
2.4093243550895527 6.0332218792555175 4.059941887014149
2.4093243550895527 6.0332218792555175 3.5544718821544383
2.4093243550895527 4.138340019534532 2.6042120037741423
2.4093243550895527 4.517229793671284 2.4903976411888498
4.494006596265912 2.4093243550895527 2.4093243550895527
2.4093243550895527 4.494006596265912 2.5592869530507842
3.992651705037599 4.494006596265912 3.0838305706197833
3.992651705037599 3.4313724260985023 2.610876034281467
2.4657254204427272 5.264159921714185 3.782853019294092
5.104354627768988 5.264159921714185 4.8362502856091005
5.104354627768988 5.264159921714185 4.373209260712158
5.104354627768988 6.521901934059972 4.519366302770215
2.52638826879203 5.104354627768988 3.3311331865581804
2.735215196049485 5.104354627768988 2.5294630864063845
3.646316679707621 3.3974085158669785 2.963745247437509
2.4881043702315506 5.983487963988527 3.774188058761981
3.646316679707621 5.983487963988527 5.007711622211454
3.646316679707621 5.983487963988527 4.226985085370371
3.646316679707621 5.8414428821442606 4.192267061335747
3.646316679707621 5.940398138219532 5.53811336082769
3.646316679707621 7.235251909199185 5.541841730544657
5.490103517487007 6.588279054680552 4.053931057912077
3.646316679707621 6.584059907476142 3.6056737423455036
3.646316679707621 5.915565521645533 4.013294840554452
3.646316679707621 6.141573303868984 4.964689250611571
3.646316679707621 6.568731739349111 4.25230243029533
3.646316679707621 5.65612517524497 4.028903236524309
3.646316679707621 5.992807133274233 4.4298387193899265
3.646316679707621 5.992807133274233 4.587981719618506
3.646316679707621 6.516031060036557 4.870282740135563
3.5732913212538944 6.516031060036557 5.078956963372635
3.5732913212538944 6.381000924816583 4.106288802124514
3.5732913212538944 6.836634537726992 5.3165166431426245
3.5732913212538944 7.432987164703357 5.287134171533273
3.5732913212538944 7.432987164703357 5.177370061272428
3.5732913212538944 6.836634537726992 4.816720457095726
3.5732913212538944 6.0973148655289755 4.640349842331063
1.5767417671145236 5.4077414001659 3.4117894216870255
1.5767417671145236 3.975928231289704 3.1688541571248225
1.5767417671145236 4.763478742182926 2.9326377685763627
1.5767417671145236 3.5732913212538944 2.486079347276207
