7.706223135595366 7.11662880126161 5.097269321183
7.706223135595366 7.1356308793468575 4.512776098928911
7.706223135595366 7.1356308793468575 4.3450035190499365
7.706223135595366 7.1356308793468575 5.196133824512982
7.706223135595366 7.1356308793468575 5.209312848993916
7.706223135595366 8.286683537024416 6.361940676483593
7.706223135595366 8.286683537024416 5.574777202657619
7.706223135595366 8.286683537024416 6.049860954631287
7.706223135595366 8.952091098764592 6.540751460644513
7.706223135595366 8.952091098764592 6.002018640060777
7.706223135595366 8.66720955499434 5.085902737499454
7.706223135595366 8.526060570563116 4.035339172786823
7.706223135595366 5.255259557616782 3.7681049591933773
3.8436078202688795 5.241697080864224 3.080909273056969
7.706223135595366 4.5150807561321535 2.265701030951372
1.906152430783266 7.706223135595366 3.3738650916815
1.906152430783266 7.706223135595366 2.513135941353044
1.906152430783266 4.401527573283801 2.0610097998939843
3.8436078202688795 1.906152430783266 1.9061524307832658
3.202981823653126 6.843852171262061 3.900738957537273
3.8436078202688795 6.843852171262061 3.667500668387339
1.906152430783266 3.8436078202688795 2.329217190011584
1.906152430783266 3.8436078202688795 2.0305479993353996
1.906152430783266 1.906152430783266 1.9061524307832658
3.33399257363438 4.790667745452691 3.1265242946818694
1.906152430783266 5.807975720448724 3.546048871557595
1.906152430783266 5.807975720448724 2.527102308188987
1.906152430783266 5.476169996449258 3.4332804524978724
5.673840619546308 3.3385167727856637 2.17736366224147
1.906152430783266 5.673840619546308 1.9061524307832658
1.906152430783266 5.673840619546308 3.884466845556353
1.906152430783266 6.607219802648377 2.6180418604984146
1.906152430783266 6.607219802648377 3.434969384541401
1.906152430783266 6.607219802648377 2.3145356571143045
1.906152430783266 5.598664413993703 2.211320771732882
3.3881577563889747 5.751219007609766 3.089249839037573
3.3881577563889747 5.751219007609766 3.78129049662932
3.3881577563889747 6.148658832179898 3.9262052992164747
3.3881577563889747 5.409569813170801 3.939954927050714
3.3881577563889747 6.110158318337593 3.7251972593769174
3.3881577563889747 6.166328937180243 3.465584696529121
3.3881577563889747 6.2152000655970845 4.042279592786236
0.16701269989168255 6.2152000655970845 3.3208368852801704
0.16701269989168255 0.5825865192052402 0.32684878424305064
0.16701269989168255 5.089911008915987 1.7137178580002042
0.16701269989168255 0.16701269989168255 0.16701269989168252
4.940040500189774 0.16701269989168255 0.16701269989168252
0.16701269989168255 3.257767622640998 1.1180142145837793
0.16701269989168255 4.940040500189774 1.7488855340813119
0.16701269989168255 1.5599547449295916 0.6690730441414436
