6.1579501038343025 7.746371310818576 5.401165239959414
6.1579501038343025 6.599594409551134 5.338246262915084
6.1579501038343025 6.599594409551134 3.841345424748263
2.8138347706337936 6.599594409551134 2.8079828036690344
2.8138347706337936 8.436486153723118 5.738869323195431
2.8138347706337936 8.436486153723118 4.791813688155684
2.8138347706337936 6.028450277886151 4.406474892914521
2.8138347706337936 6.171834735875166 4.80325434682398
2.8138347706337936 7.99232730257769 6.581074068681899
2.8138347706337936 9.253827358340214 7.113250652905237
2.1232430936971878 7.5911761605539585 4.487183702039067
4.193438849205844 5.875137945562383 2.3206691785332816
2.1232430936971878 4.193438849205844 2.7752673221955857
2.1232430936971878 4.193438849205844 3.0562925299302646
2.1232430936971878 4.1874315846622245 2.606471457192809
5.373051695724207 6.241976049204233 3.395887978889505
5.373051695724207 8.17463882337227 5.260140700334185
5.213241281646507 8.17463882337227 4.954219676596379
5.213241281646507 6.610732790108031 4.189379245855137
5.213241281646507 5.680409046904966 3.4325440635281983
5.213241281646507 5.670132392756166 3.793692077569241
5.213241281646507 5.670132392756166 3.86974948839029
5.213241281646507 5.670132392756166 3.6027267910180574
5.213241281646507 5.43059774296642 4.03184031843275
5.213241281646507 9.431453086795532 6.374912493700994
5.213241281646507 10.398869067560023 5.577642387325716
5.213241281646507 11.351888066131302 7.595704833303168
2.8175704199289133 11.351888066131302 5.078852562962158
2.8175704199289133 11.351888066131302 4.535591930082304
2.8175704199289133 7.061900855269563 5.235590648531142
2.8175704199289133 7.061900855269563 4.959434094654335
2.8175704199289133 7.061900855269563 5.2300647377180605
3.047508920832595 5.8328572127034946 4.620543824097063
0.994152911161216 2.767553830494276 3.999649763900164
3.047508920832595 5.537999392692221 3.8558101725009784
3.8873941184058585 7.636637309219246 5.153742961257511
2.767553830494276 7.636637309219246 4.407401754771813
2.767553830494276 7.636637309219246 3.3606056222285186
2.767553830494276 5.775253672186867 3.723845573197172
2.6119065759478812 6.072522126507803 4.081599449710052
1.4401380871415346 6.758774829521304 3.9551649546232657
1.4401380871415346 10.156093830190718 7.226189384007389
2.9223177718392077 10.156093830190718 2.1105962212222407
2.9223177718392077 5.481082082568392 3.460610084854963
1.4401380871415346 5.481082082568392 2.336077847661712
1.4401380871415346 3.6158289354505375 2.6919575243227385
0.9220057462738862 3.6158289354505375 1.9427535399505573
0.9220057462738862 2.8745372944409593 1.986459805585621
0.9220057462738862 2.8745372944409593 1.8173693309201402
0.9220057462738862 2.2865083732802423 1.5283347624314723
