6.097123698794892 7.420752391187516 5.481376710801062
6.097123698794892 8.510951046704703 6.488009481464711
4.4167259686825275 8.510951046704703 6.357295575900003
4.640489579899516 8.510951046704703 4.44077767412558
4.640489579899516 7.688385371869572 5.913233169228159
4.640489579899516 7.688385371869572 5.735125463572759
4.640489579899516 10.346281962240523 7.7510764357472475
4.640489579899516 11.169097662626012 7.910537929213959
4.640489579899516 10.346281962240523 6.689516662172578
4.640489579899516 7.806264058243542 6.429482039555167
4.640489579899516 7.529155224988614 5.691518681759082
4.640489579899516 5.7873944286228785 5.419367225080079
4.175642469196138 6.359156895361231 5.145326634108448
5.425353420713751 6.438348636742571 5.1752141049641045
2.497233119507904 6.438348636742571 4.662521325661791
5.1041907881207 5.425353420713751 2.935097826619004
2.497233119507904 5.1041907881207 4.564941954520305
2.497233119507904 6.467771436423266 4.539746316019581
2.497233119507904 8.088497294713466 5.733230369011362
1.146673544805005 8.088497294713466 2.8361125735266013
3.1953397930561747 8.088497294713466 2.7813130845509733
5.674777864095411 4.810890977437197 1.8744553017751253
5.2403910762886206 5.674777864095411 3.917747969981141
5.2403910762886206 7.005740948823698 4.915782133042606
1.146673544805005 7.005740948823698 1.9967703283074758
1.146673544805005 3.4794823229383174 2.318689104442596
2.6667273089626247 5.2403910762886206 1.8881958112992656
1.809036762193497 5.2403910762886206 1.754915688274402
5.669711198675927 5.2403910762886206 1.6653789602694347
3.5453375430390435 5.669711198675927 2.3096038539217374
3.5453375430390435 5.669711198675927 2.2773470726645275
1.146673544805005 2.4845760219933344 1.5609528025038613
3.5453375430390435 5.707591245367162 2.572153957509185
3.5453375430390435 5.707591245367162 1.6933505588381021
3.5453375430390435 2.958467973474072 1.8963750269526876
3.5453375430390435 3.2849863343067622 2.138133353327018
3.5453375430390435 3.2849863343067622 2.959344838065778
3.5453375430390435 3.500760495765292 2.705046020209987
2.4223752478429295 5.2994061731427 3.9912542932626094
2.4223752478429295 6.1280149490588265 4.219425194688059
2.4223752478429295 5.857213179870595 4.2565287819533815
2.4223752478429295 6.810973063041017 4.788472798030951
2.4223752478429295 6.810973063041017 3.8990580902518093
2.4223752478429295 6.810973063041017 4.05184628773489
2.4223752478429295 2.8344041143179237 2.7634536125670737
2.4223752478429295 6.290140280532764 3.5630523766104525
2.4223752478429295 6.290140280532764 3.402330890518007
2.4223752478429295 6.290140280532764 3.8425720153176908
2.4223752478429295 5.314572079911375 4.187952479712724
2.4223752478429295 6.83092748030775 5.053614155289678
