5.52972572082729 7.341376976461746 5.4827606920251934
6.652313856496072 8.490606977835565 6.920632815320143
6.652313856496072 10.988610899964687 7.662534107544042
6.652313856496072 13.780502799555453 8.381470341782492
6.652313856496072 14.486461254294818 9.464628735233246
5.10948205846184 14.486461254294818 6.68355888338131
1.9459145905508426 6.652313856496072 4.441503198623339
4.0530220941108865 5.699822727102067 4.407503148442926
4.0530220941108865 5.364268739748628 3.8450842872802133
4.0530220941108865 5.711069194578457 4.444513542550587
4.0530220941108865 6.219162954417115 5.458900143924589
4.0530220941108865 6.219162954417115 4.469590174030182
4.0530220941108865 6.219162954417115 3.7615016305228655
5.79654462802117 5.0874783979358895 3.8259779767001754
5.79654462802117 5.8536893303842525 4.6494443304061654
5.79654462802117 6.6805935442832265 4.835613767834542
5.79654462802117 6.6805935442832265 4.522976048471995
5.79654462802117 5.093955948442478 5.302039164744935
5.79654462802117 9.148538149536483 6.038671825009212
5.79654462802117 10.660974789130085 6.8304227858372375
5.79654462802117 6.638721430423676 5.5573750319650665
6.330228730769203 6.638721430423676 4.350896695632422
0.8878633512762204 7.8532968532795895 5.67126496143555
2.5884552790705198 7.8532968532795895 5.572493531515206
0.8878633512762204 6.530083637418635 3.827660712137224
0.8878633512762204 3.362963722661697 1.8662668229554387
0.8878633512762204 3.362963722661697 1.165231887283362
2.5884552790705198 1.4754701315020147 1.1138659590553717
5.105692343730773 6.3599858101727555 2.203959428364511
2.5884552790705198 6.811910030288082 3.9588132653959693
2.5884552790705198 8.509119130998483 5.500796758522187
2.5884552790705198 6.811910030288082 3.987190528393966
2.5884552790705198 6.145579233295695 4.407069414654604
2.5884552790705198 6.145579233295695 4.20705178699105
2.5884552790705198 6.145579233295695 2.386957353580577
2.5884552790705198 5.027605195786368 4.433412368478302
2.5884552790705198 5.2926992976738205 4.325139011922397
2.5884552790705198 6.513566974184059 4.582717620543905
2.5884552790705198 6.513566974184059 4.57733076849724
2.5884552790705198 5.23636237120358 3.9908613901567023
2.5884552790705198 5.027605195786368 3.6652748069448577
2.5884552790705198 6.338275215605176 4.57175225478982
2.5884552790705198 6.338275215605176 3.9132087317154722
2.5884552790705198 6.338275215605176 4.796646367111442
2.5884552790705198 6.338275215605176 4.515281858683071
2.5884552790705198 6.20389133794842 4.442558262076604
0.9054301212697067 6.20389133794842 2.6173179201506804
0.9054301212697067 2.9445434818284366 1.2054441689418989
5.7312783498448105 4.712438004497766 2.698847461091831
0.9054301212697067 6.521611172658638 4.742281108775118
