3.8770016578505637 7.381903407234006 5.7479701941819
3.02201088762984 7.248914230300709 5.15594654987308
3.02201088762984 6.661039196712686 4.239492142949829
3.02201088762984 6.661039196712686 4.704189664022277
3.02201088762984 5.866600074199578 4.586352166567577
3.02201088762984 5.866600074199578 4.1515375864191535
3.02201088762984 5.080149485936001 3.7027880843381484
3.02201088762984 4.559351136002643 3.928304887876304
3.02201088762984 4.559351136002643 3.8445709990371744
3.02201088762984 6.42990295607926 4.9161099842254705
3.02201088762984 7.673838863534055 6.519586623490189
3.02201088762984 7.673838863534055 5.803545561720245
3.02201088762984 11.194240895325702 7.338369289305102
3.02201088762984 11.814620825970023 8.492486144804941
2.9117368017090404 11.194240895325702 4.851934453438867
2.9117368017090404 6.5798359521197405 4.882756732097682
2.9117368017090404 6.5798359521197405 3.8776801774129503
2.9117368017090404 6.095194837512153 4.48550387140143
2.218808326029358 6.095194837512153 3.8550123222272195
2.218808326029358 5.435731453084227 3.8715631870464624
4.966545696514885 5.435731453084227 3.098081858711239
0.4850155848343438 4.966545696514885 1.2849662657526468
0.4850155848343438 0.4850155848343438 0.4850155848343435
3.2881371980979286 0.4850155848343438 0.4850155848343435
3.1278421616931387 5.04964183519386 3.0589859518408513
3.1278421616931387 5.0757476927510865 2.566198468170945
0.4850155848343438 7.040508364506254 2.385530763063158
0.4850155848343438 3.366238972296824 1.6673182778986724
0.4850155848343438 0.4850155848343438 0.4850155848343435
0.4850155848343438 5.66601015245816 1.7434673331870023
0.4850155848343438 6.2641982230487265 2.3181986716767886
0.4850155848343438 5.667088098378642 2.079499435155666
0.4850155848343438 5.667088098378642 2.121748666234252
0.4850155848343438 5.480341770460342 2.406294886998189
0.4850155848343438 5.480341770460342 1.318526722568552
3.2764496937971406 5.590103044319363 1.6271089750763035
0.4850155848343438 7.555946864342324 4.655740302970359
0.4850155848343438 7.555946864342324 3.8182715241937277
1.0073052293861093 5.38139951634572 4.295006873669845
1.0073052293861093 5.2365384646669 3.180593454787236
0.4850155848343438 4.96225144019958 2.17007009512343
0.4850155848343438 4.436042553873808 1.852235092369933
0.4850155848343438 2.729006823412512 0.6217154330470713
0.4850155848343438 5.635920419026203 2.6191842238986704
0.4850155848343438 0.4850155848343438 0.4850155848343435
5.425770289487083 5.701655596002734 2.838577387237642
0.4850155848343438 3.3762317471520054 1.1522193145999577
0.4850155848343438 5.425770289487083 1.625189747446514
0.4850155848343438 0.4850155848343438 0.4850155848343435
0.4850155848343438 0.4850155848343438 0.4850155848343435
