1.7093471428644773 7.772354737529607 5.404899340272281
1.7093471428644773 7.772354737529607 4.471237174903033
1.7093471428644773 8.140938528917586 5.24009217085725
5.459089886929462 8.983899960022017 4.444616787450545
1.7093471428644773 8.983899960022017 5.024811615753989
1.7093471428644773 7.691138538746694 5.49190098278065
1.7093471428644773 5.93456984711321 4.146863597072001
1.7093471428644773 7.411398394335787 5.242352320807469
1.7093471428644773 7.411398394335787 5.372970823949344
1.7093471428644773 7.411398394335787 5.596534192410946
1.7093471428644773 7.411398394335787 5.558575465978969
4.012378091268893 7.411398394335787 4.609611128223126
4.012378091268893 6.6639817972219255 3.8670824838582827
5.636308630245438 4.012378091268893 4.44256690128232
3.2750159224528734 6.57464401530936 5.171702923753408
3.2750159224528734 4.914099325723306 5.2667817572154965
3.2750159224528734 6.609698021646636 5.063902353543937
3.2750159224528734 6.609698021646636 5.508604103994478
3.2750159224528734 7.76492831156661 5.790216869914198
3.2750159224528734 9.237728455947797 5.866017583669535
3.2750159224528734 9.237728455947797 4.890163083085456
2.7755047259706136 9.237728455947797 3.960656244760736
2.7755047259706136 8.309544977769564 5.349644751596727
2.7755047259706136 8.309544977769564 5.34467773350782
2.7755047259706136 8.309544977769564 5.127319985420252
