5.861305300167796 7.689641579492029 5.468052593366578
5.861305300167796 7.549522688256621 6.358400321394421
5.861305300167796 7.549522688256621 5.0346641898291145
5.861305300167796 7.636411026115244 5.405007360262022
5.861305300167796 7.636411026115244 3.909101421073867
5.861305300167796 5.052386642816142 3.1244399718827425
5.861305300167796 7.759923391077777 5.591358304704626
5.861305300167796 7.759923391077777 4.210175996952884
4.572196358387199 6.266828608031396 2.9693188670742985
4.572196358387199 6.285916715045246 3.2419598492820576
5.826719938482814 6.524875507054162 5.662990431580831
5.826719938482814 7.725604836619624 6.096455316945059
5.826719938482814 6.928328152247602 5.992395174650218
3.649408237601176 7.426262888378206 5.495743624786263
4.995411708883907 7.7741071914809705 5.564416937903741
2.6179629190024802 7.7741071914809705 4.155385637619976
4.078918761937313 7.426262888378206 4.111879942237387
5.588583183412773 6.93054698821893 3.5587199964471368
4.928762951914059 5.827430744229286 4.078313985350798
2.8671771221107574 5.588583183412773 4.039914730009488
4.928762951914059 5.588583183412773 3.9484153151061507
4.928762951914059 5.606272146371669 4.522852556159422
4.989570412953196 6.2623157622933725 4.929741133524342
5.813815605550957 7.243273333281701 5.824060727309475
4.551776991958857 7.243273333281701 5.704152594169828
