6.406762482002339 7.75285760961329 5.314554656295792
6.406762482002339 7.610191549414161 4.379067783934772
6.406762482002339 6.520210562735311 5.0136751213199435
6.406762482002339 9.776718106554712 5.895992642044872
6.406762482002339 9.776718106554712 4.2224622567448025
5.327323748789372 9.776718106554712 2.864537248202538
6.406762482002339 5.6206349581211335 4.847144192750809
6.406762482002339 7.745559458629472 4.968585597822144
2.6832396626304207 7.745559458629472 4.429179543357403
6.335858997279892 6.666962772079067 4.615327685685544
6.406762482002339 7.6960049014742555 5.8337160061289595
6.406762482002339 7.6960049014742555 5.383771573669254
6.406762482002339 7.6960049014742555 5.045786971236313
1.33876888323211 6.754040654470295 4.558919441506456
5.859228217742011 5.610595327382583 4.0390175145800455
5.859228217742011 5.301864119982913 4.426343910817515
2.4096623283751204 6.548050438584493 5.198653599247382
3.2355020507061494 5.859228217742011 2.8447325542711535
2.9869359772023754 7.270021077400173 3.986067151805125
3.2355020507061494 7.270021077400173 5.596434268870203
2.9869359772023754 7.270021077400173 4.810250731990667
2.9869359772023754 6.274985985139569 5.13656210216352
2.7697598514749484 7.143802889392509 3.8252947395860986
2.7697598514749484 7.143802889392509 3.636024627362935
2.7697598514749484 6.5343432406563835 3.825612823398158
