2.8609251871970156 7.714245709316007 5.728061711131281
2.8609251871970156 7.714245709316007 5.84942960753669
2.8609251871970156 10.059546648349789 6.1216171501327254
2.8609251871970156 10.059546648349789 6.731793293961097
3.38823599627418 10.059546648349789 5.519843833498227
4.168417659366948 9.247874617985161 5.909353929787087
4.168417659366948 11.345803998568819 6.872662526922812
4.168417659366948 11.345803998568819 5.168577211110442
3.408686917760186 11.345803998568819 6.197239671077026
3.408686917760186 11.345803998568819 5.769885604903922
3.408686917760186 7.764283872906031 5.652357409799944
3.408686917760186 7.764283872906031 5.058578341063745
3.408686917760186 7.764283872906031 5.807333865942423
3.408686917760186 7.764283872906031 5.577833725211528
3.408686917760186 7.764283872906031 5.8328401271993755
3.408686917760186 6.411142632034654 5.737448566893291
4.065383480065172 6.411142632034654 4.092559470348792
4.065383480065172 6.411142632034654 5.228011513091722
4.065383480065172 6.411142632034654 4.801033988885528
5.416697592245292 6.507880265871229 4.168401778321015
5.7404721763954605 6.507880265871229 4.091461692093638
5.7404721763954605 6.6402028061140435 5.764980381974966
3.029337363207134 7.4572771731995235 5.834951760311639
3.029337363207134 9.831006220456068 5.7854027542274755
3.029337363207134 9.831006220456068 4.830684476027671
