4.770244400434393 7.772105361900557 5.48577930669264
4.770244400434393 7.748249651606601 5.220121593260632
2.086455511530055 7.652652851278933 3.714342316256495
6.183423301539531 6.350756578139379 2.624027615612001
2.086455511530055 6.350756578139379 5.264910106331217
2.086455511530055 7.5764784806713745 5.091826962508451
6.05090412233298 7.5764784806713745 5.115545965698875
6.05090412233298 7.5764784806713745 6.15026968342711
6.05090412233298 7.293234581502425 4.59347742415656
3.911375887433828 6.098671965961092 5.415945303798326
3.911375887433828 8.322069400577746 6.782325816949859
3.53570989293214 8.322069400577746 5.44424201047018
3.53570989293214 7.991830609967703 6.650428506234104
3.53570989293214 7.991830609967703 6.332873887940878
3.53570989293214 7.991830609967703 4.337667016646158
3.381819032656161 7.991830609967703 4.141184907655574
6.057164819938318 6.998373914662894 3.489846602364695
4.5526154384374244 6.998373914662894 4.133429494257638
4.539896516211904 6.278427714110325 5.382072068535085
3.381819032656161 6.42502516690357 5.742339840159473
3.657296465517057 6.522409993034998 4.829457115801958
3.657296465517057 7.14025635498599 5.136931441638913
3.657296465517057 7.3858635353091255 5.174679725942851
3.442311233235643 7.6666282575895615 5.291919357014393
2.5517606874704097 7.6666282575895615 4.693163654204276
