5.4993967954205765 7.78112455880107 5.636800521913647
5.4993967954205765 7.381033839354767 5.773028557583684
3.904249298588877 7.1385634915208875 5.185235943185902
5.51184138706105 7.1385634915208875 3.4341784780892564
5.0183500252615865 7.1385634915208875 4.77847801143173
5.609300741390985 6.025727306601912 3.961613212135163
5.609300741390985 5.51184138706105 3.968842976531682
5.609300741390985 7.960898311157365 6.132066170745403
5.609300741390985 7.960898311157365 5.465199767301786
5.2102690230291415 7.960898311157365 4.779322140283387
5.609300741390985 6.667567428964048 5.05168863018878
6.464126730121947 6.909763557225631 6.231418150592283
6.464126730121947 6.909763557225631 5.927563493594894
6.464126730121947 6.909763557225631 4.697971310231345
6.464126730121947 6.617454825154194 5.4548250164067476
6.464126730121947 7.655060432385472 5.690498782568166
6.464126730121947 7.655060432385472 6.421627449202202
4.1902283054538 7.655060432385472 6.874653881541591
4.1902283054538 7.7742223612848225 6.476689037702333
4.1902283054538 8.565337810795981 6.353315832891123
4.1902283054538 8.565337810795981 5.763382241116858
5.390517982452909 6.632126809221159 4.47372341678056
5.390517982452909 6.2734325179503365 4.25984960401515
3.9245128394836155 7.462883464771501 6.174948777307131
3.9245128394836155 7.680076753597842 6.428864383426908
