3.6336259372094166 7.763676141357395 5.377888445712424
3.6336259372094166 7.6891436815061045 4.621508684185344
2.8348700593607963 7.657942672200386 5.067024796579033
2.8348700593607963 7.571829077624427 5.163029753265231
2.8348700593607963 7.441303045925011 4.803206975162724
2.8348700593607963 7.441303045925011 4.43790218592989
2.8348700593607963 6.234389128195449 4.932452127990845
2.8348700593607963 6.234389128195449 4.736360292899954
2.8348700593607963 7.160532055841395 5.79964382261192
2.8348700593607963 6.255401113022273 5.654166759044033
2.8348700593607963 6.57665302413756 5.666093599463112
2.8348700593607963 7.721097750213492 6.191752816962395
2.8348700593607963 7.721097750213492 5.208398217385081
5.651494820660776 7.721097750213492 3.6594393226617985
2.8348700593607963 6.754211011753577 5.998527886752717
5.0696637735515075 5.651494820660776 3.7924786693411625
5.0696637735515075 6.0226236217445575 4.089731781118584
5.69626902184962 6.0226236217445575 4.583051444275694
4.750940975317562 5.782177278882429 5.132341076449823
4.5298562604529735 7.32706401546902 5.563528337195224
1.7599779010627654 7.32706401546902 4.846935077335107
1.7599779010627654 8.152307435886401 4.23079622534845
1.7599779010627654 8.152307435886401 4.413140098768771
1.7599779010627654 6.799776569446951 5.54119167663662
1.7599779010627654 6.953847007985072 5.409597174907588
