5.386279470933832 7.768353397514733 5.245888818289875
5.386279470933832 7.6162969379955126 4.532542789749776
5.386279470933832 7.3404183232249025 4.69004625658823
4.1216727009721374 7.3404183232249025 4.463738949508598
4.1216727009721374 5.386279470933832 3.8835914976951678
4.1216727009721374 6.252449790330939 3.7413586607240505
4.1216727009721374 6.252449790330939 3.9408083253615347
4.1216727009721374 6.120835839558541 3.452337008875058
4.1216727009721374 4.500782402866655 3.4135555142331655
4.1216727009721374 6.64426877271411 4.5235173249797755
4.1216727009721374 6.64426877271411 4.007221444384238
4.1216727009721374 5.6334701806996 3.9072135458637587
4.1216727009721374 5.6334701806996 3.4843836873619343
4.1216727009721374 5.6334701806996 3.4228925605022984
4.1216727009721374 7.159670396510744 5.219274606525778
4.1216727009721374 7.159670396510744 5.572226678545307
4.1216727009721374 7.159670396510744 5.589672630836105
3.3797983502077824 7.159670396510744 6.1115394265780365
3.3797983502077824 7.2598512532647135 6.442784816513183
3.3797983502077824 7.658472792231819 6.674953435742924
4.457557507678754 8.557379962841548 6.227435219348966
5.242170549655562 9.243476475728778 4.69627500893955
5.242170549655562 9.243476475728778 3.795450175866305
3.1293948384648087 7.234356120298212 5.5608797880641525
3.1293948384648087 8.097810670381646 5.372867723025073
