4.9886034564270645 7.773578019205086 5.381779412784186
4.9886034564270645 7.635766048820493 5.9337367392633436
4.9886034564270645 7.635766048820493 5.942955025595193
4.9886034564270645 6.613981650608011 4.525979917954868
4.9886034564270645 6.613981650608011 4.203433160546125
1.7650712359248968 6.613981650608011 4.328805822821824
6.021082871169128 6.502284441408065 4.9599615071785506
4.9886034564270645 6.522188621329786 4.834076444948361
4.059729266431109 6.522188621329786 4.828219335369522
4.059729266431109 4.507183216212166 4.934739966885639
6.57430524921303 6.544879543446385 4.146752984612343
3.8202123872600464 6.57430524921303 5.15447585020782
3.8202123872600464 6.57430524921303 4.5779578331180995
4.387556409483665 7.599776260873918 5.383384808539795
2.973627730792782 7.599776260873918 5.4738199248637285
2.973627730792782 7.599776260873918 5.708152490544589
2.973627730792782 6.428451963409447 4.209777892054852
2.973627730792782 6.369332900760419 4.574934194459781
5.775000386693975 6.362093835657966 4.175908664047131
2.973627730792782 7.171480974865933 5.285516360130059
2.973627730792782 7.171480974865933 5.475746823423824
2.973627730792782 6.7828436173109115 4.546225718479738
0.9515772063602097 6.7828436173109115 3.6614706738100034
4.916105799112053 6.018797670831194 2.850616989151898
3.7854680718836353 5.84083626447396 4.963342742658409
