3.8654938995005463 7.747650690352444 5.615120691361839
2.7747212412009863 7.635366919876544 4.901495097040468
2.7747212412009863 7.497173117641498 5.32595085800308
2.7747212412009863 7.234399855965025 5.097296058843121
2.7747212412009863 7.234399855965025 5.5992638896489915
2.7747212412009863 7.280385471743481 5.563208814462785
2.7747212412009863 7.310736291138461 6.161411434104273
2.7747212412009863 7.310736291138461 6.195620694117383
2.7747212412009863 7.630220355327731 5.991060994872481
2.7747212412009863 7.630220355327731 5.64907661118597
2.7747212412009863 7.630220355327731 5.291743753689887
2.7747212412009863 7.630220355327731 5.6787434288677225
2.7747212412009863 6.608198835899987 4.7443612650656934
4.15966998080318 6.608198835899987 4.801274323549119
2.7747212412009863 8.3562121002303 6.5868877069587155
2.7747212412009863 11.937339548247204 7.544612977955128
2.7747212412009863 12.18059355295788 6.0780842521591545
2.7747212412009863 12.18059355295788 4.792511738506181
2.7747212412009863 6.673464173064776 4.9327355442829335
2.7747212412009863 6.705344272920907 5.731008295508103
2.7747212412009863 6.705344272920907 3.9445553968720217
2.7747212412009863 7.0419864618936625 3.2370670758435653
2.7747212412009863 7.0419864618936625 5.127212650079766
2.7747212412009863 7.0419864618936625 5.4116265100098335
2.7747212412009863 6.9358865452455944 5.2498859285656065
