5.711236120755704 7.72845087620362 5.559485200662598
5.711236120755704 7.298933325435213 5.4107052592558365
5.711236120755704 7.298933325435213 4.54787089938748
5.711236120755704 7.216976783568466 6.2785748687630125
5.711236120755704 7.262474387820383 6.137157872384625
5.711236120755704 7.262474387820383 4.52081341866086
3.7007733182735625 7.262474387820383 4.694887985907309
3.7007733182735625 6.450170049995471 4.928156903224469
3.415400383272115 6.24121029276942 4.803113825778816
3.0633944150459667 6.489159038098133 5.388002808375592
2.8021893969069542 7.738392464204882 3.923331569469854
5.152642489440645 7.738392464204882 4.431914688844005
5.597542289905359 5.850604208217703 5.20519747780435
5.597542289905359 6.270605279765313 4.482774901140206
5.597542289905359 6.529136456449301 5.043654715777998
5.597542289905359 7.122505532926953 6.145125899295555
5.597542289905359 7.439788986198723 6.463834237847705
3.2141300631005163 7.691337244551679 5.9355642302759115
3.2141300631005163 7.691337244551679 4.990241847856543
3.2141300631005163 7.691337244551679 5.24568006649584
3.2141300631005163 6.3129913849295285 5.44461810293039
3.2141300631005163 6.442801068110423 5.169591105624611
3.2141300631005163 6.320668352843565 4.9943224699030235
3.2141300631005163 6.95708652951118 5.198060208801508
3.2141300631005163 6.95708652951118 5.564051994052931
