2.6327034951748485 7.719140318979639 5.583587096853016
2.6327034951748485 7.719140318979639 5.058174399243342
2.6327034951748485 7.719140318979639 5.323578839680453
2.6327034951748485 7.719140318979639 5.315120517244465
2.6327034951748485 6.660344182342477 5.2652430383512785
2.5953730020408554 6.61883845889869 5.290419837285616
2.5953730020408554 6.61883845889869 5.155302622279681
2.5953730020408554 7.658671962177788 6.005249227473683
2.5953730020408554 7.658671962177788 6.349867741897234
2.5953730020408554 7.658671962177788 4.6232252406763745
2.5953730020408554 6.341884428338819 5.255321746598161
2.5953730020408554 6.46134728108397 4.769778800458942
2.5953730020408554 7.0755009503550745 5.12304675847946
2.5953730020408554 4.27493676664157 4.910896404238407
2.5953730020408554 6.881942449965541 6.221439302012695
2.5953730020408554 6.881942449965541 4.1122125266800875
2.5953730020408554 6.881942449965541 4.4217186278465475
2.5953730020408554 7.728090633008657 6.178422060294135
2.5953730020408554 6.591285223385295 5.31047785153599
2.5953730020408554 6.591285223385295 5.115885884661392
2.5953730020408554 7.602336970536015 5.547354516066124
2.5953730020408554 6.591285223385295 5.83861653383145
2.5953730020408554 7.656571163986927 6.232996685878456
2.5953730020408554 6.655823791615639 6.169651070247475
1.691189846621786 6.842887777661568 4.17537255954584
