5.8013807139125575 7.768629276812062 5.7303284003775365
5.8013807139125575 7.768629276812062 4.739043984822116
5.8013807139125575 7.545469746379641 5.262916519349265
3.1254603166466244 7.482579561661289 5.686366707615938
3.4147283827299515 4.76843871606636 6.075818285020899
3.1254603166466244 4.593787614354913 4.618951243878665
3.4147283827299515 7.499271839914593 5.207187896260678
3.4147283827299515 7.499271839914593 5.61582018332269
3.4147283827299515 7.499271839914593 6.312377149879662
3.4147283827299515 7.14341998005656 5.523040519288527
3.4147283827299515 7.14341998005656 5.120933750168847
3.4147283827299515 7.14341998005656 5.312100736262409
3.4147283827299515 6.5761223208177455 5.967999843783189
3.4147283827299515 6.893411090982333 5.457635300814509
3.4147283827299515 6.893411090982333 5.551101128141693
4.987084982964852 7.593951592406082 5.8790572960434595
3.4147283827299515 7.642748151594025 5.363675532537964
4.040401179773337 7.642748151594025 4.843661136080432
4.040401179773337 7.293835204534318 2.8103142697781696
1.7148883049861898 6.518923749417411 4.463409887127648
4.838279092435016 6.518923749417411 3.3741157040308063
4.838279092435016 6.555736682718575 5.164410714585097
4.838279092435016 6.555736682718575 3.7305263086960667
1.6354492241622727 7.333849156143966 5.26181042204561
1.6354492241622727 7.333849156143966 4.411857765097473
