3.6234437635801986 7.649633120721532 5.471072812017481
3.6234437635801986 7.615665286552183 4.183063009573092
3.6234437635801986 7.221696623681224 5.238313951718856
3.6234437635801986 6.324783350470568 5.089719504105338
3.6234437635801986 7.3658184960576545 6.002263860236166
3.6234437635801986 6.244008527825592 5.5439923335051375
3.6234437635801986 6.244008527825592 4.7462596152234475
2.947422981939486 6.7170865711086805 5.564598718430253
2.947422981939486 7.7764907939189385 6.430484629093579
2.947422981939486 7.709673219939724 5.061597106225816
2.947422981939486 9.065716827284085 6.801020281871787
5.149636758369738 9.065716827284085 4.799173690706666
2.4467411654424187 9.065716827284085 4.004657620890613
1.318859008318349 7.656643070700746 4.326638255668261
5.892540130858059 7.656643070700746 2.6598261728785184
2.6031256248358017 4.384722370406404 2.3998757453902226
2.6031256248358017 5.972214451256097 4.464261501393642
1.710305815876659 6.053893412967312 4.750263953303598
5.892540130858059 6.053893412967312 4.246817460725766
5.892540130858059 7.59897395426867 5.494681161385234
1.710305815876659 7.59897395426867 5.19957337455461
1.710305815876659 7.59897395426867 4.3398721541840395
1.710305815876659 6.389617539240945 3.590974923939401
1.710305815876659 6.389617539240945 3.8041127510452317
1.710305815876659 5.152112424783052 4.4534971236169945
