2.335691790566138 7.77295943892241 5.251940348575605
2.335691790566138 7.735162802892262 4.100592903867358
2.335691790566138 7.735162802892262 4.508106034631635
2.335691790566138 6.1588742729831445 4.826961512784646
2.335691790566138 6.1588742729831445 4.125535987940636
2.335691790566138 5.775499299502471 4.198364464539981
2.28971967427923 6.1386202706362205 4.0249378786301255
6.350210088861484 7.537662020678873 4.279175880785472
3.4822148640188293 5.424579106192077 6.377453854486618
3.4822148640188293 7.776266957311977 5.8800419635118875
3.4822148640188293 7.776266957311977 6.073947164242389
3.4822148640188293 7.317444194881093 6.2564229401829845
3.4822148640188293 6.401019100395988 6.059513854402492
3.4822148640188293 7.267817463257016 4.797231081583758
3.4822148640188293 7.720582106013632 5.558162983095442
3.4822148640188293 7.720582106013632 4.930086258146269
3.4822148640188293 6.530842778218872 5.009384995202661
3.4822148640188293 6.39684799881746 4.799205252667616
3.736860324062747 5.646178443601727 4.011224378145697
3.736860324062747 6.5977428488742085 4.55202990097209
3.736860324062747 7.57994143084418 5.048437966459767
2.8100891213970844 7.57994143084418 5.375578119583942
2.8100891213970844 6.2657178662960185 4.863323428037914
3.736860324062747 6.827393043373876 5.598647918573754
2.8100891213970844 6.827393043373876 4.3741278097194005
