3.1049712669482052 7.765650203667862 5.33686078615822
3.1049712669482052 7.398256879159478 4.730224122512304
3.1049712669482052 5.583314707633701 4.252817746089172
3.1049712669482052 5.598350328812472 4.333521353436896
2.352876494965884 5.598350328812472 3.7106767610502533
2.096989142580665 5.598350328812472 3.3236717598866887
4.631317561982538 6.84791261560955 5.08586921100697
4.631317561982538 6.84791261560955 5.921576172605734
4.631317561982538 7.776362686339349 5.968687615377673
4.631317561982538 8.372376684440736 6.865579129624183
3.1049712669482052 8.372376684440736 6.246158401290578
4.631317561982538 8.372376684440736 6.067323051393914
5.744956757162242 8.372376684440736 4.509690124524642
6.199596201558705 7.905189604918547 4.175502856533136
4.631317561982538 7.905189604918547 5.513432025435143
4.631317561982538 6.597684682582251 4.4616527567178785
4.631317561982538 7.3450940951444394 4.6314942994747295
4.631317561982538 7.3450940951444394 3.585624084382789
4.631317561982538 6.6673263751839755 5.246451714970199
3.3369216265247137 7.652070213154348 6.036933852006112
3.3369216265247137 7.652070213154348 5.0148544594257025
3.3369216265247137 8.877238486753889 6.23182988094102
5.894673206527234 8.870886191915805 4.938705127697202
5.894673206527234 6.256364647293054 4.744737991670246
3.314968929218893 6.59939866662603 4.873878670586317
