3.948411933878497 7.705704733855253 5.493799542099182
3.948411933878497 7.628938787544204 5.6590347358770385
3.948411933878497 7.534268309206013 4.807445473415027
3.948411933878497 7.534268309206013 5.507063130916728
3.948411933878497 7.534268309206013 6.045337005296618
3.1943865741307644 7.448888216663482 4.611533326989629
5.028358745158712 7.448888216663482 5.30020899411943
3.948411933878497 7.460731745151616 6.2262292838895625
3.948411933878497 7.460731745151616 5.9733549578871195
5.965186997228596 7.460731745151616 4.267892621140163
2.834548355679687 7.373484435538108 4.583074652272296
3.495206989502883 7.373484435538108 4.473498517040541
2.922061610950639 7.406207802972423 5.599343124958319
3.495206989502883 7.406207802972423 5.407542712288706
4.161738701077237 7.406207802972423 4.645167463846861
3.495206989502883 7.052713077189486 4.036890407977831
3.495206989502883 7.052713077189486 4.39971023638678
3.495206989502883 7.052713077189486 4.956431155458302
3.495206989502883 6.3278109113026915 4.5608341531123395
3.495206989502883 6.3278109113026915 5.269541230943625
3.495206989502883 6.5100002742590135 5.23188685969586
3.438869633343977 8.259503065356508 6.267965074167609
5.819554610042189 8.259503065356508 5.088194873781036
3.438869633343977 8.266874951537359 5.999844842262173
3.438869633343977 7.699080349753631 6.280461934990613
